0.06938975
0.13270713
0.00413271
0.9669987
0.03276064
0.15471218
0.98606238
0.12946812
0.39868809
0.46865291
0.06732109
0.71802252
0.86230259
0.93876638
0.26644519
0.07537325
0.2562944
0.48016718
0.77224277
0.09788385
0.71302603
0.90471689
0.49226629
0.08421931
0.73409621
0.39740621
0.9659497
0.79774901
0.25463937
0.69793349
0.24198702
0.84464622
0.80126379
0.03797714
0.68713608
0.91954408
0.41645345
0.92329625
0.1346146
0.47295132
0.84965391
0.07724878
0.73758424
0.94734514
0.35418027
0.95896967
0.35111425
0.88174847
0.17026478
0.09724543
0.00261502
0.84049046
0.02046051
0.26137627
0.30319516
0.03328929
0.03945347
0.95427786
0.87598206
0.02157907
0.8116086
0.67909702
0.38991245
0.58729596
0.26830459
0.74251305
0.23006204
0.16630853
0.09686342
0.62507064
0.4134007
0.12540271
0.89897383
0.53504131
0.97126814
0.14240762
0.90722708
0.79679658
0.78505768
0.95162169
0.56383051
0.36660368
0.78563796
0.2902754
0.86208157
0.31636909
0.28297877
0.49060825
0.93699829
0.81036984
0.07883393
0.20495619
0.12468057
0.83587513
0.0913971
0.29227107
0.34372057
0.61933202
0.05532065
0.88212636
0.3660587
0.82208783
0.96309914
0.33922905
0.9210729
0.6198946
0.52510944
0.65272012
0.70265057
0.10703174
0.66403851
0.05637618
0.58751984
0.25574334
0.71057903
0.22625287
0.54595688
0.81968042
0.9240755
0.52541082
0.17315393
0.95876995
0.26520404
0.16755447
0.73631028
0.51681127
0.58504427
0.80707613
0.81881179
0.06967796
0.35208141
0.93262914
0.45607938
0.94390064
0.14118956
0.85493009
0.29324039
0.07657555
0.77646472
0.09305164
0.40216499
0.39838452
0.37550877
0.04058035
0.55137343
0.93700914
0.17366406
0.66689641
0.14411527
0.87373857
0.12343928
0.03795033
0.07399578
0.29348988
0.55141219
0.85271507
0.71202673
0.41148173
0.15700104
0.49706984
0.59646496
0.67323187
0.38860294
0.91242329
0.13425545
0.79560707
0.95104791
0.09122594
0.355179
0.90922749
0.23269228
0.77150954
0.37964875
0.49242218
0.82859017
0.65815759
0.14108357
0.57827026
0.36024813
0.77631868
0.63364283
0.77464916
0.81588539
0.14755385
0.5084575
0.66100056
0.90372202
0.31096737
0.85157772
0.38127538
0.44730603
0.79690121
0.8710146
0.73075737
0.73466982
0.26871089
0.66950958
0.71540284
0.3017211
0.63406881
0.27309556
0.78113516
0.86050177
0.90199807
0.85361686
0.06580692
0.18443748
0.87228119
0.71006279
0.26807212
0.50714855
0.51488034
0.50760136
0.90515632
0.52531026
0.66091002
0.50052498
0.52412337
0.75326666
0.43917184
0.15224936
0.93210199
0.26625971
0.32939615
0.92475343
0.07701254
0.20835272
0.44711935
0.33261401
0.54027784
0.1098084
0.05415734
0.16100778
0.95266646
0.78213847
0.86888884
0.23909635
0.4795408
0.13533769
0.23741462
0.23223129
0.61928123
0.27723016
0.57334788
0.53159645
0.59023256
0.77705476
0.76429806
0.56821126
0.96981674
0.45960898
0.19195903
0.39515026
0.2185336
0.70311862
0.49919646
0.48599151
0.85509708
0.4301634
0.6572629
0.0598843
0.1837181
0.49980241
0.58059435
0.82797067
0.31709334
0.20400804
0.48602756
0.73745347
0.49595535
0.17096053
0.08137849
0.78887902
0.65347425
0.4970717
0.47825748
0.88584168
0.48774943
0.15518778
0.34509137
0.97617614
0.23444989
0.61687087
0.06034811
0.45946328
0.01732499
0.75004008
0.06449269
0.4005852
0.05098215
0.70748732
0.56460577
0.45897
0.76756715
0.3143261
0.69773868
0.42654329
0.97954199
0.98454204
0.30302542
0.55200028
0.78467058
0.50418577
0.35207717
0.4671843
0.38456459
0.46523468
0.47523772
0.22438394
0.50393815
0.68567354
0.63480942
0.83767645
0.73330792
0.44523391
0.42902819
0.82540145
0.41482935
0.24373276
0.70903607
0.03680094
0.16046151
0.98525046
0.22072284
0.4704035
0.22418708
0.98568112
0.42433569
0.75104346
0.24770653
0.19063685
0.52401972
0.03938253
0.30457453
0.07879353
0.70572013
0.20409428
0.43984252
0.48131881
0.94131147
0.53121348
0.8975699
0.87278615
0.18485424
0.72725274
0.49559154
0.92269513
0.73932532
0.14416386
0.02572015
0.71189993
0.28427863
0.93573508
0.22241231
0.90678863
0.5583003
0.77242002
0.68114105
0.47410389
0.98712887
0.18304275
0.77658866
0.14696934
0.08104781
0.18808525
0.39896406
0.07199968
0.34936756
0.48249757
0.48415869
0.63033059
0.63808812
0.58034849
0.5255745
0.09472835
0.42185069
0.26124996
0.55493547
0.51473248
0.63628869
0.32471832
0.46756402
0.74432487
0.44036472
0.31309391
0.979812
0.73330591
0.94052485
0.71657457
0.93805659
0.24114303
0.94509688
0.18132762
0.45538395
0.6118968
0.96788935
0.3380512
0.90485885
0.57897494
0.10400502
0.80494825
0.93630231
0.37037547
0.05697784
0.4442381
0.02959608
0.64524197
0.96888383
0.85710209
0.52370986
0.97588566
0.95549317
0.18379251
0.40779848
0.28390829
0.73874945
0.186497
0.60501871
0.03455018
0.26408887
0.86928177
0.476588
0.61254771
0.28806829
0.77219993
0.54358407
0.45930123
0.24798284
0.39163717
0.68364014
0.86332064
0.93291489
0.50649713
0.67197833
0.16944092
0.96416759
0.13542994
0.6963982
0.89982195
0.5378883
0.12245084
0.48433833
0.07600657
0.85508028
0.52415084
0.57111416
0.27154467
0.25319018
0.58038227
0.35323118
0.34225681
0.60680412
0.6547829
0.21933646
0.76567593
0.12562384
0.42478197
0.0202959
0.00918384
0.62034773
0.79603289
0.28487787
0.83225118
0.01930613
0.05718733
0.56941062
0.37540393
0.25372382
0.6891998
0.27176238
0.11008468
0.43635099
0.32577895
0.40807791
0.98333799
0.20283646
0.87389666
0.69149772
0.76074519
0.02938464
0.6694383
0.10408489
0.47950644
0.13201476
0.16428309
0.38132517
0.97961709
0.23539356
0.37789141
0.40593544
0.22421556
0.26603268
0.06181842
0.84814975
0.82247853
0.96187637
0.03808973
0.23115408
0.45233434
0.82934835
0.4250045
0.80536528
0.76282251
0.00324947
0.71913383
0.685173
0.65841966
0.5869515
0.2820114
0.93506892
0.58364835
0.84791781
0.43501853
0.75770473
0.29101984
0.26702214
0.25564431
0.87952367
0.2158927
0.69984943
0.01787574
0.03341786
0.56956956
0.19565518
0.88666915
0.60243304
0.74586847
0.86722906
0.25193242
0.15875391
0.66227065
0.5629934
0.54381395
0.41368486
0.67470489
0.16820403
0.59423054
0.55632979
0.37253934
0.84404418
0.25778064
0.48832581
0.01039527
0.96730233
0.70438527
0.31994348
0.75170858
0.02520323
0.90493513
0.98573013
0.42774584
0.4724597
0.50802973
0.62524015
0.26876913
0.95826757
0.65290836
0.00392182
0.94165433
0.43486433
0.65989956
0.97900062
0.86072496
0.42036146
0.55393265
0.29188115
0.90269559
0.59073129
0.02883585
0.57163141
0.25164036
0.59175746
0.89325915
0.10144103
0.35670745
0.15567769
0.56393732
0.8508713
0.28994391
0.71658241
0.15720303
0.22371631
0.25238155
0.6085882
0.13358417
0.54313746
0.98956846
0.40427436
0.56867133
0.76706129
0.82053141
0.2963264
0.55668833
0.21458468
0.88941835
0.17397152
0.17483662
0.85281222
0.03549854
0.59610179
0.03124647
0.93695193
0.52501098
0.23712797
0.51688117
0.39629032
0.16479077
0.32736638
0.80679852
0.25799223
0.27499785
0.20897106
0.94195953
0.37045016
0.44520778
0.29849921
0.60074882
0.79685207
0.47244153
0.572719
0.96542845
0.93969171
0.1064893
0.15623023
0.62874068
0.05687327
0.90121086
0.41842087
0.25211252
0.14180358
0.35444154
0.1189874
0.40563169
0.64502862
0.83473759
0.35758867
0.81259372
0.50225503
0.77640481
0.69260703
0.85290566
0.49373635
0.60205846
0.05762627
0.12181775
0.78106173
0.97894451
0.25719921
0.64083839
0.61121223
0.39494944
0.47962568
0.29428807
0.48248469
0.0481852
0.89573097
0.18825395
0.29175017
0.76488911
0.20302543
0.78618816
0.53980122
0.98424861
0.75076852
0.23081326
0.13863077
0.88523163
0.31708882
0.13857905
0.5119935
0.73389653
0.26352586
0.47868475
0.38854264
0.83094062
0.69447154
0.7925039
0.33938286
0.12364041
0.61191605
0.92241202
0.5790743
0.426303
0.02931598
0.26851099
0.71579581
0.24510418
0.97530592
0.62337741
0.68007702
0.09621551
0.94024011
0.18141159
0.88018954
0.64362977
0.56856161
0.37367141
0.11869999
0.09836796
0.02371868
0.35446258
0.74273536
0.21634727
0.47006195
0.14609873
0.36282874
0.53455108
0.15090843
0.44393445
0.72965882
0.14571278
0.5147826
0.72849384
0.46454206
0.83163917
0.3652901
0.95147981
0.72155378
0.28132185
0.95448171
0.33153046
0.48386218
0.52881809
0.628231
0.91471694
0.83675832
0.41379349
0.21333313
0.00507572
0.24120731
0.61017789
0.77287626
0.36468519
0.83623245
0.53281516
0.13756918
0.13047487
0.17710601
0.64546679
0.97220648
0.5993338
0.53717851
0.43060182
0.06133365
0.61578681
0.38177162
0.46078531
0.68686138
0.59917402
0.38721136
0.09839754
0.65144131
0.84077446
0.41588951
0.81789324
0.09528391
0.15421968
0.90414702
0.88129986
0.3913963
0.61640351
0.90692752
0.10563955
0.27900233
0.46689615
0.00689631
0.02892161
0.07150477
0.28855656
0.21195514
0.82088966
0.94373867
0.91377714
0.02757529
0.06763028
0.19534713
0.28980369
0.62761441
0.44017178
0.98125267
0.30684384
0.15921999
0.31615511
0.81419573
0.43777638
0.60789705
0.70778649
0.08098126
0.2531647
0.94863635
0.41022859
0.70658931
0.53036134
0.69450024
0.28554839
0.2702646
0.08734746
0.05861267
0.84183065
0.49321609
0.13155197
0.95550523
0.30764917
0.30313331
0.93026882
0.47640457
0.66884928
0.41134973
0.83467345
0.59509373
0.88049031
0.25797914
0.7204869
0.51704265
0.98283239
0.5117547
0.14863299
0.85117452
0.36693525
0.46299148
0.34938263
0.30179343
0.81122561
0.43220833
0.41212316
0.27598507
0.18515636
0.25704502
0.32870756
0.16018651
0.02011096
0.87651266
0.27138905
0.04267993
0.94411028
0.05206879
0.12331354
0.62356795
0.83018213
0.78300239
0.37342677
0.26684093
0.77301844
0.12585123
0.06581703
0.6189235
0.27783329
0.8449597
0.2184409
0.27922094
0.64054195
0.77789349
0.5988398
0.13954493
0.94602355
0.13131259
0.03774088
0.61429858
0.28640501
0.10429878
0.01023154
0.64160433
0.75281009
0.1708819
0.70451885
0.10066819
0.92828971
0.80339917
0.65021926
0.75182089
0.57666452
0.20742648
0.98390928
0.82046251
0.65838519
0.37982409
0.3451744
0.81527015
0.00632167
0.60606275
0.81181785
0.76667693
0.62675417
0.9870573
0.48029605
0.5548685
0.03096807
0.30989529
0.22930836
0.64509659
0.92367355
0.3595387
0.54393477
0.13142732
0.96649694
0.92616937
0.50020757
0.8610107
0.26681124
0.94024035
0.49252493
0.87997638
0.51397813
0.93253538
0.0690124
0.85806943
0.33495472
0.12335526
0.62819944
0.78946394
0.44802379
0.93727232
0.4278589
0.56142509
0.84555762
0.9022147
0.56009509
0.56034265
0.41468063
0.6630549
0.18896521
0.10461223
0.52330043
0.45154196
0.37818581
0.80197545
0.11595308
0.77995891
0.05549585
0.38869125
0.97631594
0.68189676
0.34950845
0.64388616
0.59506945
0.8667144
0.76238148
0.03785549
0.75142672
0.86879674
0.04810782
0.28671667
0.57802858
0.2631014
0.37917832
0.77027476
0.31512282
0.03903028
0.8985573
0.63391992
0.36028913
0.03307468
0.85193186
0.89685883
0.50632023
0.7653622
0.83592838
0.74918072
0.70866811
0.00899416
0.00532789
0.70767917
0.27612454
0.63481551
0.32958825
0.57290863
0.38473418
0.04530459
0.83859961
0.35025695
0.78178086
0.72824211
0.49509256
0.63467559
0.32291506
0.05572311
0.19341227
0.75540704
0.35079764
0.68457459
0.07579967
0.17952392
0.44324377
0.65865659
0.25862949
0.77549263
0.43655246
0.64810426
0.69885059
0.65157218
0.21442173
0.95010544
0.87852013
0.87768103
0.6729815
0.34053359
0.83105343
0.93976846
0.56339957
0.17001903
0.7514491
0.10595646
0.10981924
0.90405968
0.62471052
0.13685903
0.00809883
0.82701118
0.57071429
0.78694082
0.16903133
0.82933344
0.58723841
0.81003048
0.74180503
0.30020105
0.86858204
0.50588736
0.0215908
0.88360564
0.8307198
0.58457105
0.01202558
0.51035498
0.26321718
0.13600374
0.8903574
0.37006834
0.18457297
0.7440063
0.84404455
0.059493
0.59720372
0.8872495
0.08693674
0.27989342
0.2677484
0.32598284
0.4036161
0.05151232
0.4930751
0.24454865
0.96213884
0.50526776
0.83216533
0.43991609
0.13952315
0.33944355
0.91992336
0.54133173
0.06548476
0.14223213
0.90342737
0.1017442
0.2589272
0.94832367
0.01722124
0.1434817
0.12473412
0.66833298
0.30636101
0.15892388
0.54903066
0.93378137
0.94438089
0.75288251
0.20695175
0.35712504
0.32966232
0.02980573
0.4009038
0.32751045
0.95022914
0.71443877
0.06786107
0.51156417
0.95121013
0.72435062
0.05754925
0.7403794
0.03251991
0.69565294
0.73441072
0.81419547
0.3145387
0.65010685
0.93875349
0.98825574
0.73343234
0.70677506
0.71991466
0.14438793
0.3185227
0.00750749
0.56477532
0.29925691
0.4983864
0.46295008
0.78895702
0.40277013
0.47282534
0.52607721
0.58778464
0.85258216
0.11146111
0.98791103
0.95239811
0.51910209
0.72098715
0.52670242
0.2493191
0.63230898
0.89125414
0.43205198
0.47670002
0.03259326
0.45313024
0.40812973
0.74437547
0.41239438
0.46710649
0.98877158
0.25445445
0.57968558
0.185761
0.78304864
0.55428472
0.09011789
0.82747793
0.36601081
0.97423622
0.53600879
0.29050896
0.58168285
0.05553259
0.34351075
0.93516277
0.68523656
0.87938083
0.37589063
0.85110644
0.83007127
0.01000931
0.45477492
0.46956323
0.9256522
0.75270831
0.74997163
0.79797881
0.50187314
0.81109508
0.68548923
0.11166972
0.65858137
0.29797446
0.46392549
0.72622425
0.05221119
0.00404908
0.61478753
0.53802337
0.28566665
0.53452915
0.50509554
0.43550868
0.73619589
0.54286055
0.03180005
0.69792809
0.82205179
0.09525635
0.94308051
0.96316429
0.52329321
0.76530589
0.76355235
0.62311725
0.51815644
0.29464184
0.86697429
0.78846841
0.14578877
0.64331466
0.43022847
0.35409002
0.94410401
0.95642164
0.30512212
0.81244913
0.60740384
0.24111184
0.43792276
0.75315269
0.39338528
0.68037994
0.18916189
0.07100002
0.55411899
0.56140476
0.98806761
0.35495305
0.16146954
0.16200941
0.32608071
0.69620974
0.90784827
0.15722241
0.06830753
0.76947526
0.85746362
0.91264376
0.81567166
0.44301135
0.64623165
0.91043162
0.5006551
0.81708262
0.45166794
0.13502872
0.92126189
0.85807483
0.53895278
0.1770651
0.46862241
0.24206563
0.07699468
0.39564342
0.45812891
0.47478801
0.37372775
0.37828483
0.74362314
0.70762369
0.18271889
0.85769024
0.23121235
0.79074802
0.88985286
0.88328968
0.22980291
0.01521137
0.37802326
0.06344531
0.89218887
0.1950779
0.4093813
0.2278697
0.92695317
0.93987534
0.54775273
0.04916519
0.17753442
0.86068906
0.24781833
0.34670215
0.30748159
0.21483158
0.42134685
0.80630191
0.30166379
0.50036737
0.86943253
0.02455795
0.73142047
0.01265719
0.12715046
0.2170109
0.16313691
0.44487711
0.29290571
0.01340393
0.48223096
0.66176706
0.3632273
0.60768131
0.84059078
0.72677429
0.68158754
0.89592874
0.46387007
0.29488189
0.31465946
0.09226535
0.44815552
0.13409815
0.69516219
0.8729508
0.93471377
0.8822524
0.70329915
0.41819352
0.26717166
0.73837234
0.55783929
0.66378837
0.77425764
0.56833484
0.89661275
0.090793
0.12512072
0.08821239
0.46115416
0.63801246
0.07717367
0.14130456
0.86996932
0.37852227
0.71969104
0.38269563
0.83245402
0.23867243
0.54996512
0.47441359
0.822482
0.165733
0.7148297
0.07253281
0.68979794
0.64881818
0.51381311
0.53069977
0.45462891
0.46061866
0.65088832
0.46079551
0.53861931
0.94368377
0.94919795
0.79347621
0.8421661
0.17659213
0.47659607
0.04869495
0.73318602
0.73057066
0.21900008
0.8936672
0.72759811
0.73190648
0.91153751
0.16692178
0.73843071
0.95171675
0.56384382
0.05733178
0.98573441
0.08011671
0.30538808
0.18977317
0.04609347
0.98611237
0.06475426
0.06258656
0.32563975
0.81336593
0.67812905
0.09651885
0.39267692
0.22003932
0.73009697
0.07987254
0.43763759
0.2258539
0.25431986
0.1370404
0.42192213
0.30554457
0.63869004
0.94844007
0.16696228
0.0372946
0.73385488
0.45742275
0.06993302
0.7391935
0.96687102
0.68147387
0.54380434
0.55606674
0.58295432
0.4575642
0.55382359
0.69129316
0.47126529
0.66861653
0.34201801
0.7060442
0.90508922
0.72236305
0.33161338
0.5324653
0.95049758
0.73259216
0.25643363
0.79823237
0.36594115
0.60294951
0.59685458
0.26449069
0.67514542
0.51297162
0.07883529
0.50029102
0.2449788
0.95117113
0.73275512
0.42734286
0.77063474
0.42133732
0.7887672
0.42787451
0.74590903
0.9800791
0.08909963
0.90569655
0.02305944
0.17053316
0.2695274
0.87318408
0.06549893
0.49968908
0.59231352
0.22483701
0.35769297
0.52618208
0.4718189
0.27417272
0.62470548
0.42806798
0.1353313
0.31434618
0.17478869
0.66878836
0.54297748
0.65160827
0.2718474
0.96494491
0.5846487
0.09380801
0.12646927
0.67696053
0.38708864
0.21692111
0.62217758
0.61040721
0.56772587
0.90915535
0.38141539
0.94617392
0.64053061
0.0633787
0.6646372
0.48131831
0.50882079
0.27631416
0.2637457
0.89224717
0.55833163
0.49387294
0.53140846
0.57904265
0.30661681
0.32248002
0.34135657
0.08972358
0.67393312
0.08044128
0.50024123
0.40264304
0.42695719
0.51538123
0.49233568
0.43667907
0.07305308
0.26822991
0.24549682
0.08307011
0.70596126
0.93341022
0.00083041
0.49040309
0.58556648
0.11963119
0.18526822
0.92665139
0.72093121
0.28514678
0.18668198
0.71595679
0.34720923
0.89821829
0.96023646
0.59180089
0.05431243
0.7580779
0.56061466
0.37421542
0.16302692
0.79927941
0.26984893
0.45762165
0.37149396
0.78961997
0.13660943
0.80172531
0.58813505
0.44756832
0.94316455
0.1226605
0.23977423
0.79040923
0.3536533
0.48415265
0.0819152
0.50887477
0.22180695
0.56371016
0.40212735
0.82667976
0.97980683
0.93284647
0.27859683
0.91302798
0.47172909
0.55947997
0.4039683
0.50409562
0.5809505
0.19171913
0.82754968
0.67679086
0.40477186
0.70041862
0.6062688
0.16079466
0.52959561
0.49014477
0.55836899
0.97186418
0.92434451
0.93791072
0.56721278
0.56600806
0.5554179
0.46982083
0.40281706
0.09531836
0.33254982
0.62813149
0.13700971
0.96497873
0.72298949
0.07690648
0.10774638
0.36134939
0.41840649
0.0433446
0.26558512
0.55227491
0.4865669
0.9401957
0.94862553
0.82519201
0.3783597
0.20098267
0.18010042
0.54967887
0.84563268
0.35770918
0.92111976
0.79664762
0.44646632
0.3105874
0.49543381
0.92225109
0.65545997
0.24631535
0.15497932
0.56978112
0.62938204
0.62018238
0.58929958
0.01229039
0.98069826
0.18191495
0.34461596
0.17019598
0.14995078
0.30748727
0.19586086
0.37060291
0.28789224
0.77503674
0.02764586
0.27698808
0.11730128
0.17990705
0.12502241
0.03905424
0.37466847
0.46520815
0.11128501
0.53810618
0.84949059
0.51763265
0.59416447
0.89829187
0.6386809
0.45263087
0.05945649
0.54332974
0.66481931
0.35029008
0.10587406
0.57436932
0.88368323
0.39592483
0.75575095
0.27501301
0.32250553
0.1676787
0.80759442
0.3579872
0.14417954
0.13792852
0.5569801
0.80785864
0.27748501
0.55677284
0.144314
0.70170774
0.25626873
0.26850815
0.87369685
0.968265
0.39341983
0.73983273
0.06233584
0.71609459
0.32848722
0.80974916
0.34651525
0.03290944
0.14540507
0.06800304
0.36996503
0.97680378
0.92430589
0.25558266
0.14434439
0.24209009
0.1163634
0.36849136
0.65367236
0.74326016
0.1327047
0.86114195
0.21634826
0.41047815
0.70139947
0.51977442
0.73418793
0.98446203
0.4835915
0.41251826
0.30935914
0.42329398
0.1717169
0.77511986
0.95555467
0.90535683
0.52527296
0.83177392
0.02504168
0.52425374
0.76990253
0.96043857
0.16691774
0.6628949
0.27627964
0.33757098
0.44608624
0.86892575
0.80048423
0.90942415
0.2595998
0.86767492
0.79886859
0.09699791
0.41483956
0.2475094
0.16586113
0.14898947
0.6209603
0.88867676
0.44280008
0.14877154
0.27070031
0.56862224
0.87147698
0.20769747
0.83570889
0.75219039
0.54145912
0.63871141
0.95829294
0.49208975
0.03738198
0.21860203
0.63437494
0.29909963
0.53724126
0.23710754
0.34478795
0.4676037
0.14292656
0.70027361
0.43345097
0.31075089
0.80201022
0.37038862
0.09614149
0.1596274
0.76158356
0.85812312
0.11296098
0.03724037
0.93261546
0.40023459
0.19819884
0.86816933
0.87384786
0.14932298
0.42433635
0.72796613
0.75170228
0.27671015
0.32456719
0.93144385
0.30761941
0.59991908
0.00252937
0.64860169
0.16432629
0.42426446
0.69346048
0.79309638
0.64257796
0.15240305
0.01344572
0.21896434
0.96527637
0.18262654
0.65083205
0.0848414
0.51451418
0.52721151
0.86871127
0.70631031
0.45886615
0.30173929
0.19705424
0.34431602
0.33844603
0.86934304
0.07220139
0.69942259
0.64708619
0.96838357
0.37612577
0.0968388
0.34146172
0.71317974
0.93247526
0.94483115
0.17668684
0.06250749
0.42889885
0.91607277
0.27787643
0.36255461
0.14972417
0.86343269
0.42670986
0.25102574
0.55520415
0.38692918
0.52090178
0.87681268
0.90335229
0.88978299
0.98376154
0.2486998
0.66590472
0.58994427
0.50064024
0.46843248
0.68678149
0.96928828
0.76860922
0.47725877
0.12329963
0.10630752
0.20995843
0.76570941
0.15053783
0.30558994
0.0192767
0.30693412
0.23916114
0.72923903
0.77781007
0.09352132
0.56983785
0.11956688
0.42078155
0.59050651
0.68519945
0.52359617
0.74889648
0.0846928
0.83296525
0.37822187
0.30501396
0.23908609
0.01076001
0.81291278
0.37727147
0.18368953
0.42031138
0.32833799
0.07894791
0.85421197
0.87812654
0.38409911
0.86760207
0.71991419
0.87391736
0.52381551
0.51919083
0.20454486
0.04972708
0.84990016
0.77630138
0.51068953
0.30985523
0.84605536
0.51486277
0.8174447
0.13513226
0.28616801
0.2288913
0.46643871
0.61051135
0.41337801
0.02039102
0.72239246
0.7523035
0.85365085
0.78922218
0.82631834
0.40901676
0.5644834
0.93061984
0.63944743
0.52006135
0.21494745
0.82811432
0.5001416
0.89202271
0.25125992
0.31368178
0.73297854
0.94489877
0.35890976
0.50951514
0.53509863
0.36869351
0.08071255
0.47699217
0.81357341
0.3964201
0.93622185
0.22628201
0.54011143
0.02116375
0.50380153
0.40569781
0.43405128
0.09058896
0.81994058
0.7546793
0.67470025
0.45982359
0.14268488
0.15295156
0.95253828
0.27448688
0.85443711
0.13014762
0.5123313
0.13014171
0.55470652
0.07031543
0.45151871
0.93893267
0.94656438
0.64872038
0.521977
0.16321483
0.32248798
0.26897056
0.93616749
0.82878091
0.18968337
0.51815436
0.30604854
0.43444085
0.83155871
0.68079531
0.0170613
0.70875246
0.74241333
0.76212159
0.66056656
0.37036954
0.10283472
0.51497002
0.96296374
0.93770652
0.93097074
0.66253891
0.91294808
0.78939297
0.88336457
0.33937376
0.43530932
0.29726522
0.5179719
0.28205739
0.69831619
0.39454967
0.34511723
0.69799876
0.56752793
0.67743614
0.64114184
0.88775731
0.71139975
0.33920672
0.01786451
0.68454156
0.6525245
0.85766937
0.44261725
0.45628608
0.14898286
0.63883904
0.06910808
0.67841435
0.01601069
0.89999903
0.6493379
0.70973862
0.69551534
0.37723579
0.43426535
0.15192458
0.79536441
0.32345784
0.61180088
0.77002811
0.47688312
0.38665831
0.4890214
0.59113106
0.92835636
0.1290902
0.21809658
0.86035031
0.7688097
0.63174209
0.2887876
0.36329968
0.41672808
0.35024617
0.78282567
0.86137485
0.37963401
0.0458484
0.00298313
0.83727371
0.32864674
0.31465752
0.37910586
0.94071451
0.1227663
0.65237325
0.73706868
0.64782857
0.27135391
0.24958456
0.37788662
0.10748699
0.32957234
0.26749247
0.62355968
0.46455631
0.89153998
0.56668173
0.70587214
0.33282162
0.8727115
0.08750608
0.4318925
0.7671158
0.32955309
0.61184553
0.57152849
0.92974469
0.78848674
0.07769503
0.45881609
0.4291879
0.3123594
0.25688776
0.29381382
0.29680768
0.62046587
0.51020814
0.22555371
0.02840703
0.82986231
0.06936992
0.44182433
0.84292487
0.76510176
0.57341474
0.78112934
0.42187659
0.18659489
0.31105219
0.57681249
0.66170518
0.23363433
0.63248026
0.31619088
0.89532739
0.83249792
0.189912
0.95990519
0.70987483
0.78789551
0.41732526
0.14523859
0.88734511
0.31125523
0.62609981
0.06743676
0.60821244
0.46774506
0.15865444
0.31950407
0.3409015
0.30286981
0.2859032
0.94101576
0.27812532
0.5691242
0.04326967
0.24844185
0.65168313
0.19010739
0.80550125
0.8620194
0.05579059
0.32151448
0.02732161
0.84684293
0.8172374
0.91227414
0.97139225
0.0395697
0.33098594
0.27559269
0.54418674
0.10488938
0.14854026
0.53022432
0.49131958
0.48177596
0.28904131
0.25259467
0.96454737
0.51455994
0.18504856
0.32729772
0.6994946
0.60700506
0.91986291
0.82162214
0.22948564
0.50169473
0.1534846
0.98651632
0.37520288
0.86116553
0.39091552
0.94722886
0.96094934
0.96971251
0.82780847
0.93443319
0.4011131
0.4072765
0.27162105
0.93508254
0.55312736
0.91074606
0.05503558
0.93046874
0.97241525
0.84429007
0.14583319
0.15432986
0.04283043
0.79243299
0.38105094
0.44995097
0.13507637
0.62250364
0.98411197
0.84328168
0.63520598
0.94647026
0.83358186
0.10826569
0.15908575
0.14017285
0.78141271
0.05272663
0.71562933
0.40030033
0.30821383
0.95140794
0.62679027
0.95214126
0.02603541
0.14645109
0.87022438
0.61498207
0.88721612
0.08494959
0.90484726
0.44763291
0.6871016
0.6940986
0.48524666
0.47665738
0.67942181
0.56046893
0.01624697
0.87754349
0.4107707
0.79366048
0.37967048
0.27227313
0.65361702
0.62354884
0.26626124
0.75799752
0.54190712
0.30620743
0.6108928
0.19973686
0.26168167
0.0587985
0.18488761
0.73057265
0.26055177
0.43206062
0.17551387
0.38761744
0.50091631
0.95673024
0.66947801
0.10961205
0.08051959
0.78555833
0.1036092
0.3149982
0.69783863
0.69236379
0.67105929
0.12190077
0.33611234
0.06045236
0.2756366
0.85618493
0.82133793
0.83839525
0.68779165
0.05143417
0.5187424
0.42123505
0.98703738
0.29489596
0.19827846
0.39333071
0.93049823
0.78152372
0.35256112
0.66088442
0.7233572
0.79186223
0.23939194
0.483551
0.35117458
0.59215633
0.81590718
0.16236121
0.87896553
0.54427232
0.62629369
0.27641848
0.51024009
0.31610501
0.03754285
0.56986671
0.8207551
0.88254088
0.21567488
0.94646233
0.88386184
0.96620039
0.14148771
0.0274947
0.33598307
0.42912914
0.08052994
0.57530762
0.95581944
0.7118231
0.19984431
0.91810245
0.198134
0.55016506
0.45611456
0.06077138
0.68430462
0.0266741
0.33551759
0.00677517
0.93894733
0.69440121
0.17752532
0.30199202
0.03063953
0.90602886
0.18226638
0.25553389
0.34940322
0.57010754
0.6900413
0.38236293
0.28625876
0.76671415
0.76832797
0.61556258
0.0081539
0.68064583
0.46972405
0.29400692
0.08624342
0.66213208
0.75829208
0.50046363
0.70731399
0.22269084
0.08297404
0.37408626
0.56270834
0.63525508
0.81676315
0.95865026
0.6670926
0.84678243
0.4484595
0.45035252
0.85690952
0.69786047
0.28871055
0.30572071
0.68215007
0.27771424
0.0806294
0.15416925
0.45668266
0.6686051
0.72573838
0.46786144
0.01661668
0.59132017
0.11855231
0.70437551
0.16302745
0.95988448
0.48914189
0.8363902
0.13363951
0.35328446
0.54765081
0.14601307
0.54388654
0.48598914
0.15261687
0.75564851
0.44398148
0.30589795
0.11022271
0.78996423
0.48163613
0.00838028
0.0923475
0.37103717
0.6780235
0.1634232
0.93876924
0.40686125
0.77302934
0.7822811
0.79953385
0.79481536
0.80420306
0.12799725
0.2286602
0.33781711
0.7273975
0.13660576
0.86079358
0.24357391
0.78778343
0.2027954
0.40377602
0.0409108
0.09687291
0.74917775
0.87910865
0.25751241
0.21202556
0.14300399
0.87621841
0.88704172
0.32043439
0.72224138
0.15103452
0.42070866
0.80590495
0.0039336
0.803262
0.26768034
0.32423714
0.26892093
0.52618936
0.60780991
0.8936743
0.32585705
0.11052656
0.52080562
0.71125041
0.51691374
0.73096417
0.11118048
0.81278005
0.80057775
0.05491748
0.36858767
0.48016658
0.50020499
0.23207358
0.23097674
0.81618519
0.28327612
0.69412578
0.59771413
0.60113944
0.30848665
0.28459746
0.26704842
0.81812186
0.52436178
0.59125037
0.98444468
0.83398291
0.87085226
0.3310312
0.41291481
0.08020039
0.63857474
0.27345453
0.00174311
0.02578634
0.08026408
0.05012678
0.14953988
0.81626401
0.50998021
0.46833408
0.4457625
0.86944301
0.67684255
0.58990898
0.07134454
0.94573484
0.73133882
0.74164548
0.89137894
0.18362346
0.52302086
0.57014437
0.64821219
0.4840742
0.06527841
0.3603262
0.05631018
0.2203938
0.08659883
0.46354691
0.64317386
0.65026489
0.15764994
0.54751042
0.4771265
0.8669548
0.5633672
0.41604955
0.47918409
0.45673717
0.88539559
0.20151891
0.64146723
0.85302651
0.33929111
0.95404576
0.14914386
0.7655472
0.18869225
0.87328906
0.77965487
0.79016057
0.70000021
0.08803229
0.45304552
0.3295957
0.51239346
0.41552078
0.98451638
0.0956322
0.19871113
0.08768003
0.01920535
0.274737
0.84619491
0.00838898
0.78050864
0.61235554
0.17500174
0.75905572
0.36094434
0.83635598
0.88191581
0.12732338
0.11173971
0.03235745
0.6466739
0.29999175
0.12418498
0.14245595
0.62655391
0.25475326
0.63688565
0.0109457
0.72957599
0.29902409
0.02003103
0.34522452
0.36533734
0.31756884
0.48266543
0.26623753
0.25086801
0.53183393
0.36393298
0.90715095
0.64684927
0.17920723
0.64990455
0.6642808
0.11508737
0.41801017
0.30276011
0.59969244
0.21379746
0.88738853
0.9465906
0.82355889
0.67869782
0.2263071
0.7445052
0.96362514
0.81423721
0.79723671
0.89565519
0.61425984
0.73029733
0.53098339
0.54377055
0.66768044
0.64130714
0.95399032
0.08705795
0.04174382
0.48902962
0.92991702
0.67160091
0.40334552
0.08294668
0.32458657
0.41910601
0.02043707
0.11271767
0.35243102
0.65907256
0.11230583
0.16455714
0.20106595
0.48350111
0.51492482
0.39459816
0.87620405
0.66820428
0.70555555
0.23027147
0.33567982
0.53670096
0.87090005
0.79053842
0.5560424
0.39704636
3.289e-05
0.20565983
0.17023704
0.04902938
0.70952224
0.19874874
0.0567764
0.18674123
0.02467066
0.93016478
0.01550041
0.79474966
0.43328528
0.71735736
0.05104572
0.22457624
0.03082337
0.3495908
0.98848708
0.2026148
0.60307114
0.57567547
0.29081779
0.78028052
0.83278003
0.86214163
0.38959534
0.44999649
0.81504891
0.86446866
0.45360254
0.82263511
0.41171319
0.07248052
0.02147852
0.32634282
0.41136928
0.3785728
0.23092399
0.0125337
0.68280851
0.39633189
0.830129
0.42558333
0.48954205
0.03754142
0.68344021
0.24671864
0.89507183
0.45010912
0.70623244
0.87092374
0.25460658
0.19664754
0.0332295
0.0484065
0.96271523
0.02354941
0.76214937
0.38387152
0.27082064
0.14640689
0.93957785
0.13639496
0.91212052
0.23503168
0.8129842
0.05702612
0.12036315
0.19173543
0.77827646
0.61918402
0.69912961
0.79435971
0.24365057
0.83303659
0.26691215
0.42523966
0.97562266
0.58829701
0.78864736
0.60185864
0.76567504
0.03021961
0.38669877
0.56228782
0.07161696
0.22870521
0.60570052
0.58208552
0.26025303
0.42592574
0.08203699
0.25782449
0.71141595
0.36118252
0.91829374
0.5012137
0.26488884
0.55401966
0.9356024
0.6121227
0.41720711
0.68418886
0.62410598
0.84346709
0.9884643
0.43343339
0.79176516
0.53650201
0.24460778
0.47097389
0.57910025
0.05330636
0.78130311
0.80471642
0.30856942
0.19922481
0.98836212
0.3404305
0.83214325
0.50724816
0.60208218
0.72705276
0.27562919
0.14735404
0.92254958
0.88863879
0.48097111
0.07354239
0.0548595
0.69981885
0.97663781
0.57420289
0.35270317
0.28950082
0.15171833
0.28812991
0.12147922
0.44957288
0.50927838
0.2725773
0.74640077
0.60702787
0.48564106
0.28759821
0.31954196
0.49025618
0.8034075
0.35071032
0.62093181
0.65768002
0.20860997
0.81113184
0.60725485
0.27790606
0.31648397
0.53779907
0.83455023
0.60029788
0.95106781
0.21586246
0.63737806
0.91644663
0.79837719
0.15309483
0.2212689
0.97774657
0.14058555
0.05569591
0.7682234
0.09438049
0.33458183
0.19178518
0.53712929
0.34204076
0.98133655
0.19708689
0.07034611
0.39940875
0.80454234
0.98960822
0.88338607
0.39116029
0.93681376
0.2344758
0.27928594
0.22677694
0.79710724
0.53618394
0.17701244
0.11844777
0.82593244
0.10110029
0.09420111
0.55137045
0.98881646
0.94630204
0.44201027
0.25986131
0.14369238
0.13929845
0.17574208
0.33955558
0.97196499
0.12311702
0.05255062
0.79086837
0.07056552
0.60439665
0.18115197
0.74353332
0.20350345
0.19414643
0.26814097
0.75789862
0.96417632
0.29841308
0.75653143
0.44034196
0.79032773
0.72586592
0.22487348
0.37203681
0.18179733
0.91010648
0.11116762
0.34296869
0.33900576
0.16964026
0.63220754
0.73886508
0.79243143
0.04817036
0.22696723
0.65598038
0.46981731
0.70956164
0.32164385
0.29725523
0.53228183
0.25098117
0.6004527
0.55799194
0.94994317
0.14357898
0.30042466
0.83605755
0.61348094
0.56335434
0.75466685
0.09813542
0.36083786
0.86917515
0.30618435
0.62835087
0.33936511
0.0510201
0.51433049
0.4799738
0.95811838
0.09266243
0.56769044
0.26560724
0.3756072
0.7572012
0.70777982
0.09339343
0.72811393
0.8376589
0.50450365
0.13601913
0.45826835
0.79256176
0.15107997
0.07618333
0.94586856
0.88671066
0.6172687
0.58678007
0.10882073
0.14039995
0.14413976
0.2769681
0.54598918
0.60395414
0.91861232
0.17183039
0.72051411
0.35479815
0.68030947
0.34373667
0.4236091
0.59785165
0.04943478
0.13049139
0.95775179
0.55804927
0.00910296
0.33262795
0.19674268
0.30518741
0.86954509
0.97566527
0.60335919
0.69780986
0.05412103
0.30733275
0.74856301
0.18043974
0.9284526
0.62818564
0.70462557
0.45634054
0.54517979
0.14501768
0.37146744
0.28367627
0.17112174
0.13768098
0.24957355
0.76601406
0.33086572
0.30108609
0.15766814
0.59441445
0.40376427
0.00316828
0.07652069
0.57851532
0.32541944
0.27048734
0.44000873
0.81379198
0.61537724
0.62729158
0.87749651
0.39231818
0.4532611
0.96934575
0.4130959
0.59497928
0.11867075
0.15181033
0.69112511
0.40171297
0.93487199
0.19953267
0.5583723
0.58409743
0.45547204
0.86930727
0.44601181
0.02564039
0.76956467
0.4507569
0.27737708
0.33519222
0.53659882
0.170462
0.59163479
0.33481062
0.40944465
0.95563302
0.07936719
0.0933292
0.88711339
0.41834195
0.01675386
0.09509496
0.34064077
0.25710551
0.82253491
0.8054273
0.76548433
0.15206844
0.67029828
0.75664643
0.58095841
0.20748364
0.93401614
0.63885562
0.07824645
0.0079407
0.68144549
0.47049871
0.73424514
0.44099489
0.74489769
0.70484271
0.16633018
0.36645898
0.97196592
0.46511897
0.21090722
0.64266181
0.54573678
0.67442192
0.85556666
0.52219089
0.29039376
0.61436988
0.6570097
0.59591277
0.34657688
0.03689796
0.55679937
0.5989771
0.23456428
0.8021542
0.58618426
0.13479117
0.59501481
0.78251335
0.22785367
0.94801764
0.0060988
0.4171172
0.92081327
0.46226925
0.31714513
0.17112216
0.13458812
0.41341726
0.90146119
0.21024463
0.6806612
0.15254597
0.28312771
0.05552429
0.39284992
0.93215268
0.28384446
0.93393296
0.96692435
0.15917114
0.07934124
0.49073177
0.07203889
0.09356609
0.47773364
0.46605399
0.06065611
0.93460474
0.59447993
0.3639686
0.06901422
0.63572219
0.96405968
0.33327566
0.15004564
0.00719835
0.90399018
0.69132631
0.50717447
0.35972477
0.544374
0.32410209
0.9862462
0.1919505
0.05493805
0.49554484
0.79744752
0.79830013
0.42895454
0.37242212
0.91099504
0.47171261
0.30027683
0.40402409
0.24821432
0.21479764
0.17289005
0.11347113
0.52074465
0.64536015
0.02413171
0.5506621
0.39500445
0.8576064
0.43622029
0.27175707
0.79570706
0.44293518
0.15750286
0.33980318
0.95349323
0.15669238
0.69756663
0.53821249
0.72923156
0.35079365
0.02465326
0.2446374
0.8499283
0.7212352
0.29741462
0.03861884
0.09455858
0.46537074
0.77403212
0.78877466
0.20268374
0.04836341
0.20967241
0.88771984
0.86086781
0.89903626
0.89872262
0.98536312
0.38251596
0.37122954
0.0008283
0.31673598
0.85931432
0.48790557
0.82501304
0.79046038
0.58885513
0.85900974
0.37447189
0.33220301
0.66715663
0.30127357
0.98760485
0.38448062
0.69422896
0.28933223
0.65573136
0.045653
0.0708509
0.45565332
0.55950902
0.06707843
0.71572151
0.37008444
0.55667806
0.19391103
0.76737124
0.66367558
0.63478887
0.64984088
0.5687491
0.087119
0.05445121
0.82554131
0.6913321
0.93546111
0.83048796
0.28926092
0.56715171
0.66514604
0.29082659
0.66481818
0.90748468
0.64791958
0.68048314
0.02658843
0.01920918
0.1246266
0.24035567
0.87249193
0.84981344
0.82490038
0.64763017
0.01495104
0.843979
0.30572774
0.59283083
0.0843088
0.18120835
0.0232804
0.98284159
0.59743653
0.26660149
0.15690571
0.20029337
0.834158
0.60456221
0.41133785
0.54725423
0.16681224
0.25376259
0.30782544
0.39480421
0.87534727
0.58322428
0.68757105
0.7228798
0.37338451
0.59350452
0.2891905
0.01616427
0.48546697
0.38652388
0.32541101
0.04083391
0.70670217
0.2782817
0.81059571
0.50989959
0.25343045
0.03183511
0.92477154
0.61460494
0.16061858
0.78641816
0.00752625
0.11671525
0.19860386
0.75060276
0.40761703
0.97448276
0.88777694
0.17438849
0.84697024
0.28336453
0.5304371
0.13208971
0.50773196
0.2213578
0.3693221
0.97849901
0.19104044
0.57786325
0.76617813
0.81886184
0.37042499
0.91538459
0.91902007
0.87796979
0.14805699
0.80937951
0.82470666
0.58349688
0.12145851
0.63226472
0.82863776
0.59169611
0.37054091
0.86133582
0.97857769
0.60052304
0.21768322
0.10533457
0.13186466
0.7782921
0.81612486
0.54326186
0.72156556
0.90707066
0.26451556
0.61877199
0.79156808
0.97826124
0.64369346
0.54010699
0.47982027
0.59357785
0.05131323
0.01505072
0.1593386
0.94688539
0.44822458
0.0390279
0.38936572
0.62470907
0.77155658
0.787928
0.11665486
0.34057287
0.94217899
0.68273712
0.31897762
0.05344163
0.59486189
0.72062983
0.44892704
0.77642895
0.22152803
0.94392457
0.43078049
0.89985803
0.65649135
0.64817385
0.45042276
0.04444276
0.90209151
0.65309254
0.35228377
0.32273116
0.70578667
0.0269641
0.82978747
0.47792252
0.06911583
0.8806116
0.39465643
0.37600695
0.75555798
0.31792985
0.3232989
0.38184375
0.73357338
0.93978167
0.94861955
0.88661274
0.21583903
0.84185506
0.17368049
0.45800751
0.44952169
0.22652265
0.41008835
0.78989134
0.3278286
0.35610604
0.26272225
0.80389688
0.19558991
0.45812522
0.5119043
0.08529241
0.45520615
0.31236093
0.15885369
0.85240538
0.29653081
0.28034497
0.30443842
0.2889829
0.78191622
0.59665732
0.85274946
0.09948064
0.71645932
0.76386172
0.66579908
0.05490019
0.76531452
0.43103448
0.78172308
0.15252505
0.14653924
0.77153416
0.3090551
0.04011127
0.17970394
0.65740322
0.53166587
0.70273266
0.63496713
0.91666707
0.58593391
0.24616728
0.98629338
0.95721536
0.22408292
0.73806953
0.60271755
0.85937642
0.07279598
0.01657266
0.85598745
0.60814241
0.47113599
0.24430251
0.38100649
0.35929209
0.65774623
0.08217583
0.24286869
0.9089718
0.64483446
0.29968625
0.10697039
0.045186
0.39430619
0.21247814
0.84252664
0.78870582
0.09119595
0.68622111
0.37233094
0.82054591
0.75359295
0.33453279
0.74317467
0.07637577
0.37801358
0.07150045
0.05096315
0.42543605
0.65464551
0.58469237
0.36515973
0.76097975
0.9606138
0.53090593
0.8999765
0.37138279
0.47967384
0.9636664
0.79269715
0.74404401
0.47900035
0.32462832
0.0517512
0.10051371
0.55916916
0.62653085
0.64909904
0.71002143
0.87887797
0.71997912
0.05797887
0.68329726
0.92277436
0.6664885
0.67750264
0.70906243
0.62324829
0.80640004
0.38160076
0.67432006
0.290449
0.93668382
0.98353865
0.39296311
0.31252918
0.07912648
0.06428928
0.02067428
0.39095097
0.56243723
0.35606915
0.13625456
0.88207933
0.7265374
0.04011907
0.60184949
0.84042831
0.79462167
0.43644545
0.07067989
0.88687415
0.3216153
0.54412901
0.33253237
0.73455103
0.96204588
0.49136917
0.29517396
0.61241231
0.45426267
0.78266313
0.33005802
0.63358045
0.93881614
0.84668856
0.86075662
0.26186853
0.67236861
0.91378818
0.13772516
0.0001252
0.76805746
0.57113537
0.35571711
0.1251747
0.1334768
0.31181057
0.19824256
0.94737144
0.31528443
0.93910088
0.22586705
0.524762
0.03141843
0.76388775
0.40716936
0.17779518
0.30287685
0.401002
0.19382808
0.00562747
0.15454552
0.69099078
0.69424782
0.21491883
0.95259091
0.7849661
0.20970066
0.06775773
0.62861463
0.97657719
0.4829325
0.92047211
0.75311343
0.3261363
0.37895423
0.88891899
0.58239153
0.02720208
0.17615999
0.14177583
0.69427212
0.04034186
0.24048541
0.78476911
0.0308004
0.41392751
0.12160565
0.60407111
0.44955853
0.01019896
0.72643937
0.38754481
0.05752198
0.11088781
0.26695512
0.26223976
0.37961461
0.31979935
0.31176906
0.00285785
0.04602321
0.19323979
0.61047603
0.71816812
0.93266383
0.40218708
0.63656785
0.40391157
0.52024466
0.2365641
0.7954583
0.40078176
0.55555867
0.5333119
0.22371636
0.80985047
0.98983188
0.01827753
0.07228562
0.35185034
0.50151731
0.48878418
0.42469292
0.08222069
0.31632238
0.90856705
0.64058177
0.10393364
0.37694934
0.65115015
0.28106583
0.57921715
0.25727595
0.31433672
0.16981788
0.90190134
0.66143965
0.08825763
0.25077218
0.69237928
0.89340465
0.21593496
0.69524427
0.04372064
0.00458281
0.45112751
0.0431891
0.56535652
0.76480258
0.10542889
0.04810004
0.20219241
0.2311557
0.2101141
0.39734847
0.10901222
0.75326754
0.61347875
0.47472816
0.30977885
0.97294843
0.56661681
0.79118341
0.81360154
0.96461883
0.85231279
0.45017141
0.46698361
0.42946974
0.29098605
0.16208566
0.43109594
0.90506515
0.9055074
0.27142725
0.1248173
0.72277633
0.06393712
0.87171652
0.01806896
0.98602729
0.72961191
0.11876873
0.05800836
0.23492753
0.67716118
0.95062621
0.97369915
0.28804497
0.6967888
0.56296146
0.42864662
0.88721368
0.87282433
0.42564846
0.48139257
0.2308485
0.72356576
0.79024238
0.22956372
0.11066698
0.36073036
0.40920273
0.73671345
0.10677839
0.91723984
0.40058526
0.10141846
0.68399606
0.14477036
0.36167068
0.74029892
0.73442931
0.43446589
0.58534189
0.88236487
0.28480643
0.34777687
0.20540553
0.79575628
0.47431591
0.60114183
0.82925211
0.6799749
0.8612204
0.83726727
0.19596882
0.50724581
0.31169119
0.74269646
0.55422932
0.65246538
0.81520617
0.50390234
0.45833755
0.62808868
0.5306218
0.69899625
0.96786395
0.69761501
0.03474977
0.81532688
0.62276517
0.10091627
0.90334541
0.79599477
0.45812636
0.08769915
0.23387977
0.76874047
0.61115621
0.47653531
0.57436339
0.5589647
0.02542379
0.32813002
0.74512201
0.96279006
0.20088754
0.63004181
0.1795519
0.44453982
0.28972955
0.22126613
0.48900276
0.02499482
0.39645152
0.69910601
0.5183852
0.26169773
0.70822424
0.34480404
0.05985665
0.27551361
0.18925179
0.90748016
0.54105039
0.07801424
0.95816809
0.42409045
0.94430778
0.68870303
0.74485253
0.73487994
0.48484648
0.26041916
0.2889038
0.88333471
0.87119432
0.37066624
0.28724456
0.3319695
0.53310871
0.88802534
0.16174898
0.95343922
0.46042941
0.94417379
0.07729298
0.41622035
0.33983477
0.4235619
0.52260108
0.03957622
0.40561828
0.93725471
0.03185423
0.5374091
0.46061308
0.79819482
0.62772257
0.24434189
0.26512984
0.18782492
0.23423638
0.42060612
0.19924513
0.12979651
0.90970913
0.91337322
0.83712254
0.09787026
0.95278019
0.32354047
0.15228301
0.10984367
0.33940576
0.60914156
0.35223125
0.48796971
0.14810967
0.10836399
0.43277514
0.38395986
0.79013308
0.86831532
0.01046149
0.33765141
0.59757925
0.32102139
0.13267837
0.07303567
0.82823567
0.17475138
0.20115594
0.92898847
0.21150997
0.45255371
0.24967091
0.38618024
0.62005783
0.70459701
0.16246301
0.21771905
0.47181312
0.54688081
0.11861094
0.32074501
0.21405899
0.74886931
0.90412103
0.87081292
0.11675784
0.86401764
0.87513416
0.69759563
0.34160347
0.52494664
0.95227794
0.90613694
0.65714171
0.61762721
0.30270428
0.09932088
0.38593074
0.71718427
0.72986731
0.98914655
0.76807545
0.91954867
0.29960759
0.36145217
0.61325519
0.56482202
0.15206764
0.10087011
0.66595811
0.70358381
0.00017898
0.97160245
0.97845789
0.02922005
0.01554098
0.52754691
0.72838087
0.84613309
0.39277606
0.39866231
0.48613829
0.2753305
0.95992356
0.71981588
0.73084914
0.31567889
0.04279353
0.97671009
0.50159385
0.67216549
0.34187173
0.04164378
0.50688479
0.18350317
0.52222123
0.68307478
0.89985522
0.10396743
0.26981144
0.19618779
0.85308593
0.09255643
0.60609406
0.77457619
0.11466737
0.25798525
0.14958352
0.77200181
0.53880596
0.25440678
0.71186616
0.86835269
0.85951214
0.50254387
0.89421672
0.72081887
0.74357455
0.86957457
0.85920988
0.29148902
0.70872403
0.7619831
0.97220255
0.38191026
0.59565008
0.02627697
0.04313483
0.94777582
0.41418776
0.20393286
0.67821232
0.83733992
0.39365938
0.789234
0.33285299
0.93801996
0.06142585
0.38037674
0.30142596
0.34779808
0.94388802
0.43223448
0.12116085
0.53955587
0.92265094
0.70103534
0.17431429
0.45000965
0.73389622
0.48251561
0.72304151
0.07603752
0.0348967
0.28626255
0.2476675
7.692e-05
0.66106092
0.91871156
0.00970375
0.81924148
0.93095074
0.09197521
0.04480248
0.95347135
0.80770395
0.52283676
0.69926928
0.02342017
0.30018681
0.69834724
0.18193057
0.41755489
0.38436718
0.93474849
0.87847474
0.47746942
0.40288831
0.08976725
0.08512635
0.56308892
0.66944051
0.7592213
0.51436267
0.071735
0.62442094
0.94527047
0.55334672
0.95958095
0.22735515
0.79463813
0.60727956
0.19749606
0.62631469
0.63387629
0.5593898
0.67164212
0.63822655
0.29186604
0.05196142
0.80876223
0.1812394
0.5748519
0.90179164
0.05317968
0.74034181
0.12274531
0.715987
0.76382944
0.82031803
0.09580578
0.48182758
0.35458071
0.47009325
0.02285235
0.77799515
0.3645362
0.28296509
0.39637826
0.24655993
0.10263225
0.74621017
0.3377554
0.11320402
0.53465516
0.14611206
0.43475025
0.26136887
0.74889069
0.53414665
0.41582414
0.08110993
0.42789414
0.31402575
0.59143971
0.51533497
0.28676515
0.06484387
0.02947169
0.6544948
0.79159881
0.37968713
0.27842477
0.907473
0.1799987
0.16706389
0.77556008
0.3489699
0.19365093
0.86069353
0.37506272
0.59632731
0.33871894
0.75963975
0.40364294
0.74987436
0.01321614
0.45173888
0.82331381
0.07741823
0.6646669
0.445262
0.07393214
0.55258864
0.47209576
0.48430785
0.94192523
0.59331615
0.07984064
0.1506695
0.66114756
0.47482632
0.72429352
0.27757175
0.56649818
0.33485046
0.64658848
0.79827113
0.62724385
0.19556679
0.457824
0.11519834
0.46010318
0.76563084
0.90167879
0.46551096
0.37971906
0.42101011
0.32912144
0.05434191
0.20388051
0.14519752
0.56529549
0.34485649
0.18719501
0.5880259
0.71606138
0.39855042
0.48864543
0.75228633
0.62842067
0.32713265
0.67877899
0.133112
0.67243692
0.27879195
0.31452844
0.93442572
0.18061361
0.47204276
0.70076748
0.11464706
0.48687841
0.53167306
0.09150983
0.29180199
0.80592141
0.05737712
0.17128651
0.21229142
0.80215481
0.54082776
0.49651848
0.28662676
0.49865352
0.79337831
0.09849044
0.8085515
0.3288165
0.17610993
0.66991607
0.10435514
0.54611233
0.96976221
0.52207349
0.89037828
0.32266202
0.98962908
0.01493543
0.56513345
0.7462507
0.11547085
0.12635575
0.60544895
0.01947078
0.70756798
0.59588398
0.18860556
0.00038162
0.78754625
0.15267673
0.68489311
0.00282839
0.4316265
0.36721277
0.18705586
0.59158438
0.01537337
0.97768596
0.6932661
0.6614133
0.77847363
0.6930113
0.33022327
0.51819523
0.59990066
0.05350914
0.54540102
0.46137776
0.77073964
0.3144824
0.65004571
0.37848949
0.90514991
0.9464224
0.69135463
0.98870736
0.91077727
0.18630809
0.05589369
0.59898341
0.89809368
0.43871436
0.21115498
0.17239255
0.57233062
0.4537629
0.04616856
0.67956729
0.98135086
0.67491869
0.95287768
0.58847283
0.86512607
0.56753686
0.53591018
0.07505512
0.81369112
0.64764718
0.55604479
0.83318559
0.65694228
0.59596695
0.72068767
0.70965055
0.22695506
0.52609671
0.34508556
0.17377092
0.71583346
0.83146181
0.94584182
0.51788183
0.08519164
0.37943454
0.38898484
0.29469076
0.18155932
0.94639566
0.11617716
0.65096773
0.2991077
0.40713611
0.38722085
0.31844654
0.36197579
0.08126761
0.33070001
0.74151255
0.2313709
0.30394719
0.77737816
0.94190201
0.02553532
0.91212863
0.26914531
0.61369825
0.61715796
0.64365556
0.56996148
0.76236791
0.12906265
0.96258806
0.07315404
0.59871841
0.1370559
0.12436719
0.31892999
0.61452889
0.62908937
0.76427396
0.10472028
0.53522457
0.73457283
0.56889563
0.20834901
0.23393309
0.92269272
0.95598742
0.19274473
0.00127498
0.4924112
0.64659744
0.01782426
0.36551051
0.39054978
0.90633483
0.31503688
0.07980311
0.42889265
0.15499729
0.47385602
0.56120259
0.43725541
0.88959674
0.94730175
0.45283378
0.15923093
0.77799698
0.45302638
0.45655233
0.16207322
0.00432705
0.77598594
0.18940922
0.60052225
0.28330161
0.61568618
0.27815869
0.7356959
0.42236613
0.09311621
0.44222439
0.92354692
0.67033719
0.7754513
0.14334773
0.28144167
0.62295828
0.33299834
0.92579227
0.15690806
0.6876424
0.53493732
0.06016026
0.16929598
0.59499873
0.54123816
0.18079323
0.64671001
0.37022982
0.26783661
0.18097241
0.40701379
0.93770039
0.43056846
0.92055608
0.56773958
0.86117404
0.44999234
0.64993562
0.46734347
0.56369523
0.92570609
0.37840681
0.87851514
0.4462186
0.22197931
0.21639624
0.58590207
0.63439002
0.76907365
0.86846572
0.18229601
0.9663269
0.2608589
0.30845842
0.37932743
0.78883666
0.0040343
0.6768247
0.59489164
0.54510655
0.52441796
0.34287194
0.74533932
0.83309256
0.83310567
0.21977152
0.08725797
0.10476216
0.91345971
0.15380091
0.04005822
0.49195415
0.971736
0.48831195
0.33275379
0.33302268
0.1719611
0.33733984
0.51771655
0.00143956
0.23297096
0.35677488
0.75968665
0.82101721
0.79039542
0.20335765
0.76034876
0.0294406
0.24324412
0.97064938
0.3242296
0.368562
0.14513424
0.49565759
0.42767393
0.32726289
0.2423982
0.60983328
0.18191151
0.25168285
0.68664766
0.12682744
0.98505441
0.3071378
0.20294358
0.76710613
0.38233155
0.42725751
0.41021611
0.07965664
0.38914243
0.18014861
0.48758022
0.44489229
0.46169685
0.88427415
0.20801197
0.41206193
0.5239326
0.58187764
0.05922935
0.21478492
0.00685698
0.73329599
0.12990741
0.59007815
0.0057461
0.43324863
0.64313641
0.56072581
0.96648642
0.98924031
0.40699963
0.5035705
0.56295203
0.30088186
0.05380526
0.24997164
0.75823899
0.21453224
0.22188162
0.62901902
0.74524579
0.54171514
0.57005678
0.46267486
0.27445213
0.89297731
0.89033921
0.57637514
0.65313415
0.93774012
0.70267456
0.78828971
0.4560205
0.3094388
0.95598402
0.88048884
0.12268739
0.24353055
0.15641286
0.93656899
0.4940464
0.34109539
0.90743625
0.52292664
0.91493542
0.00566585
0.7350055
0.44652388
0.46738184
0.03456378
0.41524744
0.33392293
0.13825564
0.00999582
0.09018474
0.76084876
0.51668453
0.37715043
0.52313467
0.79746315
0.6484108
0.20363149
0.91859722
0.9846747
0.53977511
0.15812573
0.13643423
0.06370014
0.01509525
0.74675741
0.85548779
0.24600199
0.31650999
0.17688422
0.84740807
0.87258073
0.43360775
0.83895479
0.93612888
0.00417581
0.30694177
0.11562546
0.02225391
0.21821705
0.16129516
0.38992501
0.92778991
0.83015362
0.2614755
0.01973719
0.97889943
0.0331683
0.69382768
0.23004354
0.19273215
0.18175623
0.37594255
0.29833628
0.47687727
0.88664341
0.84895774
0.17030603
0.16060969
0.43964854
0.94213977
0.51212444
0.11320294
0.56847522
0.40513818
0.9566708
0.72201761
0.04140349
0.38980024
0.12109846
0.62226674
0.77119511
0.71767858
0.06323853
0.6039297
0.03908074
0.06955628
0.75947189
0.28857766
0.53865095
0.97156211
0.02217197
0.40712026
0.62255092
0.1590502
0.74364363
0.74426213
0.06626605
0.93541735
0.73965712
0.25869516
0.85446455
0.66233598
0.4734247
0.95973016
0.93744937
0.78277608
0.55542902
0.25380324
0.7632117
0.24367455
0.85373686
0.53827866
0.49582664
0.33569633
0.55484543
0.62567997
0.67490926
0.57360611
0.87319574
0.84168294
0.06655262
0.98229507
0.35762626
0.51592054
0.03899551
0.96272451
0.13239143
0.00632255
0.1002434
0.67966822
0.96547954
0.18350562
0.49790386
0.67982945
0.10509141
0.49303767
0.49843953
0.01142025
0.47529891
0.35910409
0.87234661
0.3625847
0.98350065
0.52648877
0.2190498
0.39663201
0.04366039
0.39454567
0.02631935
0.88183094
0.29468327
0.26515412
0.02322558
0.16110424
0.39585822
0.55719719
0.68881705
0.14689454
0.01762716
0.57603213
0.04446918
0.68290224
0.89385965
0.66479251
0.10436404
0.60212247
0.84856143
0.77188585
0.30807462
0.70588574
0.71159886
0.06651899
0.8994149
0.71978899
0.58461719
0.60085834
0.65424717
0.00962045
0.56140218
0.88594448
0.0433232
0.84116565
0.21228676
0.33066869
0.40307156
0.42869316
0.98207566
0.74357376
0.61719749
0.00219724
0.50555705
0.47455069
0.78616852
0.06819758
0.51030992
0.20059434
0.84465564
0.82155906
0.53256438
0.71048379
0.43126427
0.89726567
0.62202725
0.83919792
0.45795432
0.67853543
0.58977071
0.80078826
0.5274832
0.68119171
0.78373033
0.78107121
0.94493672
0.0272455
0.81264948
0.56374797
0.12196239
0.29066004
0.2540841
0.44128735
0.37075737
0.44679265
0.47532445
0.39020798
0.27077542
0.02834611
0.71217363
0.76307708
0.31491342
0.75928679
0.02341978
0.89940386
0.34658304
0.0363454
0.84570238
0.83723067
0.23506968
0.03976754
0.25179076
0.75061977
0.87419723
0.62601901
0.50177639
0.73261462
0.29502037
0.27332172
0.15412382
0.19072161
0.22477325
0.37632949
0.20107933
0.71765535
0.02264413
0.64395168
0.05857949
0.88834489
0.64455204
0.39137905
0.92997863
0.33855575
0.21066931
0.92071733
0.05636799
0.28048571
0.1883978
0.46554472
0.93593735
0.33109602
0.63923386
0.49194177
0.42638434
0.03248603
0.52456296
0.31670039
0.09756891
0.66041093
0.82909428
0.85200063
0.2100892
0.42735205
0.12964946
0.28169668
0.34355792
0.88999894
0.84665814
0.10320805
0.70198625
0.18623692
0.52537667
0.60146204
0.30811152
0.45043164
0.11474715
0.34651344
0.02288752
0.71488501
0.28619731
0.51935206
0.28637488
0.03192404
0.00011647
0.03527371
0.28345099
0.90716091
0.25227897
0.78301182
0.12985361
0.28883918
0.56716994
0.26215865
0.63939155
0.36083918
0.00311193
0.93610267
0.35398979
0.21020174
0.65820852
0.20611487
0.39277213
0.61293163
0.34697826
0.85513031
0.04768991
0.07485973
0.06238075
0.48725943
0.71614934
0.62572841
0.30502074
0.71752119
0.53665797
0.89958172
0.72483254
0.57342079
0.30802382
0.95981786
0.26335171
0.37921325
0.86278509
0.49537029
0.5602173
0.4641115
0.15103759
0.4256414
0.22132834
0.4748497
0.21525902
0.00644204
0.02703184
0.5243117
0.97707103
0.5242759
0.42380083
0.23842131
0.17071909
0.72141012
0.07979839
0.71461131
0.3876667
0.49541908
0.94638505
0.14567738
0.42144854
0.84189807
0.85129458
0.33571534
0.27060694
0.33492523
0.8901173
0.03871467
0.25056167
0.02105873
0.28193997
0.28907777
0.94368259
0.48327486
0.92591103
0.95099741
0.39923662
0.91461243
0.92027852
0.8038144
0.79565726
0.82282086
0.68218546
0.76142886
0.74665278
0.95787592
0.68034218
0.57971618
0.6348259
0.15630696
0.39032582
0.52595826
0.45252545
0.49740409
0.09660094
0.54435779
0.23270403
0.69101444
0.16104747
0.04180936
0.26753342
0.01188733
0.30188245
0.44302635
0.51154594
0.7372532
0.121345
0.43506686
0.8866459
0.16395809
0.61360631
0.12742981
0.75929674
0.4356424
0.77387748
0.44194469
0.43998712
0.57317337
0.82076679
0.55845611
0.05879802
0.8253994
0.41888364
0.9455015
0.70731386
0.75143963
0.43975518
0.56061294
0.65011246
0.09628743
0.88515583
0.76804208
0.55260484
0.12364304
0.83893309
0.23041905
0.1395061
0.68842638
0.21856219
0.12789637
0.37387747
0.3014156
0.02512387
0.9108242
0.15494478
0.45160591
0.52650521
0.14029616
0.84115103
0.25319199
0.074123
0.55775374
0.50377352
0.7072932
0.50992851
0.37200289
0.25368785
0.51538827
0.75899492
0.90749151
0.5071721
0.11479089
0.34548497
0.07010956
0.54667504
0.71651966
0.19619387
0.66641282
0.91132923
0.14412068
0.84744086
0.63711703
0.50826673
0.58813623
0.18559436
0.5764291
0.1182588
0.50806612
0.06816942
0.51442172
0.49371856
0.30554514
0.23757352
0.36445225
0.09222413
0.41764986
0.43249497
0.40558311
0.54928964
0.67762699
0.77200718
0.06281821
0.95127689
0.52446279
0.30036928
0.6222987
0.91662448
0.38011226
0.21288031
0.91997455
0.23408137
0.28353666
0.30116945
0.24457708
0.248968
0.131378
0.33451618
0.85416071
0.2779014
0.29905705
0.55741972
0.89609448
0.80395893
0.41975411
0.48753874
0.00058693
0.3873181
0.64189949
0.42205224
0.88016208
0.79422787
0.72664893
0.68160164
0.78978815
0.01854619
0.39408064
0.29675359
0.13403137
0.71715163
0.64249882
0.69774516
0.5116785
0.86125636
0.6393204
0.25845821
0.47986682
0.78655552
0.05295213
0.05717633
0.30402231
0.38013243
0.75185969
0.55355203
0.13193206
0.11958154
0.65082156
0.71386924
0.87800872
0.80040969
0.3421432
0.45752311
0.73045314
0.08535006
0.97880381
0.09424824
0.91477378
0.24454246
0.27227574
0.69445866
0.84832647
0.2266644
0.13134396
0.07179103
0.10608592
0.39777521
0.97345244
0.5796393
0.368106
0.73499996
0.38095553
0.79226664
0.61714087
0.7164367
0.93849752
0.56438109
0.81612592
0.52595488
0.23923662
0.32522772
0.32328811
0.51888513
0.44447449
0.28695472
0.51429736
0.31407423
0.02417489
0.07719939
0.10052563
0.62262212
0.72952737
0.16256879
0.98178312
0.34470889
0.85236438
0.73010868
0.23023297
0.80703703
0.21541181
0.02116202
0.68447566
0.70899794
0.0248441
0.22968959
0.81749436
0.0248006
0.1235147
0.8124871
0.30947554
0.58849044
0.43892028
0.25259115
0.15687379
0.70196742
0.98820242
0.13641525
0.27077419
0.05806672
0.00781714
0.00813755
0.79824506
0.16453426
0.65981895
0.15534759
0.77790579
0.78842043
0.17812122
0.47739205
0.08574824
0.27788256
0.29435964
0.15990711
0.52537109
0.72571188
0.63346241
0.48180839
0.39124389
0.69452831
0.13240218
0.29275614
0.60375568
0.92411867
0.31252726
0.83200757
0.95277365
0.09670409
0.96453345
0.904097
0.89165442
0.98554931
0.31522514
0.27913411
0.56036359
0.01565217
0.12438048
0.34931711
0.7879767
0.89755528
0.89137035
0.43597425
0.73104468
0.10854913
0.35598345
0.98521797
0.6702108
0.19609582
0.05047851
0.46270892
0.66520801
0.1045023
0.69616422
0.34238879
0.3885362
0.96073689
0.59009082
0.01217708
0.62070419
0.92015916
0.11128956
0.00219684
0.05984966
0.81012679
0.28067624
0.44627892
0.64192986
0.78349259
0.0651089
0.96776634
0.59300943
0.79862667
0.75410633
0.89826078
0.47606372
0.32730172
0.56330833
0.39924586
0.86346512
0.42059881
0.64532398
0.1442184
0.55805602
0.40913437
0.39085908
0.61235796
0.50585482
0.53361293
0.72667407
0.38157765
0.21413394
0.18819238
0.68851211
0.03699191
0.79174876
0.49779334
0.97035646
0.58590122
0.64500851
0.50518742
0.39439393
0.60675124
0.19427702
0.90569184
0.89031185
0.41870246
0.88835118
0.77558535
0.63726596
0.77419595
0.2812378
0.83369314
0.74759901
0.44490103
0.97358628
0.09216941
0.92539824
0.49379442
0.01051873
0.24727805
0.26439544
0.97876224
0.87183887
0.59093016
0.54004618
0.74007072
0.44607572
0.59664546
0.8504218
0.8160793
0.3146003
0.17562151
0.29700399
0.65376956
0.57788563
0.17424698
0.56441759
0.26744348
0.60269643
0.39711591
0.89800395
0.98322855
0.24790698
0.85316526
0.04453229
0.46340217
0.2098997
0.53034364
0.20117137
0.417429
0.62899298
0.12624655
0.48423192
0.48474364
0.87553151
0.66991858
0.62306071
0.80528066
0.13208422
0.12886778
0.03244014
0.64119835
0.65750916
0.02851764
0.38978512
0.33485348
0.19893329
0.3014539
0.10203622
0.8047423
0.72853346
0.8320454
0.13321772
0.17052155
0.21107799
0.13024508
0.47363288
0.64078915
0.15918435
0.43411792
0.41337308
0.84717951
0.96408058
0.90426259
0.65248296
0.18920046
0.84461666
0.07170722
0.55895033
0.25175474
0.86297873
0.27779844
0.541142
0.01803395
0.33292349
0.76154892
0.06454138
0.77613294
0.48431914
0.54472094
0.97256175
0.7230658
0.34534727
0.67810932
0.23570328
0.13965148
0.10836535
0.47576968
0.03863596
0.23055956
0.62737119
0.03580478
0.94606811
0.64419859
0.96034935
0.87236725
0.534949
0.38748527
0.5415427
0.8807436
0.53889397
0.75273818
0.22694849
0.61550297
0.15588437
0.63119249
0.15349519
0.00061623
0.15034632
0.09769855
0.26510227
0.75067944
0.29021596
0.30250985
0.46761989
0.56728997
0.83234162
0.60728763
0.33091871
0.14773613
0.71765244
0.53981856
0.0595227
0.62962445
0.3709815
0.58738765
0.68921098
0.17976878
0.69785448
0.68150404
0.13866178
0.35008318
0.23555508
0.18300908
0.24205861
0.48480247
0.88133713
0.92349628
0.65201859
0.43789197
0.30027865
0.43373012
0.78098882
0.7231075
0.76205028
0.20934546
0.17960095
0.03657713
0.06256569
0.19951491
0.91544194
0.89950638
0.76517743
0.51921728
0.09382449
0.37686132
0.005769
0.52657575
0.52262909
0.20538025
0.77188028
0.14161729
0.39765619
0.21199602
0.93051117
0.28382086
0.30081607
0.21290351
0.81381319
0.18140336
0.96571926
0.83234909
0.483523
0.02514238
0.82916583
0.66364752
0.51170958
0.18230714
0.67768451
0.14308446
0.40153198
0.83270315
0.56171457
0.93684528
0.15348291
0.97532263
0.31891945
0.42192111
0.77822963
0.19552625
0.50894674
0.26423979
0.10669063
0.4356688
0.76803581
0.601234
0.5592647
0.24951192
0.31812188
0.62237462
0.19982709
0.82039012
0.97802445
0.63520674
0.35510319
0.77421256
0.00556245
0.08503773
0.13476907
0.16101537
0.78665757
0.77279026
0.10843121
0.88633451
0.52807713
0.00219605
0.30297287
0.98004845
0.91956791
0.68468384
0.6602484
0.34382113
0.28119185
0.26041274
0.62796881
0.29876816
0.77478824
0.580943
0.16526324
0.33260711
0.50150579
0.39939799
0.14972254
0.00403188
0.15651922
0.78448126
0.95723339
0.48936053
0.82465403
0.67489006
0.85013636
0.55883683
0.08518175
0.74619223
0.84798489
0.70508549
0.20316264
0.44150674
0.10773798
0.00212178
0.12520856
0.57270383
0.21104855
0.66437037
0.34179285
0.0782454
0.65739713
0.82029848
0.08114103
0.70766914
0.29081128
0.26102356
0.46983901
0.03107369
0.57879783
0.64134944
0.31047861
0.96859282
0.95658625
0.52497734
0.24856346
0.53560624
0.02378782
0.81269345
0.7496441
0.83959251
0.40199489
0.31280326
0.35678452
0.86025656
0.03226859
0.05855487
0.23495185
0.09310009
0.75340803
0.86517179
0.07329227
0.8785788
0.79529499
0.25614198
0.53511238
0.57216421
0.67570312
0.11262125
0.00039205
0.45578886
0.09115709
0.51363557
0.90436526
0.08733977
0.35916763
0.71319213
0.12299442
0.20598264
0.58941898
0.6887978
0.44351946
0.24160732
0.7066648
0.56050989
0.09692197
0.83492799
0.83228261
0.15165371
0.36140523
0.52461621
0.08609665
0.2770716
0.41449206
0.90589113
0.1794198
0.02711716
0.88825595
0.52983307
0.16644863
0.26373219
0.80619039
0.08621908
0.87649998
0.37541279
0.35884921
0.19526209
0.27926108
0.6848449
0.66396424
0.6283687
0.94497018
0.77307371
0.60158949
0.91440646
0.97239657
0.53097494
0.50660378
0.560434
0.54807403
0.53281655
0.32052152
0.68282302
0.03067454
0.5451396
0.76124068
0.47783533
0.39184365
0.2951748
0.15988922
0.2449537
0.92587033
0.92490024
0.57499483
0.32235285
0.8473681
0.38694742
0.88018403
0.60664681
0.73152509
0.60556635
0.90434121
0.12876678
0.3367589
0.47832965
0.25627754
0.42307041
0.9638546
0.05575662
0.43276905
0.51390334
0.97464409
0.66407752
0.47072878
0.43150029
0.59750231
0.90853972
0.94715233
0.36748261
0.47992832
0.80300176
0.91930745
0.96536668
0.22590276
0.49036803
0.69512132
0.83962365
0.55737607
0.5171288
0.33805686
0.6955871
0.61550769
0.67293513
0.41146236
0.6538225
0.55193608
0.62292813
0.81825887
0.20806794
0.90488766
0.23616956
0.8357521
0.32105427
0.56674674
0.4891208
0.58479299
0.13529671
0.72728464
0.78445074
0.3294476
0.67728185
0.0440741
0.78207958
0.51320841
0.2346041
0.96727002
0.356124
0.22224664
0.76386128
0.4755475
0.74814434
0.29895128
0.32400427
0.54371282
0.8704025
0.04265655
0.97049949
0.31558577
0.85365531
0.51756654
0.91342008
0.25743574
0.01891858
0.21040184
0.86487659
0.66909792
0.72225548
0.65943367
0.98142972
0.63190719
0.61055919
0.95027229
0.78649113
0.43543015
0.03900953
0.12598474
0.15083147
0.01764458
0.1955516
0.62164026
0.82473917
0.35507642
0.22086842
0.4592682
0.84946388
0.26750042
0.9644691
0.87040729
0.72440171
0.45733832
0.15921448
0.22046459
0.87078701
0.96472591
0.87152117
0.30190326
0.83152131
0.05270416
0.18070184
0.96342658
0.98921231
0.94081462
0.25303703
0.93236928
0.36613155
0.61480694
0.5776038
0.86891891
0.56186003
0.84080877
0.36202829
0.49501022
0.85912578
0.41955203
0.0683054
0.4878303
0.73315073
0.63543133
0.97414297
0.02607954
0.58137592
0.11508988
0.71271082
0.01838033
0.16819165
0.90325733
0.71094876
0.37807369
0.98534437
9.922e-05
0.17347023
0.18052821
0.4505972
0.06368395
0.57363328
0.59402421
0.30299063
0.97391584
0.42257029
0.46059508
0.09064349
0.3616324
0.46133318
0.89331695
0.23333881
0.7766645
0.78464037
0.25617201
0.15188995
0.2997542
0.85285586
0.62826439
0.24721043
0.57653
0.84038709
0.13499367
0.45597789
0.51437767
0.63137762
0.6751785
0.43009525
0.71625824
0.94970534
0.27361193
0.05887679
0.51223236
0.28044537
0.48866658
0.07279905
0.09642904
0.53624617
0.80077568
0.95657443
0.249283
0.6895268
0.96846528
0.06724382
0.18766075
0.55011562
0.98538217
0.26991788
0.15453224
0.22275039
0.06401439
0.63449274
0.5016782
0.96382706
0.74061172
0.93101664
0.76167064
0.71172737
0.5622569
0.52037982
0.73422411
0.18547252
0.5508558
0.86353707
0.44604553
0.71502133
0.88473223
0.95279189
0.52195693
0.48704077
0.7192969
0.33023567
0.33079977
0.97512673
0.40331819
0.04517484
0.05425085
0.87304223
0.58728505
0.00099523
0.74832486
0.20372127
0.84349129
0.4848157
0.78315207
0.56328936
0.9635436
0.6629488
0.1042364
0.065157
0.30710622
0.07654656
0.25609772
0.68145605
0.9368371
0.46690014
0.30367763
0.70487753
0.0964423
0.90894429
0.51326813
0.30834645
0.49730517
0.51481276
0.0326768
0.60837638
0.28040933
0.78034837
0.18595628
0.59262608
0.27602622
0.80023156
0.11209346
0.16259076
0.89720469
0.86374403
0.73334351
0.51516145
0.8462648
0.10772238
0.7385313
0.11562889
0.30682
0.02328135
0.7175666
0.55239246
0.06901124
0.63426161
0.09298996
0.07510893
0.272176
0.35388947
0.88636508
0.92142162
0.3422849
0.26833162
0.74706044
0.03630343
0.11857796
0.93029823
0.20220824
0.0410912
0.64045811
0.22359746
0.02898207
0.0552421
0.36730364
0.42455484
0.67957143
0.69598177
0.20658795
0.74813843
0.82906432
0.41283906
0.64146703
0.39759749
0.77326707
0.91789555
0.39537065
0.93466388
0.68109973
0.41368438
0.72948284
0.12993145
0.59250527
0.45211955
0.80185582
0.87048978
0.63113684
0.08180961
0.62518535
0.36669944
0.73138146
0.06716849
0.40916822
0.60709007
0.00030222
0.52862054
0.47898507
0.71781193
0.1533166
0.71249161
0.28506309
0.42140151
0.96672973
0.531644
0.5792719
0.55736427
0.30318143
0.03835246
0.73603031
0.36994307
0.50143479
0.92837502
0.70026004
0.77774443
0.71520539
0.86204272
0.22028213
0.73502871
0.77355418
0.32286081
0.87638194
0.44746873
0.71627012
0.74611027
0.34101471
0.67144344
0.35796478
0.63072884
0.77839491
0.21948468
0.09416118
0.94373413
0.41981725
0.00346992
0.33874212
0.48018837
0.52955419
0.98365195
0.8793133
0.58025188
0.77529659
0.05806007
0.89236408
0.40023889
0.37877365
0.19557143
0.63379988
0.47438268
0.87150009
0.76068876
0.2117091
0.34749358
0.88660361
0.70439703
0.36217278
0.93899
0.4500193
0.25815309
0.04691156
0.3473746
0.15366034
0.4227872
0.40435731
0.13623664
0.28788652
0.179917
0.80404474
0.08310313
0.95692962
0.83967353
0.0560008
0.7940485
0.03070642
0.98595312
0.97779674
0.92548314
0.56064274
0.40731388
0.22473771
0.11223536
0.38652857
0.4372381
0.62883717
0.847262
0.10524394
0.28950128
0.76522208
0.11573345
0.86931023
0.39016222
0.07336361
0.59160263
0.26014596
0.49813298
0.49400435
0.5855272
0.05372205
0.59868893
0.4705449
0.34223134
0.64698751
0.71377225
0.34695405
0.22814721
0.77546391
0.10434836
0.2715352
0.59078969
0.08601072
0.97634537
0.2494632
0.12930037
0.34788037
0.45847263
0.17871499
0.08567264
0.04889891
0.94035177
0.39256316
0.41178748
0.76868181
0.52460055
0.45480386
0.65562175
0.73587068
0.062653
0.51871997
0.87253872
0.41813563
0.43706871
0.95527373
0.55045588
0.10185921
0.04601891
0.05642575
0.51365616
0.48370643
0.72565343
0.39103231
0.69195322
0.69374372
0.14746999
0.04785666
0.10340168
0.25603343
0.64871883
0.93468788
0.26030002
0.46800405
0.94114085
0.80167036
0.32224783
0.24932752
0.61330793
0.82734349
0.37193623
0.92847945
0.01231599
0.57845626
0.60050627
0.40600846
0.63815012
0.16564498
0.07616031
0.93517402
0.85345011
0.4112703
0.50324929
0.05555043
0.64164044
0.22503906
0.62973348
0.69495418
0.30914215
0.48959983
0.25868266
0.28674345
0.28490255
0.02770719
0.19343038
0.09447288
0.47198454
0.19825516
0.18274232
0.05461918
0.56415198
0.49034627
0.51047928
0.55415919
0.64874248
0.11820808
0.62573981
0.29275993
0.24943091
0.45073506
0.94310918
0.75597441
0.79547731
0.04113841
0.15408356
0.56314385
0.94406411
0.45282883
0.25493783
0.04938542
0.64257935
0.65917672
0.48460503
0.87354611
0.42008573
0.76650127
0.14940956
0.34673053
0.27749085
0.27763289
0.01626605
0.84045717
0.10876194
0.74511291
0.93320693
0.33057289
0.60687868
0.68367533
0.06927653
0.00343512
0.0916799
0.57527822
0.73679132
0.43089234
0.35438693
0.61818175
0.21640328
0.58397844
0.23240772
0.26100087
0.2163957
0.38308453
0.8691353
0.57282061
0.95655404
0.44559051
0.20029634
0.75211663
0.1253095
0.31744461
0.52098902
0.08826635
0.49257699
0.33843433
0.13735769
0.76435298
0.20846106
0.86165405
0.47532609
0.47076859
0.28440627
0.97573474
0.28794422
0.06462613
0.37819652
0.18629567
0.02133838
0.96166885
0.61038533
0.42738027
0.31168794
0.90591118
0.07028102
0.87952406
0.09012463
0.8119681
0.62119497
0.97461244
0.41290693
0.5665153
0.50722162
0.63014545
0.2555461
0.4371348
0.60432777
0.92441809
0.96105123
0.18483616
0.15104547
0.51399061
0.77677717
0.20179575
0.95295999
0.09514444
0.68971155
0.10074451
0.78052235
0.39406148
0.53081491
0.40502122
0.72482353
0.36372962
0.57842482
0.17931326
0.63129095
0.55273216
0.16351649
0.36724299
0.37331058
0.25655797
0.30553468
0.88450093
0.04826925
0.97667496
0.20089881
0.20933159
0.63997302
0.9709287
0.07723605
0.17866945
0.02046
0.17233274
0.09021145
0.75539902
0.2024049
0.76017161
0.85278501
0.45673865
0.92146366
0.20371554
0.30895488
0.89540267
0.62354882
0.48786833
0.89829033
0.00089195
0.61880735
0.20532191
0.57139807
0.7390881
0.61220493
0.57134526
0.84554961
0.87472856
0.73328487
0.53106727
0.38345939
0.37937168
0.42079157
0.07636471
0.26139976
0.23814414
0.36486119
0.57692413
0.0856771
0.12770017
0.07621687
0.31688445
0.39620677
0.11883732
0.31529862
0.39790625
0.84028621
0.74686264
0.13269817
0.85141277
0.32714165
0.30679818
0.03372511
0.83838105
0.35796776
0.82413714
0.29680542
0.24165572
0.97564228
0.20939833
0.65302491
0.38328179
0.72173033
0.31946456
0.84518775
0.48765561
0.6476263
0.01430905
0.91333131
0.22167975
0.6671577
0.31911529
0.11213238
0.57550127
0.78577749
0.92759915
0.70909487
0.17448579
0.827314
0.38946032
0.82271417
0.70518327
0.07845566
0.0184095
0.51260914
0.79437284
0.2790521
0.57178222
0.61754136
0.37639987
0.63640842
0.10879926
0.88518907
0.77476743
0.38847783
0.46432967
0.04309171
0.78568636
0.69746982
0.73097177
0.71788099
0.5233777
0.32912611
0.43391996
0.04384093
0.13744873
0.58346526
0.86669147
0.70279765
0.96384292
0.53768085
0.92203119
0.43476072
0.46252788
0.54877028
0.08966069
0.17171273
0.07234272
0.90489072
0.81366179
0.09581232
0.90210841
0.79847048
0.31541192
0.14538955
0.10596771
0.39252617
0.5631574
0.84887845
0.38859684
0.01138859
0.49378333
0.65241961
0.03000362
0.45814345
0.10268989
0.83333264
0.38294105
0.36169383
0.51346028
0.2515526
0.36504362
0.97425576
0.17282954
0.65956282
0.03497705
0.89863065
0.11480758
0.59869673
0.435671
0.48169338
0.51758355
0.30395761
0.98487711
0.94756109
0.57830739
0.58636008
0.30506203
0.0468963
0.46958049
0.7314523
0.3811285
0.55980244
0.52442736
0.21669782
0.27271373
0.58810392
0.12597802
0.68145154
0.80466682
0.57960474
0.14188548
0.6525858
0.60876514
0.32220899
0.73082019
0.93153425
0.98657141
0.90933994
0.66404751
0.03246476
0.88423816
0.62075721
0.88485035
0.15559198
0.84492237
0.58384975
0.97152854
0.80202722
0.93810444
0.5914509
0.91425351
0.82982958
0.12642559
0.98984629
0.24193963
0.16362323
0.28709497
0.59064367
0.25201018
0.55468601
0.62920607
0.45576166
0.37350678
0.34946718
0.0874344
0.26223136
0.89711464
0.57809493
0.31576461
0.87905097
0.55638461
0.39282697
0.71925286
0.46439302
0.71830704
0.6562773
0.54472914
0.25178134
0.66665926
0.04059177
0.55928098
0.77639418
0.22795964
0.43932613
0.43597612
0.79833424
0.56097353
0.67240037
0.94623666
0.9869035
0.39487174
0.06470411
0.28225388
0.02379116
9.588e-05
0.69251475
0.76691194
0.26688103
0.80971608
0.04053448
0.46551837
0.3198075
0.48287693
0.1135029
0.09694106
0.58461765
0.96705176
0.96231234
0.70194064
0.19081653
0.10430049
0.04702625
0.11761657
0.35712476
0.30257002
0.25814989
0.00649714
0.32024077
0.05107211
0.00628654
0.45301692
0.97957254
0.33689774
0.22282434
0.25556054
0.01867461
0.92772404
0.09141513
0.65022154
0.94014801
0.86769943
0.6890653
0.02267852
0.0990798
0.0744019
0.46632939
0.50713343
0.35716004
0.38314662
0.2825291
0.48018868
0.3391966
0.03220127
0.26669891
0.16348257
0.1099651
0.91674872
0.16330226
0.79618887
0.77865566
0.66748848
0.2308422
0.84306773
0.89392732
0.0114748
0.67337069
0.67528386
0.90877777
0.17448054
0.79100041
0.19489038
0.22857878
0.15727144
0.35066102
0.68247226
0.4077986
0.23896669
0.82694809
0.80021523
0.14014981
0.48687439
0.95076701
0.84653922
0.78539636
0.90234021
0.07088994
0.18098867
0.48597592
0.86370638
0.07841899
0.72602201
0.80233604
0.42391717
0.86807738
0.50827495
0.21043315
0.89859895
0.06437824
0.20789136
0.95688911
0.172079
0.69626706
0.02300693
0.32114606
0.28708608
0.33132829
0.85375374
0.98113653
0.44484573
0.26961581
0.80319148
0.87797369
0.02360187
0.81684519
0.41215927
0.79491852
0.94543723
0.97922004
0.54750385
0.54243872
0.80390072
0.06103541
0.58076472
0.31579123
0.04906224
0.55854962
0.42206075
0.27511636
0.91976736
0.27904298
0.47426562
0.05867114
0.84967636
0.00973339
0.93214216
0.46476341
0.53912879
0.57606092
0.92302425
0.09814841
0.3434223
0.6555288
0.05779123
0.59286232
0.25500074
0.36119612
0.49749148
0.58350938
0.6068281
0.63959685
0.25318674
0.13151093
0.92787782
0.61024265
0.66928908
0.8257832
0.92954698
0.12817913
0.67059906
0.8853716
0.41078337
0.26173326
0.2210419
0.65183846
0.22860337
0.82559843
0.91509062
0.69825789
0.08611934
0.69888042
0.65835542
0.73101137
0.90467887
0.57406249
0.96669412
0.81935925
0.66393009
0.45848737
0.89421575
0.96182332
0.92347128
0.45548086
0.53769585
0.23328833
0.92984859
0.76870086
0.38771887
0.5501216
0.36964726
0.13370218
0.22871521
0.81216245
0.05469284
0.08287709
0.86078086
0.86125882
0.22755964
0.04853735
0.6870952
0.01178718
0.8509445
0.75129941
0.41673202
0.66226761
0.00134029
0.02011026
0.25086895
0.52594843
0.97219505
0.36208042
0.82340204
0.74354612
0.03246292
0.17300114
0.8995409
0.70852894
0.97983421
0.3682182
0.72885069
0.42852726
0.41569272
0.24503191
0.68748545
0.58969084
0.44248772
0.92823483
0.64218506
0.97020764
0.4305667
0.94115441
0.29657068
0.13367894
0.78126331
0.70750408
0.67834434
0.84323377
0.09162046
0.93275258
0.3756069
0.55465022
0.58280455
0.07532187
0.00436624
0.66245518
0.87195579
0.61274835
0.63871909
0.06300905
0.97316557
0.21188635
0.98759184
0.15482203
0.2777969
0.97506817
0.65599659
0.58170866
0.87088579
0.27099285
0.16175443
0.44530541
0.00945243
0.38327832
0.58638811
0.09952939
0.88244974
0.96918621
0.64261649
0.1438989
0.5060718
0.67127803
0.53045561
0.41536009
0.43357843
0.44712393
0.48709597
0.79259884
0.02255132
0.31409476
0.05759805
0.86989594
0.30323057
0.16910662
0.11023005
0.21634939
0.35382138
0.18018069
0.97458439
0.37046949
0.50025872
0.92274597
0.04537874
0.90424583
0.81001143
0.31985167
0.32160909
0.14684726
0.39519892
0.38816223
0.4860465
0.75317961
0.08709827
0.7775249
0.71785481
0.59078083
0.06089111
0.23013158
0.77457321
0.73332925
0.6025552
0.32766882
0.9787677
0.75050794
0.07010723
0.40222673
0.43876651
0.87907013
0.10481493
0.96412822
0.17751621
0.60720202
0.37864277
0.73003113
0.37013056
0.97708613
0.37979673
0.41042797
0.83894212
0.65975597
0.03209775
0.96937975
0.63296954
0.21461113
0.5791913
0.50365512
0.50120841
0.63957068
0.22977118
0.07223903
0.00702768
0.69639176
0.24650002
0.66894893
0.27636337
0.51296557
0.77703244
0.49762464
0.00274009
0.67186725
0.69898421
0.92455973
0.83608307
0.21621317
0.23767071
0.50637105
0.22981627
0.7733888
0.42560103
0.12317679
0.29726621
0.66156824
0.79029236
0.3771207
0.74681023
0.20264572
0.12978976
0.18548526
0.57200538
0.98595914
0.29386166
0.20296317
0.12300267
0.67689583
0.77782788
0.11080308
0.5172174
0.63533913
0.27084156
0.44626943
0.32836821
0.45861832
0.3989879
0.47258067
0.26716069
0.2122388
0.0237117
0.98184931
0.49940368
0.67603241
0.63111679
0.93145097
0.84943207
0.5061444
0.05785389
0.47648168
0.71715687
0.1474347
0.39979872
0.92684753
0.29331679
0.77471981
0.19914253
0.79159797
0.44990757
0.43040105
0.59600429
0.06921502
0.66850979
0.35542886
0.21327141
0.06341941
0.9044159
0.53286228
0.7610613
0.76684596
0.53496452
0.25076471
0.68341644
0.09831907
0.70566113
0.90873367
0.94654738
0.92951095
0.4143939
0.55463291
0.53303821
0.8224325
0.66271631
0.39972429
0.50341785
0.46637754
0.45511817
0.0554573
0.58425341
0.52994124
0.19496766
0.88894568
0.45738323
0.80987004
0.86048287
0.88920748
0.89565045
0.05818428
0.76029205
0.5952524
0.16559704
0.86401952
0.63717913
0.62924845
0.891459
0.32487483
0.56945586
0.47827384
0.85553605
0.07714589
0.89272551
0.97140127
0.77175668
0.80907678
0.29785021
0.13772858
0.58788836
0.79074372
0.65955689
0.68352584
0.96165626
0.403575
0.888326
0.19020598
0.75842606
0.78424307
0.10836777
0.13686294
0.95870704
0.01595956
0.68742657
0.50681847
0.84526067
0.36217733
0.54225875
0.20746114
0.57425814
0.8502577
0.96502395
0.03812483
0.673209
0.42961455
0.88335709
0.32536832
0.17181126
0.06087039
0.76873835
0.90618179
0.72673023
0.49868672
0.05621102
0.47466018
0.95383744
0.06451963
0.58397911
0.34155368
0.77554463
0.15582785
0.09339933
0.9245194
0.00564069
0.94605877
0.82528639
0.79924683
0.50844451
0.4241466
0.0249189
0.58604798
0.36800452
0.56251914
0.7232873
0.2417617
0.45089584
0.87297698
0.59739231
0.24884228
0.73818889
0.8236769
0.83038833
0.25781937
0.88117557
0.06583394
0.69636642
0.7703664
0.27988485
0.18325103
0.57040163
0.851859
0.56536395
0.6007921
0.24052764
0.48647599
0.20271642
0.42974088
0.0123093
0.98459811
0.81455924
0.57231491
0.2042887
0.77568098
0.13967276
0.68086387
0.67946531
0.13479749
0.21415798
0.8651644
0.19695648
0.42455795
0.89442274
0.17380379
0.82960568
0.72903952
0.82375892
0.32223243
0.92781083
0.80332911
0.30301204
0.36591747
0.21092854
0.23316897
0.32767077
0.94294153
0.65575605
0.45742448
0.50154212
0.76073326
0.62783849
0.81381306
0.45130591
0.13663934
0.85958526
0.7118124
0.441725
0.51553281
0.44839355
0.5552401
0.13940399
0.00517555
0.41906142
0.32737007
0.61203761
0.24841583
0.09899311
0.01208483
0.22093463
0.18104612
0.29256043
0.48558391
0.01625619
0.59487268
0.98712578
0.33117361
0.11401752
0.51918926
0.62418199
0.74319925
0.86587334
0.0543689
0.81651166
0.09687147
0.42865371
0.35140474
0.85417458
0.93442729
0.33275105
0.78856332
0.9037463
0.75713563
0.29979014
0.95790437
0.97667606
0.16618028
0.89572294
0.79324917
0.13816871
0.27425254
0.92556349
0.26259605
0.8504673
0.24032926
0.32274247
0.94126552
0.61125492
0.04059721
0.0113204
0.68953253
0.00650479
0.56529404
0.9836612
0.60079114
0.26131664
0.11387847
0.41177784
0.43364612
0.25739228
0.7853053
0.64427716
0.54066184
0.35355603
0.53620802
0.71906137
0.87345589
0.86988924
0.12803317
0.23214468
0.94346178
0.76728557
0.8549359
0.50797555
0.02768235
0.43168556
0.2474909
0.1979454
0.2483752
0.50037301
0.61776624
0.65440816
0.56378319
0.13497932
0.78529138
0.92823916
0.35026823
0.18990022
0.02980582
0.88492003
0.92440916
0.3553678
0.11459126
0.21601866
0.52590342
0.95518717
0.26983582
0.44211976
0.07344941
0.31397819
0.00902349
0.7586283
0.08087032
0.96282726
0.66053887
0.1508986
0.35587268
0.59800824
0.63701536
0.91867875
0.84822427
0.25670218
0.92159844
0.90388566
0.12123899
0.27110807
0.34536119
0.69968824
0.65111447
0.59458147
0.47135266
0.18689559
0.83654082
0.02904343
0.89742074
0.87193101
0.80867339
0.04760239
0.83808146
0.21203894
0.96518658
0.74899963
0.29573044
0.01526609
0.45963927
0.95951828
0.736269
0.67580823
0.73790885
0.76806748
0.19036352
0.90954561
0.8265874
0.20054687
0.9162453
0.40351645
0.31601085
0.82628314
0.37362152
0.47956065
0.01537608
0.9823512
0.4834294
0.22177223
0.87884487
0.70700771
0.23286906
0.20568514
0.88931802
0.63479493
0.54297518
0.29552091
0.39576817
0.64735392
0.29512906
0.22449869
0.72443679
0.56264061
0.06327798
0.80773834
0.44451916
0.37659133
0.33320884
0.86113605
0.60417425
0.61282125
0.81321699
0.11334582
0.00988646
0.45670467
0.27341996
0.53081891
0.54798745
0.10794757
0.32096821
0.09126485
0.34027187
0.05670327
0.91116246
0.03994082
0.07001301
0.44300357
0.79550248
0.79488264
0.94082361
0.35039155
0.53326922
0.43745248
0.31946773
0.48100877
0.74092974
0.58160654
0.94907235
0.28667182
0.35185744
0.64069404
0.17503913
0.57032857
0.09614797
0.42880138
0.93545166
0.97008351
0.59261962
0.38748997
0.44124931
0.19674669
0.06052907
0.22760316
0.46181112
0.13770841
0.39377053
0.55852922
0.40999341
0.5239569
0.36379719
0.7457573
0.48304992
0.51518015
0.65000252
0.22794447
0.14151054
0.35669956
0.75335111
0.41559706
0.32646166
0.08061266
0.36789759
0.4987523
0.22880199
0.90618686
0.14841157
0.06537149
0.84288432
0.10435155
0.90315395
0.23029199
0.06783344
0.69045325
0.70134165
0.58848515
0.06361416
0.28403532
0.95237429
0.59708547
0.95562587
0.88555871
0.36025097
0.74072138
0.22327434
0.85554249
0.97025443
0.84228843
0.84738369
0.44411912
0.93660946
0.18621285
0.03875999
0.28012535
0.09280819
0.74264492
0.96171636
0.43980007
0.14294938
0.50997041
0.17259527
0.69566966
0.30603639
0.4123518
0.09246777
0.71730916
0.5385628
0.95266144
0.20972454
0.00673652
0.25542289
0.00340071
0.42638332
0.48992353
0.23798318
0.11885799
0.87121506
0.37798678
0.98063441
0.29204903
0.64722288
0.58274369
0.26439502
0.86803474
0.46792485
0.72212495
0.09962137
0.28214456
0.3204197
0.82668862
0.54617325
0.66856797
0.93254095
0.05807622
0.51549072
0.62385381
0.87987559
0.49971392
0.7056117
0.3956353
0.82127278
0.89629917
0.53245925
0.71489575
0.74710227
0.11807273
0.49112968
0.34119825
0.62284001
0.63865528
0.16090221
0.45710563
0.40099892
0.97726503
0.06054055
0.68512999
0.87404852
0.45438516
8.211e-05
0.47961356
0.59248229
0.20579168
0.58282402
0.22748962
0.47275788
0.80817083
0.50268562
0.87806571
0.02876624
0.59689489
0.08566555
0.28383541
0.81819193
0.71670961
0.50295862
0.96206715
0.883599
0.94168888
0.25256693
0.2696965
0.60846014
0.82638928
0.64322183
0.78488509
0.26886519
0.27478598
0.64415156
0.37058232
0.0530103
0.52402989
0.00602617
0.92646439
0.83806747
0.59864897
0.08354338
0.38272161
0.95384668
0.33697849
0.13743441
0.85116577
0.30795675
0.75931336
0.98019972
0.02055637
0.59052187
0.65569461
0.48265253
0.95677594
0.23297028
0.73271395
0.64211782
0.12213153
0.3798458
0.58259289
0.6079314
0.06217813
0.86119146
0.17702987
0.03421338
0.51389829
0.54688106
0.5731034
0.74425622
0.13842092
0.37605662
0.4180253
0.40285948
0.78232423
0.07107257
0.21069573
0.01225287
0.44030975
0.76753834
0.7721376
0.16600546
0.48785446
0.38215346
0.19296489
0.13343478
0.72955421
0.64836034
0.0771718
0.78235808
0.45998514
0.57403269
0.79708679
0.37378711
0.88684201
0.17415474
0.09513203
0.07601962
0.38706342
0.07921179
0.29224002
0.64879291
0.27601192
0.53965463
0.71194734
0.30342644
0.17475991
0.95083263
0.26039656
0.03761276
0.35474917
0.18702374
0.43303703
0.41945909
0.74237497
0.12212223
0.88470026
0.54902392
0.83891949
0.31469592
0.85058375
0.08281768
0.4951169
0.59535215
0.3740288
0.10294777
0.82527401
0.16442949
0.55320267
0.17242214
0.87789508
0.73811713
0.22698488
0.94318667
0.8942177
0.07584618
0.05851411
0.20442757
0.25260637
0.01372253
0.42572167
0.42520413
0.10964935
0.73901482
0.94572605
0.76999908
0.88618119
0.40210002
0.18761121
0.03052865
0.73230696
0.16693506
0.86783823
0.9719743
0.02099486
0.08292694
0.23122639
0.0832044
0.93288367
0.72494441
0.57256395
0.6030911
0.77825435
0.18621996
0.03052075
0.6413886
0.36873053
0.25325841
0.83361128
0.91895934
0.22414651
0.89870297
0.8248857
0.83283798
0.77774261
0.53720634
0.14372025
0.57014295
0.69834088
0.95390411
0.26397633
0.36096613
0.7028382
0.14143632
0.35437284
0.45764624
0.91863469
0.53303696
0.06058961
0.18489455
0.6239502
0.45805872
0.13163299
0.18755476
0.02129403
0.67633171
0.83078766
0.77760907
0.6389653
0.25972159
0.11969052
0.00579815
0.33252489
0.601649
0.51550056
0.98367707
0.26475458
0.7149244
0.18802338
0.79598011
0.83998162
0.52758579
0.67235754
0.041585
0.33920547
0.12724267
0.34529619
0.58682714
0.75987615
0.31961236
0.01706417
0.55654036
0.50887127
0.39408003
0.2231849
0.92368336
0.0234909
0.80621405
0.56068793
0.90360424
0.89821425
0.42327497
0.41580017
0.77324302
0.00918846
0.30722126
0.54666605
0.31764884
0.62063779
0.22850854
0.47848516
0.37377135
0.83991407
0.35266826
0.04054842
0.93569336
0.52310103
0.13391434
0.24589415
0.8094249
0.78109139
0.45676632
0.97192497
0.89549591
0.03171455
0.68209752
0.89347582
0.70426377
0.57312041
0.09832074
0.57093639
0.23295132
0.31928372
0.74051179
0.77911748
0.0269968
0.02634154
0.01950526
0.15962949
0.51893908
0.58171575
0.50325099
0.34647688
0.93264448
0.76884365
0.72191284
0.15944891
0.93838631
0.39884388
0.24501034
0.8175422
0.34437857
0.24375929
0.6176268
0.17807722
0.0301943
0.673177
0.08414189
0.83973644
0.75287036
0.57871768
0.77117782
0.92826735
0.40679677
0.77042604
0.63512805
0.01414243
0.96769769
0.37541807
0.31293799
0.87548362
0.70063423
0.69207787
0.69673048
0.48756097
0.44119223
0.89600977
0.54329255
0.6814734
0.5569119
0.16644823
0.74394898
0.28243016
0.7111155
0.41617678
0.23668526
0.29754325
0.22745631
0.39555968
0.90433226
0.02274278
0.03591791
0.42630726
0.31306433
0.1263487
0.24233075
0.04544206
0.28208097
0.2072868
0.24213526
0.20816652
0.05216009
0.68513879
0.24437403
0.61274412
0.78483972
0.09069606
0.76009517
0.33027029
0.0409505
0.5145342
0.34944346
0.90094708
0.95721578
0.72915373
0.2025045
0.72971541
0.47985473
0.66653156
0.84903655
0.91883915
0.30772474
0.56339052
0.25019168
0.68157685
0.10426586
0.36385711
0.25244784
0.11906695
0.90203574
0.36329372
0.00520318
0.29056753
0.58454337
0.88490554
0.94920432
0.66889015
0.50350852
0.63929831
0.92510793
0.7791254
0.90008174
0.33598215
0.56827774
0.50675797
0.2680106
0.25195299
0.96313941
0.35875122
0.95728924
0.20835759
0.57715464
0.55927942
0.80103794
0.04306525
0.55816353
0.06339848
0.43191458
0.06596082
0.17258403
0.74688978
