0.12735028
0.88486112
0.58804714
0.57157878
0.68942567
0.90689764
0.31678841
0.20614283
0.74032997
0.30520834
0.88571141
0.32726298
0.46252116
0.92585627
0.86575624
0.44845127
0.71201477
0.78467717
0.98815104
0.30529117
0.40550712
0.91575065
0.23672451
0.27223061
0.60459942
0.5663397
0.13690699
0.90941719
0.11229409
0.25901365
0.12086105
0.40596764
0.02041821
0.03860849
0.8025031
0.16461287
0.86539208
0.29160967
0.14318332
0.65340309
0.07469383
0.38515944
0.35817148
0.89321228
0.85301774
0.95821669
0.42565386
0.02094914
0.4891364
0.61247443
0.10189026
0.80607798
0.78374204
0.18185692
0.28730165
0.46338366
0.97812652
0.86538937
0.35042175
0.10580799
0.75698611
0.19106827
0.66951968
0.66586265
0.26912058
0.16809595
0.49152292
0.2973986
0.75946673
0.60086575
0.84952087
0.17645282
0.80460096
0.10346791
0.42474758
0.52638298
0.48516314
0.40351123
0.74225115
0.94081972
0.47172927
0.82673601
0.34828751
0.62441201
0.71569608
0.72772478
0.56035562
0.47833035
0.76152328
0.39181477
0.66897463
0.72888446
0.17667542
0.84258452
0.63430708
0.68890288
0.79862805
0.55087428
0.12527888
0.85285353
0.04220959
0.10063713
0.27476438
0.02010399
0.5169367
0.2540838
0.19880777
0.17384291
0.38616662
0.63440738
0.38790875
0.02546822
0.8750818
0.51111904
0.4601161
0.97818553
0.48790774
0.66240571
0.40648309
0.0721536
0.35144213
0.64111089
0.84691663
0.95130402
0.10410553
0.80571754
0.63464743
0.77698264
0.39663718
0.30365039
0.30588447
0.34840274
0.0340263
0.02412811
0.63006544
0.47940243
0.11999461
0.29015348
0.57993007
0.64047986
0.08917292
0.02309494
0.42767411
0.20804904
0.7482286
0.25225936
0.51737754
0.63034162
0.87410152
0.93021543
0.47791154
0.54625277
0.78045869
0.69779531
0.34826077
0.30263462
0.37669152
0.47248116
0.03243551
0.87593555
0.00999138
0.64932747
0.22336501
0.68923176
0.87290696
0.37830499
0.20228532
0.6918583
0.17450619
0.81936547
0.61422241
0.63178576
0.26288382
0.05045375
0.3488016
0.11675871
0.05078432
0.75976657
0.02091694
0.96681638
0.02071592
0.67029266
0.28579532
0.56928098
0.32651052
0.69571785
0.90137493
0.60323529
0.76532119
0.32816344
0.83988748
0.38264354
0.09547585
0.40066734
0.64930986
0.06097174
0.37862306
0.38243395
0.67485696
0.177867
0.19979302
0.05487282
0.25691439
0.82541062
0.84294488
0.84561009
0.87910697
0.01691327
0.53075828
0.06172601
0.35567867
0.44750929
0.61662822
0.598286
0.3807127
0.47719093
0.70143407
0.81448759
0.04641405
0.21659758
0.18519105
0.09520635
0.88225413
0.97433717
0.71070531
0.27655283
0.55170169
0.00967228
0.69387325
0.61767993
0.38833146
0.24596321
0.18157939
0.30894811
0.88191636
0.81356659
0.28316181
0.73452498
0.61598731
0.79216692
0.70065567
0.07406742
0.55628884
0.67840694
0.29449673
0.73109979
0.40761024
0.79834432
0.25728447
0.25720942
0.80149754
0.0690149
0.39967977
0.89813857
0.17843626
0.04340209
0.60932245
0.40905043
0.67037797
0.78854789
0.40587332
0.97333809
0.30554646
0.702568
0.94363296
0.40592473
0.82345177
0.89094034
0.17737154
0.74214889
0.04084709
0.03266302
0.96806485
0.94200069
0.56645021
0.93966474
0.97608835
0.49049421
0.35302609
0.20901899
0.51495589
0.89745613
0.27748684
0.01035375
0.01702964
0.52376861
0.786744
0.22650188
0.38497562
0.43505765
0.91679188
0.09809355
0.04499198
0.64474182
0.84814677
0.00500741
0.29608768
0.05956317
0.58023705
0.54294867
0.05805549
0.51547447
0.35090831
0.53809734
0.59367121
0.21844012
0.96554189
0.7487659
0.31522151
0.46559601
0.47249131
0.00214206
0.21284803
0.74654871
0.13458224
0.29895252
0.05393908
0.80920068
0.38307587
0.49875452
0.2015058
0.46428615
0.85591761
0.64798192
0.27046427
0.0866632
0.31327551
0.59391085
0.82465947
0.52512769
0.14777104
0.42367565
0.38153081
0.48741989
0.73554576
0.24248689
0.84912857
0.91378237
0.97628853
0.36916948
0.73922692
0.1677935
0.78430485
0.13807629
0.1810998
0.49976678
0.21488344
0.9474986
0.68391066
0.25751578
0.4184663
0.69564837
0.18662092
0.49705173
0.20783071
0.50983006
0.78768122
0.60828646
0.97951496
0.03796722
0.5081207
0.33099604
0.55300328
0.07049872
0.63586475
0.87113455
0.10056813
0.30340463
0.24832272
0.95254313
0.11128893
0.94440262
0.15580464
0.81793322
0.43483156
0.24324265
0.72303736
0.49955082
0.34359353
0.82656101
0.51396392
0.29288221
0.14164029
0.8599251
0.91394674
0.11793133
0.47313651
0.056257
0.77788006
0.29444445
0.70659782
0.55868636
0.83253496
0.93914681
0.48332047
0.23842401
0.12224603
0.58332523
0.69122782
0.16590891
0.31326814
0.86310221
0.17453816
0.01144566
0.69998819
0.84910648
0.70505469
0.54314729
0.32432401
0.16892864
0.22673028
0.74240709
0.63191063
0.39401629
0.21795404
0.59678523
0.10511704
0.84839747
0.24809007
0.45574338
0.80637012
0.21494691
0.16397976
0.57720301
0.30483192
0.25393899
0.00914485
0.84054673
0.13621669
0.51238214
0.20189097
0.82043279
0.35021391
0.74623696
0.91442717
0.83625735
0.75715028
0.98011571
0.27465507
0.25833656
0.42605405
0.0551015
0.56793789
0.16959355
0.84962562
0.9597385
0.72804692
0.0651349
0.53360948
0.90727342
0.65440136
0.59102169
0.1806742
0.19911669
0.56073887
0.22510187
0.16436089
0.32040233
0.22267346
0.40989576
0.02838838
0.55733115
0.51807863
0.36044861
0.17876544
0.94928606
0.97286665
0.76294998
0.04809128
0.2421691
0.75324569
0.98966675
0.60926434
0.6402264
0.65647196
0.45243173
0.2735002
0.48100035
0.26215908
0.79791798
0.52318253
0.92139319
0.38876999
0.27288572
0.56128202
0.07643404
0.21194748
0.5401171
0.63697205
0.27761796
0.42117154
0.07818166
0.04823934
0.71818652
0.43235568
0.02765762
0.30295279
0.75499217
0.62108694
0.15144188
0.39779867
0.1884562
0.0764989
0.80219003
0.54569035
0.19285852
0.35359151
0.44522722
0.44862997
0.88366074
0.25465001
0.48868157
0.53851304
0.27824002
0.92609971
0.7716717
0.1279527
0.60247356
0.68427855
0.17711917
0.94846619
0.25114475
0.35347381
0.15648685
0.96688063
0.40532436
0.34917448
0.44693012
0.33399231
0.96413218
0.19090936
0.22114904
0.0627416
0.16091514
0.32841657
0.78205904
0.47004691
0.69189714
0.26981844
0.5425182
0.78462171
0.57090051
0.67189483
0.70318099
0.25417552
0.19228793
0.33717981
0.6048271
0.31767419
0.6422248
0.39386932
0.54669321
0.15397765
0.18979357
0.82705412
0.49333649
0.7095643
0.68250264
0.43846691
0.56445627
0.3968612
0.48781131
0.8547643
0.74507715
0.67820682
0.27841597
0.60453357
0.06930517
0.84987473
0.45474166
0.51661678
0.3661088
0.02953783
0.08646243
0.19005758
0.70537738
0.3498816
0.76098679
0.87438714
0.67380344
0.4309983
0.18049761
0.23014817
0.58639246
0.70206628
0.95844422
0.33231281
0.14616804
0.35422727
0.66984924
0.30567109
0.00995094
0.09344556
0.27827996
0.53085195
0.77001789
0.36342778
0.71041805
0.69917155
0.59967803
0.83742143
0.28748583
0.10117531
0.52938001
0.63361778
0.0363047
0.23671265
0.79766007
0.59515102
0.52825396
0.72954319
0.12750636
0.85389196
0.12394415
0.1436214
0.1105947
0.1972881
0.36649524
0.74492782
0.27822415
0.63059284
0.8151273
0.74651824
0.36160212
0.86788414
0.95255488
0.69919707
0.31794353
0.98073298
0.05785351
0.23459474
0.45722235
0.91041622
0.15121209
0.66613398
0.96803534
0.05070966
0.03505889
0.96374835
0.38723814
0.07903545
0.04670671
0.45811524
0.87452688
0.501419
0.62649664
0.68544344
0.7636016
0.71276891
0.89164352
0.21864952
0.05791435
0.11863808
0.45235564
0.51370259
0.07857774
0.73262428
0.02924356
0.85207599
0.19039541
0.15394998
0.12881006
0.4763591
0.91931619
0.40818186
0.10025183
0.02283858
0.3699452
0.2503777
0.62640987
0.11656504
0.53781342
0.81794667
0.39776926
0.35534505
0.08553125
0.47677585
0.48461428
0.44893925
0.60438668
0.88698923
0.98559028
0.63054651
0.66031618
0.32182712
0.05260023
0.78099532
0.64491072
0.56378712
0.34435424
0.30135685
0.93734194
0.08327591
0.45240841
0.76097756
0.41630699
0.65944643
0.75893663
0.84269484
0.86808292
0.44983732
0.87914762
0.77214664
0.43314927
0.72481211
0.76548031
0.74882301
0.4027113
0.81127232
0.66411113
0.86424996
0.68616014
0.08162592
0.56270654
0.17402593
0.7856078
0.6944959
0.09060631
0.68737894
0.33300124
0.1203469
0.05511591
0.0874953
0.13331929
0.74853451
0.6060116
0.50650026
0.46107765
0.50984828
0.00974089
0.65128079
0.81461727
0.96420047
0.68933752
0.84725621
0.06258288
0.33392314
0.26367509
0.44589384
0.9564659
0.03075073
0.8551452
0.44932108
0.36080324
0.96550062
0.96090417
0.66236552
0.33443777
0.6694216
0.22315928
0.1162812
0.83788401
0.00886495
0.72694941
0.78129712
0.71614593
0.027951
0.15499099
0.24393481
0.8799194
0.88718519
0.12133928
0.82287193
0.11573239
0.24345763
0.56830062
0.31885372
0.35737405
0.03565958
0.16155215
0.31377223
0.02276095
0.07700721
0.63369255
0.04006874
0.35625002
0.46340766
0.37826478
0.85948949
0.37484368
0.1639478
0.92583064
0.39998695
0.69643703
0.32293361
0.79686194
0.3074466
0.6748334
0.93010146
0.00887322
0.65021329
0.37762171
0.06293818
0.53569571
0.80505691
0.90798626
0.07976089
0.67098795
0.78455809
0.10651498
0.77642528
0.12462906
0.5555289
0.55109354
0.79034591
0.55329448
0.40423015
0.76904376
0.55943746
0.24699514
0.3548377
0.31156013
0.78558059
0.58551323
0.85652642
0.88169549
0.92878294
0.31181751
0.50141562
0.85719369
0.24624274
0.98782547
0.58552641
0.31443435
0.8430237
0.04931905
0.93640903
0.06597767
0.8049966
0.79716462
0.33175616
0.12670609
0.83598054
0.55913763
0.58269866
0.76346384
0.49997368
0.24995602
0.41430041
0.69284281
0.8240759
0.18001806
0.46859704
0.89373543
0.08468367
0.20014234
0.91010495
0.35773092
0.78007737
0.03683049
0.25644985
0.30505378
0.30323384
0.70282772
0.43357599
0.75011877
0.27901754
0.76814092
0.65957192
0.3223189
0.16047383
0.86737341
0.32847792
0.97478337
0.44260163
0.48082981
0.69413153
0.48941956
0.58251968
0.45197087
0.30197442
0.98931521
0.05604854
0.95225075
0.26005961
0.67318007
0.41164335
0.11085658
0.41026541
0.02679518
0.78322973
0.06947557
0.1630822
0.89068731
0.77650165
0.02360446
0.92192657
0.29991571
0.09733207
0.74589439
0.83825039
0.66287081
0.77873935
0.3576967
0.83037608
0.94213748
0.56333404
0.03613488
0.64950512
0.95786585
0.32799483
0.49327881
0.8866615
0.0632647
0.77483415
0.75619014
0.20059007
0.6739915
0.79916653
0.59783973
0.23217138
0.30480622
0.45531678
0.51678348
0.79830066
0.79857062
0.580539
0.80805372
0.76511026
0.79913438
0.22189302
0.49750684
0.90702505
0.56506118
0.19430185
0.51055082
0.78422921
0.92028563
0.94105559
0.92194154
0.52845469
0.31744548
0.6232506
0.61977369
0.20369284
0.40784861
0.0278044
0.29010317
0.62685498
0.60189449
0.24332807
0.04842649
0.45334909
0.66431902
0.81538761
0.21151982
0.63397122
0.27590496
0.20784316
0.17708419
0.50690286
0.05405736
0.06206532
0.5314675
0.3660805
0.233526
0.15291803
0.41125609
0.67436859
0.68633285
0.053617
0.47116594
0.65231355
0.70570716
0.33200994
0.74509121
0.24235584
0.54198556
0.14953503
0.50140458
0.63195752
0.93847189
0.30783488
0.08684444
0.58189679
0.01386719
0.92552394
0.27811734
0.64553947
0.31402058
0.0823072
0.07443865
0.51545177
0.02631896
0.90644128
0.5197115
0.0235543
0.12271827
0.5077778
0.1444093
0.81844426
0.90157131
0.59636018
0.01807469
0.26564029
0.03347118
0.73042616
0.56845687
0.32457959
0.42966997
0.47691026
0.6391488
0.7521391
0.8253988
0.91054184
0.11435673
0.13313039
0.45293833
0.38264886
0.74740553
0.82397962
0.34406103
0.76047985
0.1605214
0.13406945
0.65040666
0.4069342
0.233348
0.21331998
0.12230857
0.1858933
0.30739033
0.66656432
0.81159454
0.71091059
0.34005956
0.2355014
0.67392347
0.43893317
0.49469402
0.82299836
0.98874164
0.46163689
0.76922863
0.88829339
0.37821264
0.38070907
0.71361296
0.15149056
0.44050299
0.31102046
0.62052225
0.35178617
0.64495418
0.18276567
0.30601898
0.37410292
0.78711879
0.31782535
0.67070525
0.37082928
0.51258652
0.56959874
0.79922495
0.51401192
0.37867919
0.6072852
0.47918318
0.89214569
0.51271826
0.74670535
0.74838402
0.23582176
0.56200952
0.27308869
0.93189841
0.80395169
0.29029709
0.65944283
0.00135444
0.09003395
0.40706305
0.14082306
0.2131935
0.60062516
0.49003921
0.05577042
0.88412547
0.13904426
0.45584981
0.58575234
0.1226708
0.46764449
0.87403324
0.75350229
0.48893636
0.61054035
0.63472274
0.42922301
0.98915383
0.17700323
0.21742539
0.47752193
0.10050699
0.58143752
0.78202478
0.93258468
0.71546436
0.19609733
0.15956648
0.08378168
0.84994249
0.69223569
0.41657213
0.58005839
0.55945339
0.25346427
0.33013132
0.46069243
0.12676658
0.10847095
0.10751851
0.31406447
0.75053148
0.53000594
0.46003166
0.39039585
0.46547876
0.32114922
0.55436977
0.77214369
0.92943185
0.78965899
0.12082623
0.10689077
0.3409645
0.84445816
0.29976084
0.28970591
0.40211209
0.78023727
0.07577842
0.90455656
0.80823184
0.59004876
0.02224919
0.60259977
0.00182695
0.24604127
0.72753681
0.87251663
0.92192032
0.11374625
0.92651176
0.35229423
0.45268405
0.88257322
0.28048191
0.33736036
0.95531833
0.50115066
0.8979537
0.22248457
0.07971433
0.84328419
0.46255947
0.76319804
0.38471102
0.7011752
0.90715658
0.971422
0.87255868
0.72488796
0.84680278
0.02172699
0.44624671
0.86438399
0.22731304
0.71695078
0.28778384
0.30118095
0.65285647
0.52899375
0.24407835
0.96247731
0.25223554
0.96581634
0.03370991
0.78260377
0.48159594
0.37988062
0.42087327
0.00348474
0.35857773
0.91093752
0.49747283
0.68741748
0.18017644
0.39671662
0.80559283
0.71434422
0.33465994
0.218688
0.26074933
0.77887227
0.34294221
0.4738441
0.36340906
0.64142526
0.18573893
0.60316812
0.36266137
0.95596519
0.84563183
0.6613046
0.37051496
0.47228292
0.34123081
0.15874005
0.71682668
0.23221024
0.72102486
0.16992038
0.11479404
0.85270702
0.9300784
0.16509164
0.33515511
0.85096262
0.97455703
0.18967973
0.46271903
0.7228286
0.88762486
0.26128989
0.33945438
0.03351383
0.41480782
0.3183718
0.96828439
0.15514424
0.69569538
0.81661461
0.38052785
0.39506543
0.80201145
0.72613184
0.56211932
0.68846342
0.25357875
0.25262251
0.74082233
0.07708179
0.96318743
0.07966957
0.20862839
0.45771261
0.01627179
0.2352035
0.17600216
0.72720364
0.95587584
0.79847474
0.5103258
0.70400845
0.14058327
0.15000847
0.65780849
0.67973863
0.69181108
0.16863032
0.34475977
0.62221973
0.37465105
0.86196896
0.22830413
0.90074538
0.17459125
0.44035439
0.79045819
0.26510284
0.56273459
0.91495655
0.97032791
0.53357543
0.68994548
0.02202187
0.01336165
0.31147863
0.62250611
0.47891174
0.59728852
0.35980346
0.0222009
0.3897294
0.54978542
0.85094427
0.01691921
0.21470988
0.88310967
0.97441503
0.26260124
0.92566357
0.91827367
0.40950316
0.87630406
0.65419267
0.55151557
0.56784935
0.11731832
0.4798695
0.50061937
0.83159551
0.34804081
0.68470837
0.40771295
0.35247338
0.83581429
0.52029972
0.78840522
0.10440713
0.93521824
0.35576171
0.09142985
0.08780494
0.88916344
0.25365327
0.53596598
0.80656559
0.17065531
0.40978884
0.14254059
0.68608173
0.41083049
0.54336582
0.75954546
0.09252301
0.31571145
0.45832333
0.86761557
0.71243789
0.18791338
0.15355145
0.82557459
0.83852866
0.75919784
0.70151291
0.97345782
0.46437282
0.51091099
0.25876055
0.01609533
0.27324641
0.60378641
0.10897144
0.46755925
0.13469703
0.22867113
0.54344628
0.12696166
0.56304955
0.47150546
0.46518653
0.51193836
0.18599258
0.93488222
0.18229306
0.16785483
0.57375023
0.49321878
0.47636473
0.96024352
0.01330488
0.19092602
0.45706173
0.53164587
0.42073186
0.37566615
0.62837552
0.12154931
0.80348865
0.33679706
0.21516213
0.79594628
0.79820676
0.11042498
0.3548271
0.39984797
0.63626108
0.33565316
0.38002542
0.27519204
0.44574755
0.52308987
0.42240023
0.41447604
0.75310857
0.11565738
0.03740775
0.47947785
0.58679185
0.06663065
0.21973659
0.66519493
0.87325579
0.73355674
0.49425668
0.9219524
0.03382108
0.2154143
0.92626445
0.35320505
0.47680526
0.96096782
0.36855714
0.42582657
0.60979451
0.44544619
0.51389812
0.36758804
0.88605146
0.40345068
0.91723627
0.75457838
0.87663673
0.60625307
0.47659508
0.25062228
0.82210496
0.20716409
0.17803088
0.26588935
0.53782441
0.17766367
0.81094889
0.95281777
0.58861971
0.56067784
0.74214997
0.80471086
0.27530357
0.17342811
0.98896777
0.05865799
0.79933542
0.51977573
0.29787793
0.79000859
0.78619775
0.33193735
0.08071857
0.16289174
0.75616799
0.1932184
0.48204291
0.68784642
0.65100959
0.32867215
0.03224703
0.19734177
0.47083978
0.03050673
0.87061623
0.76862122
0.26514484
0.46105663
0.49577198
0.90619472
0.88663164
0.88638009
0.20386743
0.32362414
0.07302241
0.42252936
0.38364445
0.94316201
0.06603412
0.304069
0.43199647
0.78525855
0.39977826
0.39465036
0.5206248
0.42422232
0.39372641
0.47508971
0.33908109
0.83320528
0.1619656
0.0650816
0.39099621
0.75098763
0.57649338
0.48627316
0.90751731
0.79326649
0.12721527
0.01494738
0.47879874
0.07378107
0.51431573
0.163126
0.97259097
0.21400669
0.84172196
0.71944325
0.36749522
0.03476173
0.20779413
0.48765136
0.1114859
0.14197535
0.28365321
0.45318276
0.8453213
0.3825057
0.07838372
0.7277871
0.8796869
0.80760662
0.44839668
0.74384004
0.14554399
0.84471623
0.42039642
0.82734068
0.37991448
0.2012743
0.66586813
0.84689092
0.57417752
0.855273
0.94572151
0.69125648
0.29275317
0.51588129
0.40383502
0.55120302
0.71514091
0.90600413
0.78327432
0.63746906
0.52928842
0.49830693
0.76942731
0.77914379
0.48217174
0.58807055
0.49002477
0.91197246
0.39647682
0.44473146
0.37824034
0.40991015
0.68901922
0.05527641
0.94722834
0.76411991
0.71567941
0.28543244
0.06403706
0.12485272
0.52973409
0.30026921
0.3887166
0.09581757
0.48760443
0.41313677
0.50803814
0.52553663
0.67621226
0.31442859
0.05629105
0.21232841
0.69303002
0.36421402
0.21356492
0.05175536
0.81479636
0.97575027
0.7192066
0.90511713
0.79952803
0.11130851
0.79038372
0.13432214
0.73560882
0.55703834
0.32642798
0.30030228
0.58691942
0.16711378
0.0966039
0.78067439
0.30231014
0.16083848
0.52796691
0.94904885
0.76056833
0.1508072
0.05979906
0.62935079
0.33741005
0.85326272
0.90848813
0.30011628
0.35603104
0.59306302
0.96202433
0.98317023
0.58823349
0.34952445
0.80690148
0.25755241
0.24057886
0.27133141
0.52702028
0.11239181
0.06892224
0.12711508
0.85046811
0.65737532
0.97457745
0.72461288
0.13932589
0.1885294
0.11771044
0.53449606
0.70423899
0.07439929
0.28817799
0.1898301
0.36778794
0.66966843
0.86356283
0.14566754
0.0830888
0.43939951
0.81473412
0.75606378
0.97895694
0.29506246
0.71145001
0.64047184
0.24450565
0.58083786
0.13559383
0.4979754
0.01363144
0.80975481
0.40410924
0.904626
0.7141905
0.38211841
0.9684952
0.23464627
0.78608609
0.39028061
0.96765891
0.83855365
0.28949631
0.00221931
0.1619656
0.71432593
0.31589528
0.83793872
0.57639271
0.41752604
0.88374869
0.59046031
0.89748537
0.65961873
0.11482801
0.46450946
0.52344534
0.86718541
0.50050784
0.72916887
0.18840766
0.30731357
0.05023814
0.14241328
0.95683494
0.09763833
0.11274259
0.30090289
0.36455507
0.58947048
0.28973002
0.83677069
0.37948986
0.52289422
0.37644796
0.21616079
0.45283437
0.1337746
0.03382986
0.53133072
0.70626201
0.42324456
0.48311202
0.13886807
0.30468398
0.52179222
0.18430662
0.3883527
0.37112314
0.76447541
0.03928778
0.16310252
0.56873371
0.76064885
0.34632911
0.94943888
0.15453505
0.63577803
0.57038032
0.31095311
0.75653611
0.68723704
0.80871263
0.22092306
0.31984719
0.21879622
0.0305442
0.12863972
0.19581519
0.35225096
0.11385222
0.16175927
0.87474171
0.60226202
0.48069702
0.91146539
0.22703884
0.66563641
0.22967535
0.53297874
0.83152726
0.33207618
0.93213083
0.00374762
0.55513503
0.03692425
0.26305565
0.8685239
0.86017704
0.29407203
0.67073306
0.49826789
0.03423473
0.54359342
0.48718208
0.1647439
0.94735149
0.02789828
0.73719633
0.87740867
0.73927076
0.51149822
0.09673643
0.81352149
0.12554153
0.02642281
0.14847024
0.94061756
0.67675471
0.22640165
0.09404245
0.29733735
0.16841467
0.1442974
0.81462749
0.84455251
0.1623818
0.06694951
0.74774849
0.53586941
0.49151604
0.74559932
0.11744063
0.34881516
0.16449327
0.35651842
0.94199255
0.67031711
0.94956335
0.84017409
0.52011012
0.35032211
0.37068994
0.00380876
0.89087128
0.45634098
0.514431
0.73967049
0.96920307
0.19491287
0.32515232
0.69637744
0.73523526
0.63446571
0.36411623
0.80506231
0.94847606
0.53758748
0.4201927
0.50127952
0.32803996
0.44729614
0.61876624
0.76792015
0.17376115
0.72473701
0.23906464
0.57988283
0.271226
0.80207634
0.03774786
0.47550669
0.35795796
0.86611498
0.47239443
0.18749328
0.28049401
0.46575839
0.78102049
0.07645716
0.36881371
0.25230646
0.72000967
0.01273563
0.45936028
0.35462598
0.45154942
0.91727562
0.90776198
0.48927843
0.88264682
0.89192174
0.09483581
0.24289281
0.87096444
0.02532476
0.93638004
0.84311412
0.49931005
0.77419291
0.16228857
0.70145589
0.38379286
0.33630829
0.35455198
0.39399017
0.25591168
0.86143874
0.43335434
0.51458745
0.20093598
0.73859676
0.1984289
0.53513652
0.48794362
0.33988324
0.30837702
0.17067607
0.42063123
0.26361538
0.2630702
0.57955081
0.37348669
0.15125848
0.65844168
0.12741268
0.22024498
0.07394088
0.46759492
0.32305052
0.2042668
0.46516061
0.76733188
0.08566081
0.46600983
0.58985612
0.62986933
0.25572254
0.64937022
0.89126933
0.81289088
0.12240505
0.68469576
0.34984634
0.96021571
0.4899079
0.36506774
0.53356388
0.49067193
0.49182364
0.09766925
0.03513813
0.23452704
0.60489759
0.42802953
0.67550715
0.08201823
0.78322735
0.17897453
0.92968317
0.00721804
0.72269388
0.16236063
0.84132013
0.08744725
0.80902332
0.61922104
0.55142944
0.62578677
0.68521534
0.48068954
0.17264348
0.26806291
0.53364627
0.77058988
0.64737546
0.4456549
0.34387629
0.16443096
0.12309352
0.55757297
0.33885839
0.79079333
0.70152254
0.20695712
0.55299156
0.53989687
0.92515528
0.09525898
0.88264522
0.35855189
0.50185012
0.77656739
0.67383205
0.89161063
0.63181904
0.68391669
0.74396459
0.39928176
0.26049803
0.77281036
0.89611148
0.84808928
0.88967266
0.22494942
0.35804669
0.44716063
0.63621066
0.78203849
0.00419421
0.94233953
0.89154702
0.89525644
0.71002266
0.89663146
0.84784664
0.0686813
0.4281226
0.92640901
0.52838462
0.29479119
0.61363791
0.09218384
0.62031151
0.34017533
0.7830352
0.39849788
0.12143728
0.65376774
0.80480233
0.0647421
0.98561899
0.44151363
0.61154454
0.6473575
0.39419182
0.89063185
0.85505445
0.33790961
0.7377931
0.03658449
0.03880161
0.08401709
0.89327503
0.05936405
0.96878124
0.88877864
0.48260947
0.97830416
0.9299533
0.08302196
0.38166642
0.84748169
0.09465321
0.57098312
0.46177769
0.80516341
0.894506
0.88835765
0.34078847
0.19680148
0.18556326
0.82654976
0.9684719
0.76079117
0.7428509
0.17625886
0.77294052
0.17605908
0.36258571
0.35605656
0.75554976
0.84563256
0.01370286
0.08459102
0.43925442
0.44550437
0.76111507
0.9574187
0.64521465
0.6918056
0.05340379
0.06737487
0.54015351
0.55317391
0.0228264
0.85159934
0.06836583
0.81697565
0.91089015
0.08059842
0.24550762
0.39462366
0.30129414
0.82424798
0.46902954
0.47843311
0.39702503
0.90870967
0.01238484
0.61910091
0.95827716
0.05047615
0.86761121
0.01951234
0.12668731
0.25718287
0.57285933
0.21252326
0.57674694
0.31255328
0.55262765
0.66525142
0.07168279
0.67707482
0.57642941
0.6978153
0.5053577
0.30757555
0.04665777
0.54419472
0.70326427
0.66413426
0.52796149
0.19343473
0.00233631
0.85204701
0.1259973
0.80558565
0.5223378
0.29658576
0.80576276
0.92932395
0.84534801
0.87735998
0.03757697
0.15749404
0.5987667
0.24309494
0.16163952
0.43810714
0.3436287
0.76003911
0.37866927
0.2630534
0.52365778
0.21368213
0.48382994
0.36656491
0.67241042
0.48204211
0.6499098
0.50431109
0.3442113
0.25289183
0.5400047
0.76096556
0.20582599
0.2569222
0.60341044
0.46807521
0.59633195
0.96284154
0.67595986
0.62453151
0.75254269
0.09593684
0.43647425
0.59987525
0.23260563
0.23745439
0.78374936
0.42255853
0.12172392
0.20070822
0.36830667
0.95894077
0.03466045
0.1912716
0.71340183
0.47353627
0.46337971
0.28653755
0.53408606
0.2252207
0.8140242
0.52362428
0.54784843
0.03336016
0.30662639
0.78158495
0.61486895
0.74807178
0.82045825
0.25367904
0.08352931
0.80124663
0.43910196
0.67625421
0.80425856
0.667298
0.82618193
0.87721194
0.7463766
0.97797967
0.70100851
0.71745438
0.61581147
0.63890883
0.74324358
0.88172505
0.72669555
0.18504257
0.56578896
0.3419436
0.74999753
0.15687194
0.9650342
0.58916168
0.14414981
0.33017804
0.13459694
0.02477052
0.65806209
0.34517007
0.04647198
0.9332089
0.06128306
0.30023463
0.63673341
0.38538988
0.28968393
0.59332827
0.36941228
0.12031183
0.87350148
0.64777248
0.42393221
0.72105677
0.56095537
0.11703075
0.73248906
0.56377034
0.07791531
0.11553099
0.0009742
0.10063403
0.0770178
0.8125584
0.5316452
0.11625732
0.43764007
0.17112465
0.94163907
0.20213893
0.51355868
0.34596353
0.87378608
0.01881141
0.07520339
0.78761053
0.14273514
0.88118847
0.21509054
0.69861944
0.88323833
0.40581684
0.42676673
0.17846052
0.90226022
0.13015222
0.72609501
0.26758982
0.0510849
0.93217858
0.41128929
0.71295619
0.36664101
0.30380623
0.28698042
0.65231448
0.36756043
0.4590182
0.16461057
0.04870058
0.32174234
0.15069548
0.12523381
0.28785342
0.28639237
0.26879917
0.44721965
0.7617233
0.2265434
0.27141348
0.95947899
0.4687745
0.85231421
0.52834594
0.03566814
0.87479459
0.08292039
0.69053812
0.66891461
0.69236706
0.19493353
0.17138663
0.75038715
0.06724167
0.53446233
0.16409989
0.19784127
0.2108158
0.78950109
0.69380868
0.80148972
0.67797087
0.86332443
0.55098227
0.47539956
0.82910497
0.41013636
0.12210335
0.92027258
0.64611844
0.25310804
0.72435753
0.9295506
0.77410132
0.33330842
0.06212425
0.17590482
0.5428674
0.62541267
0.56325923
0.9117466
0.16861486
0.62752737
0.2724235
0.58258925
0.06914042
0.89010349
0.48991887
0.64635957
0.76438761
0.70593882
0.23131682
0.86835011
0.7992433
0.41320342
0.9419415
0.33848978
0.87488051
0.59427701
0.18992293
0.51722659
0.90149925
0.74444439
0.62430292
0.54436777
0.80561383
0.01821938
0.19208601
0.34262605
0.88319874
0.24746938
0.28190793
0.57957795
0.47261263
0.63903466
0.17445628
0.68867921
0.2940503
0.28864094
0.19022158
0.25649717
0.1549211
0.88926185
0.04186861
0.44130817
0.85332782
0.76222858
0.92335664
0.96646406
0.3699966
0.47863164
0.50804578
0.74191444
0.6102781
0.31144681
0.56881845
0.11085385
0.80436729
0.23389952
0.22436306
0.58310329
0.30587819
0.58953361
0.72338064
0.28820247
0.20751505
0.26013071
0.22054214
0.00475359
0.09279803
0.2926754
0.57678745
0.72382489
0.56900617
0.03559621
0.3843698
0.63794573
0.35272672
0.62275238
0.89526368
0.28790166
0.57927905
0.35020945
0.17259497
0.71749201
0.33194182
0.61322538
0.47807491
0.78965677
0.14967437
0.42372587
0.02502057
0.61920512
0.08045156
0.12971696
0.88961813
0.77761939
0.38922853
0.36087058
0.91091201
0.30858566
0.19462392
0.78753754
0.49780144
0.86588855
0.0512711
0.92386233
0.13111287
0.44697389
0.81618697
0.64198846
0.74287686
0.65978324
0.94248709
0.947503
0.53738217
0.05701884
0.94817289
0.45229521
0.32094896
0.78399028
0.1002529
0.85979109
0.70759128
0.561044
0.43173784
0.38631286
0.60067952
0.27682274
0.1987687
0.10445472
0.55291442
0.07900249
0.58057837
0.3284932
0.13816871
0.71454973
0.27991323
0.8406569
0.30296827
0.62559887
0.80239834
0.95578603
0.1951776
0.9279984
0.78497287
0.48726712
0.0494987
0.10006457
0.42945189
0.62080124
0.98483653
0.2900015
0.62448398
0.45246814
0.13142027
0.6254038
0.94453483
0.6500756
0.68357681
0.29777338
0.85422677
0.16256301
0.02942048
0.71011889
0.80254864
0.01897351
0.64894914
0.92841575
0.94877447
0.64752188
0.75073044
0.54870147
0.86170691
0.11272812
0.34497672
0.05930311
0.07119383
0.62356527
0.8701782
0.29304056
0.21924449
0.79428456
0.98292882
0.53497342
0.05655683
0.41623928
0.84500116
0.788633
0.05952289
0.74542261
0.48011546
0.18238602
0.94660979
0.72884582
0.6112001
0.4002231
0.71451721
0.94720032
0.49507217
0.95056843
0.79500337
0.92816827
0.84192676
0.76600195
0.17219046
0.97977333
0.7244966
0.63724241
0.86059318
0.9721673
0.9539228
0.57096169
0.63092242
0.65339441
0.25263914
0.08046454
0.60897952
0.44125287
0.68029144
0.82579505
0.35367729
0.1772023
0.67832652
0.67313226
0.40818707
0.13359373
0.51851044
0.0127331
0.70095713
0.30977425
0.88236358
0.75420049
0.44791865
0.08825517
0.54667998
0.31490718
0.97113687
0.66909936
0.87688544
0.32149322
0.94794139
0.18228996
0.11388483
0.49558024
0.43702597
0.62927317
0.48149417
0.86986629
0.29785419
0.69426256
0.74169193
0.87724966
0.38255908
0.08106208
0.17763412
0.3524176
0.51827797
0.50212278
0.10422668
0.15277354
0.69304169
0.29681682
0.5883727
0.83491369
0.01111097
0.06055702
0.62980666
0.19704366
0.54121039
0.86052567
0.58484394
0.07776182
0.72020601
0.04547215
0.9441591
0.66692547
0.50674625
0.74729186
0.885039
0.15273298
0.36785351
0.51419914
0.46366093
0.20760487
0.36883935
0.42979143
0.0628405
0.26645939
0.46206218
0.50543258
0.16181978
0.4733867
0.28875651
0.88204899
0.71244115
0.27163299
0.85405469
0.76074118
0.81044255
0.64464199
0.95289524
0.55842546
0.28253557
0.3229355
0.75957688
0.92990507
0.6533312
0.46450533
0.64095576
0.19663233
0.73483893
0.73010197
0.82449917
0.77215499
0.83004816
0.19361887
0.98375148
0.97930664
0.79429002
0.11002378
0.31994891
0.77666414
0.13996246
0.22512621
0.83163595
0.62131077
0.25720531
0.62714086
0.84681965
0.40082265
0.6321328
0.69469103
0.16356816
0.40158004
0.9786708
0.73118185
0.82027334
0.30254804
0.14863434
0.34819316
0.52446005
0.97916822
0.2176152
0.49940842
0.27709306
0.54255467
0.40909236
0.63192165
0.1700983
0.26991487
0.29730598
0.21356629
0.62050907
0.77727179
0.13001833
0.02161269
0.53597555
0.16623232
0.40923739
0.73761302
0.50242366
0.34820806
0.98526758
0.57282522
0.49968415
0.8250461
0.72770235
0.74802924
0.62572616
0.84281896
0.63268039
0.30092335
0.54506521
0.09584116
0.93850561
0.45586194
0.89370938
0.14895342
0.64000851
0.61308946
0.32342751
0.48339832
0.6582067
0.77735
0.66655642
0.39232596
0.25256009
0.28658944
0.65550214
0.95457928
0.93501664
0.01387354
0.80718854
0.79715151
0.57411277
0.89503458
0.45574654
0.45949859
0.53453937
0.86910892
0.36675538
0.33100049
0.35235182
0.5550385
0.43691926
0.07707373
0.78482086
0.00498197
0.38009987
0.58329403
0.68875997
0.49085447
0.3239933
0.0406081
0.40749664
0.79671006
0.13168369
0.69118807
0.31331039
0.74477907
0.42515916
0.17877209
0.19437751
0.27732648
0.19967422
0.13259923
0.51791327
0.82003744
0.29684733
0.20216289
0.19122223
0.81194146
0.96470206
0.91455996
0.69012966
0.31061128
0.72043665
0.43742518
0.22335599
0.37139938
0.38295452
0.67391649
0.70307474
0.76868849
0.33677248
0.21034788
0.75167432
0.3112268
0.94601895
0.77128181
0.98864083
0.25913412
0.73795409
0.1375297
0.66331224
0.32347028
0.12344142
0.38842261
0.44965048
0.07983023
0.07637298
0.40004955
0.97100715
0.87012799
0.9801204
0.71316744
0.55349919
0.44153196
0.5450863
0.54903338
0.89001659
0.76881044
0.36331455
0.75409711
0.9169668
0.39617188
0.83261142
0.80015643
0.96215368
0.03841875
0.11735862
0.35200997
0.47966968
0.89033769
0.13772096
0.40410272
0.44227699
0.03728423
0.56004924
0.1264857
0.63365014
0.47682989
0.12814425
0.25267306
0.24180317
0.0016778
0.47353004
0.95331242
0.71033252
0.90352473
0.16020071
0.06923573
0.78023193
0.01635615
0.59582549
0.45534375
0.33843222
0.23367876
0.69308894
0.6103004
0.50022537
0.89280107
0.5012253
0.86648914
0.49916083
0.62437853
0.89701598
0.50053007
0.94447103
0.56069495
0.18067059
0.64048455
0.14544278
0.29834193
0.95450278
0.00041936
0.83808513
0.02444835
0.07230774
0.95812845
0.07587701
0.34790852
0.73989899
0.71745005
0.39125887
0.77666383
0.8397203
0.01902431
0.5555966
0.93610637
0.89606521
0.26439709
0.20209676
0.40222625
0.94849746
0.39658186
0.79450835
0.39417235
0.34102747
0.59187496
0.02324508
0.30150755
0.42826119
0.1432222
0.47521266
0.34373164
0.02830165
0.15330648
0.18945432
0.51856981
0.17067942
0.07659656
0.42892485
0.70104588
0.64936962
0.46984182
0.55243219
0.77115451
0.42634763
0.34717683
0.11010536
0.59112118
0.89270259
0.40734539
0.41715676
0.67553934
0.50213673
0.67363428
0.51891058
0.45168141
0.42767002
0.56014192
0.98217546
0.7599127
0.59777139
0.94312033
0.18535959
0.0333198
0.87554088
0.93074572
0.37865093
0.72287847
0.01010069
0.70961465
0.1210124
0.54425501
0.46531479
0.11427843
0.57265544
0.98225804
0.54230395
0.39776592
0.96708593
0.88991275
0.17451601
0.08217156
0.89996998
0.37301258
0.59885865
0.71759528
0.90237249
0.02351888
0.05969024
0.2860903
0.60872575
0.13067638
0.21169374
0.05322272
0.80087165
0.33201489
0.24131536
0.44422507
0.43530663
0.87865257
0.85245743
0.39377066
0.16399126
0.91907759
0.22980613
0.74494055
0.67788222
0.1217566
0.85578071
0.4229351
0.15904565
0.97349691
0.42186254
0.98378001
0.08715806
0.08681673
0.59100437
0.21500284
0.6247824
0.01027975
0.90129939
0.9858813
0.72910469
0.69738609
0.54402466
0.42756171
0.69382119
0.68170386
0.31831076
0.32433518
0.48895916
0.26059314
0.60033587
0.15915772
0.70745192
0.38721947
0.6587458
0.25369107
0.25072439
0.20382883
0.34687998
0.55179418
0.22932848
0.63289471
0.07920133
0.56402921
0.02664444
0.57035571
0.84944782
0.28115805
0.83089032
0.15935199
0.62995859
0.2797517
0.9133207
0.43846954
0.94935297
0.32023501
0.42140246
0.86810843
0.44157804
0.42938375
0.52098292
0.40109562
0.73526589
0.80228308
0.8340702
0.51835308
0.34731016
0.01780921
0.7076509
0.87861355
0.07923984
0.35127312
0.31833907
0.17272649
0.52464381
0.37784674
0.56402048
0.76119823
0.02852822
0.52168107
0.9418849
0.61609036
0.78948795
0.28382173
0.85180643
0.39125105
0.0374181
0.72600905
0.43442514
0.73401761
0.45839806
0.23168572
0.11734341
0.76398042
0.06018911
0.22048287
0.13214935
0.75245349
0.22739378
0.65720742
0.13557112
0.7768212
0.27350577
0.16116304
0.43021091
0.08957749
0.30878245
0.59009585
0.00084105
0.15688512
0.23464338
0.9549878
0.78467267
0.07976909
0.0316885
0.57479726
0.35603949
0.73437498
0.1746689
0.57250862
0.30626909
0.79286148
0.07797777
0.06611938
0.32881825
0.7750723
0.750422
0.0318513
0.35172424
0.80758678
0.26456415
0.84326716
0.30270508
0.39185937
0.83090901
0.35694189
0.24037603
0.16508389
0.64605571
0.48121337
0.4254847
0.22231709
0.83379679
0.31658381
0.88495046
0.3234959
0.0217391
0.88175006
0.75384823
0.09395652
0.67138471
0.5860787
0.18912212
0.9808797
0.20613126
0.68459096
0.54284055
0.83148564
0.86290324
0.48814577
0.95478071
0.0510874
0.16219602
0.60951245
0.66221831
0.41678364
0.66903368
0.243327
0.07663335
0.12029083
0.20064798
0.1928938
0.70014783
0.91513452
0.49376037
0.77058494
0.38395868
0.47893009
0.12373718
0.72874971
0.83932355
0.37614445
0.79248857
0.46266923
0.22958668
0.07805862
0.66080478
0.90046456
0.96798883
0.68173246
0.21148472
0.07244458
0.32995365
0.21589556
0.83091195
0.12413044
0.66070966
0.52741549
0.1576411
0.03096373
0.86742368
0.20574973
0.04097277
0.06850988
0.88445761
0.58236149
0.74554973
0.39841415
0.11430223
0.66141906
0.3960387
0.25410387
0.18255615
0.53693608
0.60010329
0.59037886
0.80353776
0.85099445
0.35177808
0.31103737
0.75665543
0.42665998
0.1832239
0.51399175
0.48808477
0.09778678
0.22538226
0.71338546
0.72192623
0.309609
0.55303899
0.98574731
0.24813026
0.34971789
0.8693588
0.72004359
0.09354104
0.90278745
0.75870714
0.073719
0.09185945
0.40825453
0.31382379
0.42177409
0.34445699
0.20935337
0.64278628
0.46697461
0.71406144
0.45072787
0.85045073
0.92994937
0.42626529
0.39849679
0.35075689
0.92682882
0.66420685
0.19546181
0.52747409
0.4521109
0.79325212
0.82515682
0.41769182
0.31124217
0.71580026
0.31758407
0.13916248
0.70102024
0.69582945
0.30624109
0.60558605
0.46031207
0.46795238
0.05982238
0.14996826
0.75057666
0.91924612
0.55952819
0.37731429
0.64457849
0.63257261
0.97528846
0.69977399
0.36249731
0.19518111
0.57290703
0.23735228
0.92391606
0.19595829
0.56706206
0.39900291
0.28360981
0.3720672
0.84123773
0.78100735
0.38426563
0.56082436
0.56747094
0.11194145
0.77357217
0.70416107
0.40059383
0.06455613
0.32955829
0.08498326
0.94002982
0.67944627
0.32349869
0.42580414
0.23279627
0.68125929
0.07986197
0.03130402
0.29819683
0.50718888
0.89403505
0.55932485
0.56632194
0.28757708
0.20351827
0.13838357
0.0249117
0.95179561
0.94711461
0.58458985
0.05359235
0.00346457
0.39773202
0.56219089
0.56763745
0.83650261
0.68588806
0.7884043
0.06231991
0.67873735
0.06155539
0.53532533
0.47484308
0.0651665
0.32750983
0.66533865
0.31603727
0.07249417
0.71334661
0.59288712
0.90917821
0.94254957
0.08869153
0.90386256
0.64718264
0.48050039
0.57102995
0.84800995
0.03507074
0.74591589
0.94140535
0.5871384
0.94264283
0.21680592
0.71258282
0.09946843
0.60182302
0.07065392
0.72611027
0.25465788
0.26844151
0.01115391
0.53306985
0.24916582
0.91197443
0.02200884
0.85997178
0.968354
0.28553417
0.65616652
0.86877284
0.59139422
0.16257795
0.64993031
0.04748998
0.25708257
0.92681145
0.13966332
0.71045155
0.72803894
0.77372583
0.49583323
0.7720303
0.9266388
0.7008412
0.59102155
0.91709989
0.58018212
0.72077421
0.34309754
0.76258104
0.3197282
0.51028827
0.81156824
0.12984195
0.47364069
0.61479801
0.65337821
0.57106298
0.4345951
0.37887915
0.91698462
0.3340036
0.98750769
0.0488241
0.58887367
0.62594899
0.92347581
0.27577198
0.15392048
0.43141953
0.38555657
0.7490615
0.52943463
0.60231584
0.13873256
0.92816381
0.95520757
0.45349907
0.10374217
0.7217106
0.87647474
0.7042654
0.48736179
0.91392581
0.11052003
0.7539125
0.69887195
0.49347872
0.51088249
0.13239068
0.35679657
0.82643366
0.68095412
0.79909797
0.56290476
0.85283781
0.30490406
0.8429133
0.71050722
0.18475434
0.6480302
0.71994765
0.77697284
0.30648009
0.1897198
0.46143811
0.74758182
0.06034337
0.76623568
0.44054377
0.27088538
0.36621684
0.419985
0.93841992
0.83634787
0.75638002
0.71643821
0.72681325
0.79282878
0.50871181
0.70605
0.25838429
0.25038573
0.42322049
0.92394846
0.89314502
0.49491776
0.02416619
0.81846421
0.19082326
0.95098328
0.64398229
0.42049821
0.90519145
0.29667074
0.23212017
0.13229415
0.7803292
0.0565463
0.96124721
0.86151751
0.64918015
0.00865058
0.86993411
0.01228987
0.25394348
0.90393146
0.78341014
0.71025348
0.64194889
0.80796348
0.36389272
0.8837906
0.45123851
0.82095731
0.85640463
0.79693535
0.7077877
0.92040817
0.55252873
0.37182423
0.26272494
0.57274886
0.48222383
0.75520798
0.59545305
0.67027737
0.30363531
0.32408061
0.53413997
0.53736481
0.76524364
0.12138747
0.81136698
0.38158037
0.18913859
0.72578495
0.29736136
0.45249375
0.84188827
0.47729741
0.30820136
0.92348851
0.39861141
0.02732157
0.41650233
0.30687232
0.88030885
0.41834975
0.41600077
0.27593377
0.21236819
0.4768162
0.81674435
0.70552874
0.06297952
0.88733819
0.59980132
0.40637115
0.06641359
0.14920025
0.75010174
0.47885661
0.30405331
0.98874207
0.84869042
0.44272809
0.1268941
0.05851749
0.44065814
0.50989898
0.31871828
0.48125516
0.78448719
0.93941262
0.6004228
0.77341078
0.62321176
0.59242083
0.04974083
0.6314431
0.82309311
0.4677108
0.7624229
0.41773015
0.92938638
0.72520345
0.49643349
0.1113199
0.44936612
0.65404529
0.34396234
0.63903115
0.69256464
0.85020383
0.98870615
0.19725597
0.73544629
0.37111153
0.58485636
0.91476672
0.53492455
0.03671954
0.01513282
0.98928834
0.93293748
0.7758022
0.60537791
0.19019217
0.44977956
0.76926513
0.42996057
0.85297234
0.79966315
0.08253564
0.6106181
0.92119505
0.75408893
0.36864747
0.26604019
0.17913352
0.01182246
0.71082046
0.80906534
0.97478711
0.8297069
0.51988962
0.63054827
0.55689394
0.74913276
0.94779446
0.34791209
0.21879792
0.04915227
0.30999648
0.41152753
0.73081384
7.186e-05
0.13182257
0.96115367
0.16247728
0.08190687
0.0651378
0.76871028
0.95495688
0.87099206
0.02618871
0.32795518
0.44396104
0.93924399
0.29794073
0.86104686
0.21748594
0.6734676
0.72053656
0.02657701
0.56714662
0.76842657
0.6603321
0.19234798
0.11520437
0.52522128
0.50256524
0.35436154
0.15031145
0.67396815
0.73179876
0.81189929
0.00928668
0.09046684
0.04539001
0.00256214
0.33662461
0.17241231
0.62960437
0.66253471
0.92750253
0.7485641
0.01561026
0.48583429
0.37317828
0.98232297
0.64683832
0.81093888
0.30554037
0.33600163
0.67560516
0.60488549
0.84277078
0.35170396
0.67441975
0.43632289
0.97749656
0.47434308
0.50304722
0.50168197
0.51801567
0.58555809
0.75163943
0.27909337
0.02853951
0.34848126
0.21981414
0.89408237
0.82712678
0.1867465
0.79331538
0.55875266
0.0850193
0.9367367
0.94065765
0.19624361
0.13696777
0.96739752
0.71940611
0.37145088
0.8870998
0.77084321
0.34493237
0.5121618
0.01397582
0.6085949
0.98673317
0.7989905
0.97350723
0.50778026
0.21703796
0.6671381
0.54082628
0.6341625
0.82820422
0.01352022
0.84747573
0.00048241
0.25980542
0.35600997
0.65417274
0.93738192
0.46525819
0.83651394
0.59526155
0.13865636
0.31510576
0.06249688
0.84349215
0.24048781
0.50575238
0.33065225
0.47890916
0.7333887
0.03266057
0.1787004
0.66184448
0.71297322
0.85954158
0.79864507
0.35783335
0.33171647
0.69840291
0.72893385
0.0716416
0.03901175
0.97432894
0.03193086
0.70448311
0.70159255
0.50427202
0.44290307
0.37265485
0.389123
0.73274132
0.27768399
0.72513217
0.04566312
0.12860777
0.29525427
0.54738082
0.50421259
0.81670383
0.37870807
0.87796354
0.77699333
0.04391108
0.78685525
0.77936029
0.10819223
0.94669799
0.8508622
0.51873383
0.67260193
0.15688777
0.20126612
0.30438279
0.29301251
0.34440358
0.38426789
0.84862383
0.21974107
0.753539
0.30985248
0.4082537
0.25509375
0.93457529
0.79177504
0.58654348
0.51498828
0.92429522
0.04520295
0.45256561
0.59543954
0.34638307
0.78160885
0.69329783
0.9475748
0.36493293
0.88110921
0.17649592
0.11739011
0.94353338
0.54937775
0.27619539
0.91689113
0.87069005
0.30703014
0.36539589
0.51604778
0.75343016
0.52236031
0.3135308
0.34674599
0.19220562
0.68290434
0.31242795
0.24624082
0.93426859
0.5238858
0.13967687
0.94844333
0.20541617
0.86880334
0.22315471
0.59883938
0.76992402
0.21841247
0.96811102
0.46381564
0.35553928
0.59861224
0.6988293
0.1615061
0.01644161
0.21821739
0.12370108
0.80610445
0.81270818
0.83792955
0.88404266
0.60092708
0.76592823
0.8589718
0.29596787
0.84859543
0.97084259
0.07196038
0.1005746
0.98673804
0.03930619
0.07763246
0.06918893
0.2360305
0.25472919
0.39033054
0.4615242
0.37873885
0.01565947
0.48076336
0.74020116
0.00317594
0.53218872
0.24283663
0.57242372
0.11220142
0.58190054
0.27200959
0.56010671
0.68171249
0.27087456
0.67210337
0.09827005
0.38252985
0.49632574
0.8559936
0.88019833
0.78280547
0.16742213
0.33062203
0.19781389
0.11576342
0.71386851
0.87574766
0.8229222
0.88780214
0.05521396
0.26505535
0.69553006
0.67515201
0.31796943
0.41544951
0.80819294
0.63857087
0.49319783
0.34357604
0.9168592
0.88406012
0.71861115
0.24876557
0.94940941
0.32202188
0.06526826
0.31045341
0.62795074
0.13136013
0.96100156
0.60184963
0.35661737
0.92491975
0.9803028
0.86053176
0.3871982
0.76444013
0.06685412
0.3943195
0.65561504
0.175873
0.73820682
0.95215221
0.75377558
0.04705102
0.18307031
0.95662885
0.42764156
0.05181256
0.31633148
0.06437482
0.62320507
0.51580847
0.03080431
0.54289005
0.07385245
0.63009348
0.65815708
0.65223724
0.19471879
0.73405915
0.47872289
0.76959577
0.26886933
0.81056691
0.63876001
0.82747156
0.3876653
0.53257269
0.23104842
0.53403651
0.34399253
0.22402468
0.15338
0.21288971
0.6458613
0.73036943
0.57056635
0.635002
0.80360861
0.27596999
0.32410667
0.46573481
0.02489115
0.41039264
0.14799558
0.9520479
0.62074083
0.80726379
0.89660486
0.80041108
0.57430401
0.55372033
0.27147356
0.22313223
0.27665963
0.12310439
0.56449469
0.85817148
0.56770135
0.01001499
0.33191972
0.01551107
0.83085005
0.70336132
0.3680091
0.15198704
0.5044158
0.66796622
0.85069899
0.28393845
0.3725567
0.06272015
0.70112055
0.45923896
0.14019298
0.98074003
0.61859017
0.2302863
0.88041374
0.73862057
0.77967974
0.92147373
0.58390657
0.16629844
0.59937287
0.27044486
0.17229126
0.78731386
0.89456786
0.09444741
0.14198097
0.05695694
0.19136478
0.36329302
0.03277206
0.26886624
0.54130832
0.70105404
0.00302431
0.31555258
0.93575328
0.27363366
0.14471164
0.8560757
0.54134271
0.08523057
0.34047839
0.00804248
0.98346214
0.30141163
0.53387439
0.94846797
0.8767641
0.68612857
0.44296366
0.95884087
0.10488566
0.03423431
0.14368467
0.27769846
0.70540436
0.62038423
0.27221626
0.29084441
0.72631329
0.04637894
0.43542291
0.4003459
0.1053216
0.46754182
0.23008634
0.8712863
0.06111188
0.83626942
0.21999446
0.39772788
0.83310673
0.86336028
0.46613874
0.04440018
0.38618232
0.1837751
0.86329322
0.21907704
0.56798637
0.06477618
0.2365362
0.08366529
0.56450027
0.34670845
0.74535846
0.05680485
0.88699199
0.4513647
0.73284207
0.67411729
0.49526234
0.06309089
0.85212336
0.02915586
0.85583351
0.13846079
0.00679331
0.48266773
0.8658724
0.58844271
0.28639786
0.27256293
0.35768696
0.13631347
0.4851729
0.58532745
0.46226415
0.51882142
0.91225893
0.23092729
0.10319188
0.1408591
0.91942894
0.49961616
0.30887325
0.96418199
0.36963225
0.02297737
0.04673298
0.57185189
0.18870973
0.4371423
0.93547721
0.53457838
0.25536976
0.00349412
0.19570489
0.42259513
0.2645163
0.45231854
0.0103229
0.95828433
0.36282446
0.06818365
0.63039221
0.27070662
0.2934819
0.84005721
0.01451011
0.93106697
0.21304081
0.60617131
0.57194103
0.22655825
0.87134452
0.33783809
0.34301462
0.01239852
0.33704737
0.96256196
0.72211129
0.8883944
0.30594943
0.73672798
0.60443257
0.48189681
0.28290426
0.80905499
0.79241742
0.87852508
0.1646619
0.74154079
0.5742981
0.79141663
0.06817419
0.52375826
0.46145657
0.61083305
0.39525007
0.39957974
0.28073264
0.02878025
0.28256141
0.02344157
0.01058714
0.26391915
0.64019437
0.23828858
0.13570782
0.54801155
0.92198924
0.83099375
0.67724031
0.32727913
0.48977978
0.4088657
0.73293048
0.37847123
0.48025004
0.34925534
0.31896866
0.80994722
0.19761995
0.455422
0.0336674
0.80179448
0.81651369
0.56249205
0.90137909
0.78027294
0.45735578
0.68003231
0.3042044
0.63646954
0.70227303
0.76626994
0.11459889
0.34004253
0.46073062
0.00810593
0.98483484
0.96047241
0.18581577
0.83589073
