0.27598272
0.43843483
0.39160083
0.51881951
0.72280388
0.29924248
0.24010048
0.58465294
0.59689994
0.31165759
0.93315021
0.50954844
0.54852442
0.04227047
0.96249124
0.25595634
0.63803111
0.1508519
0.50295516
0.97551042
0.1786877
0.61030669
0.92594132
0.98009889
0.21744063
0.08832541
0.3363273
0.3556081
0.66914777
0.31093846
0.78060421
0.61031454
0.19992928
0.21547025
0.86809556
0.82234469
0.68679068
0.84624588
0.64044276
0.50381773
0.89163664
0.94102626
0.53469719
0.61806146
0.70752651
0.40151233
0.45894348
0.77392579
0.50050895
0.75042057
0.27723213
0.88527541
0.59031178
0.08651084
0.23257592
0.58482813
0.73286659
0.00750745
0.49925616
0.90479419
0.15295562
0.27642475
0.8890558
0.65883218
0.51490662
0.64001839
0.36004292
0.17686466
0.62372203
0.65761027
0.40955381
0.96899587
0.72032291
0.38051637
0.74204606
0.76789904
0.07910381
0.89206123
0.32901477
0.37729273
0.78167541
0.71751264
0.18137776
0.56282383
0.16425264
0.98170994
0.27540791
0.20692943
0.02275553
0.33592702
0.01500878
0.77207571
0.56713073
0.52493102
0.71094262
0.69650373
0.27972417
0.40441309
0.15611988
0.30571466
0.30842014
0.9550064
0.21814538
0.94301467
0.64026528
0.94840263
0.49305438
0.76083309
0.70558996
0.87340295
0.79235293
0.468356
0.26474798
0.16249076
0.73108368
0.06791204
0.22927242
0.92720061
0.98325615
0.96271726
0.24288028
0.89506849
0.43430806
0.71994407
0.39433673
0.06208644
0.92624686
0.87607754
0.67276141
0.12273229
0.6366633
0.27121246
0.45040655
0.11622365
0.26889836
0.40278924
0.39422207
0.38946091
0.3094739
0.47177532
0.96534919
0.98266675
0.15932794
0.62473921
0.17893862
0.35455217
0.30395889
0.44837958
0.59858007
0.43769097
0.05423265
0.14110961
0.36918957
0.75307699
0.22393301
0.10305178
0.54507146
0.2807185
0.76877269
0.78457985
0.56926893
0.49530077
0.7119047
0.56756333
0.18775585
0.39311545
0.59154743
0.66675017
0.41867363
0.97472126
0.82058543
0.76416656
0.29141745
0.90011802
0.79618174
0.18857826
0.58443528
0.05094518
0.5878735
0.07933626
0.0588989
0.13730852
0.93442192
0.64355902
0.51075307
0.90776956
0.15540441
0.97616552
0.01292322
0.03611937
0.77333691
0.28346243
0.69663678
0.01199723
0.25477902
0.75034441
0.82937763
0.41876346
0.64755814
0.81129441
0.63157289
0.94979632
0.28078729
0.49286402
0.7433043
0.97456605
0.55570974
0.98690971
0.38195684
0.18858379
0.92187949
0.16029466
0.69446885
0.58098587
0.88240148
0.54067054
0.6091207
0.21974659
0.12822545
0.67644848
0.19204394
0.12857444
0.88426465
0.53911777
0.59060058
0.93178879
0.42394592
0.29203535
0.92153044
0.31663156
0.2683765
0.69544878
0.65845275
0.81221475
0.07252005
0.74725179
0.16792021
0.50879037
0.8036196
0.62627163
0.45241991
0.39506989
0.23648709
0.13121136
0.50101891
0.2204728
0.93351529
0.7102904
0.82643332
0.84984384
0.73974448
0.26562979
0.12544441
0.00402376
0.90358674
0.3667501
0.74123129
0.44023754
0.62132455
0.95516718
0.77558629
0.51522353
0.02327143
0.1698023
0.7996934
0.05137776
0.38843983
0.54795433
0.36899601
0.0960898
0.50289442
0.35846908
0.7436863
0.68441756
0.74007741
0.22748771
0.72144254
0.86121847
0.77923975
0.81794526
0.55770476
0.43770375
0.8769715
0.5566285
0.93901502
0.59574927
0.85321978
0.69844774
0.74995594
0.32897764
0.66489428
0.50893971
0.98043685
0.7587633
0.3927503
0.42461536
0.68126276
0.75488762
0.72643439
0.08975516
0.63627445
0.39740377
0.81494273
0.48506809
0.58240137
0.55696707
0.50244061
0.808236
0.80679296
0.8293138
0.63707452
0.88432044
0.37439181
0.06622226
0.05212146
0.53637106
0.32220463
0.43836643
0.35686828
0.86076443
0.42245787
0.55664741
0.46024214
0.90814571
0.46836052
0.50504516
0.18917605
0.64557458
0.19946301
0.38392544
0.0592849
0.47334526
0.51591777
0.27786619
0.5114471
0.10626362
0.42012054
0.75354504
0.34458944
0.90208676
0.19055009
0.37033263
0.49703746
0.83214888
0.31847651
0.59141744
0.12865061
0.09386364
0.04013415
0.79872693
0.01648549
0.55869115
0.16056346
0.74958495
0.11949943
0.71926489
0.76273499
0.43042075
0.51264195
0.47274485
0.09550597
0.29820336
0.39542436
0.51662544
0.50760104
0.92793467
0.35250595
0.01919941
0.93587616
0.41620001
0.21794105
0.517049
0.95496577
0.6187522
0.31594475
0.53203694
0.12660855
0.50733207
0.46975756
0.46752522
0.32456652
0.57238008
0.62052593
0.86247573
0.20701865
0.14309942
0.70537561
0.95901138
0.97894049
0.16464928
0.50138782
0.36416866
0.22386933
0.66126682
0.86697471
0.09940099
0.69332633
0.13361042
0.14508083
0.58075367
0.62530873
0.41924373
0.25593173
0.29768288
0.37001758
0.48563968
0.19016475
0.38592648
0.22845115
0.42696036
0.67021278
0.23432767
0.69106593
0.29861319
0.67279577
0.68807964
0.97577181
0.09346854
0.85688315
0.43419837
0.40060188
0.60446587
0.1820693
0.68432001
0.36099027
0.38064734
0.94174527
0.54570216
0.94198828
0.22972591
0.9175466
0.29297563
0.81554805
0.89542769
0.39722118
0.00573329
0.40451814
0.16962576
0.91176824
0.86183475
0.4451317
0.92152203
0.54870714
0.39095558
0.30194211
0.68177927
0.00533121
0.54100548
0.75508821
0.34197794
0.44957633
0.76797995
0.33788226
0.19175164
0.90883572
0.03669867
0.30739497
0.03064092
0.02462224
0.46490613
0.55513292
0.58675387
0.28687731
0.45008521
0.73735321
0.6795136
0.64892936
0.91481678
0.16992132
0.43635008
0.15413137
0.49339441
0.98530154
0.84208013
0.2416731
0.42032286
0.44514485
0.75772231
0.75718326
0.38570653
0.34307161
0.90029465
0.61412473
0.95870501
0.30842065
0.36623866
0.35312176
0.46750011
0.55754082
0.8464918
0.78378122
0.349035
0.83253318
0.39501712
0.77022703
0.52208566
0.3635197
0.20496472
0.37513671
0.41250173
0.76315696
0.70866429
0.3369761
0.50578116
0.08243951
0.72557238
0.13776874
0.71305115
0.84852499
0.65890611
0.76211169
0.40782381
0.70534643
0.02785135
0.87612535
0.31419412
0.31505842
0.66656282
0.76055174
0.294866
0.14099059
0.32763409
0.88780725
0.89380196
0.08340696
0.47662872
0.29792985
0.2540862
0.59076473
0.43992879
0.55710996
0.25860822
0.3179414
0.28071071
0.90403764
0.1654859
0.30257812
0.62340948
0.69103571
0.42090353
0.38723787
0.24982243
0.56325535
0.69627917
0.77717728
0.78738034
0.06769916
0.19008738
0.9685662
0.66191463
0.34888822
0.41672043
0.71358717
0.27229421
0.16007193
0.06072533
0.41261497
0.1750016
0.10578843
0.17251773
0.93706703
0.9098194
0.44822569
0.03474123
0.73219276
0.33226615
0.78562995
0.4949687
0.44940615
0.44727939
0.57621784
0.38095248
0.54605378
0.02627388
0.84081059
0.01193002
0.86211699
0.40645925
0.80065168
0.7669571
0.51248273
0.59114192
0.13459619
0.72637975
0.97334998
0.82345287
0.85594514
0.08206891
0.4679614
0.69928619
0.63284709
0.69397323
0.88457358
0.78736376
0.25615637
0.67749882
0.08473411
0.41797232
0.07853796
0.54556213
0.57849973
0.18604152
0.24600534
0.82339064
0.88479006
0.93452655
0.19494626
0.97929296
0.930728
0.05380946
0.66375154
0.60401207
0.38271723
0.35825387
0.9865068
0.83352952
0.22725126
0.82601597
0.31106507
0.91045299
0.69013173
0.60034066
0.93026875
0.36310415
0.44109898
0.51206072
0.18323498
0.2778082
0.51662632
0.76300249
0.8125476
0.77916869
0.69819023
0.42289126
0.12966944
0.79440101
0.54591458
0.72545391
0.98709456
0.52292275
0.22854317
0.81572825
0.22898206
0.97747626
0.48602795
0.55054287
0.40524135
0.31623617
0.25823346
0.39266311
0.58543059
0.94126617
0.2765257
0.12589603
0.57114491
0.34019919
0.34202109
0.52721698
0.14057583
0.1831548
0.02121013
0.03989091
0.22411381
0.51505693
0.79272945
0.74493766
0.55242221
0.6730095
0.72780137
0.75672318
0.56330552
0.5429055
0.48232022
0.40723965
0.89883468
0.32661929
0.10999099
0.30062263
0.76848601
0.93774726
0.64611941
0.89784473
0.75943398
0.06104523
0.45739433
0.8378785
0.86435712
0.76457143
0.70858022
0.01792228
0.38090935
0.8893886
0.67239368
0.89707689
0.80307216
0.12027526
0.57952179
0.90890611
0.40579808
0.28219774
0.42324275
0.37071574
0.81370357
0.84026005
0.26434411
0.78292475
0.82629406
0.92828265
0.31479873
0.20401014
0.58764822
0.72277946
0.19848267
0.61746062
0.33334971
0.98152484
0.12542054
0.38728289
0.49532298
0.36663615
0.58318796
0.11632386
0.20892057
0.98558826
0.88841868
0.98516427
0.08569445
0.69123444
0.3012548
0.26512209
0.46614943
0.0685367
0.20684198
0.4882929
0.8058289
0.04468068
0.28964061
0.0170233
0.46226503
0.14276858
0.4134656
0.55015383
0.19563127
0.08331607
0.59395507
0.9748133
0.72569346
0.83261827
0.89215671
0.23634028
0.86506735
0.16883335
0.03907042
0.32684385
0.75408117
0.44201013
0.47566028
0.59674593
0.37763314
0.21934264
0.08837453
0.64661368
0.96747182
0.98648749
0.78896939
0.28867072
0.95750144
0.12556134
0.05488472
0.41564921
0.68886771
0.53375332
0.12110486
0.21358798
0.22409321
0.34610069
0.16058053
0.21584716
0.73923873
0.68433613
0.9707762
0.6296773
0.88068259
0.44533865
0.75161078
0.46370357
0.28309629
0.51082391
0.09404917
0.4519768
0.97614355
0.0964796
0.42988328
0.26884547
0.43788425
0.95252901
0.51128571
0.0993714
0.56342518
0.88556265
0.47946679
0.71831148
0.2613026
0.17634826
0.61067819
0.86263872
0.28120488
0.5818201
0.28504715
0.52819742
0.88603699
0.27414306
0.92480325
0.40475803
0.73094421
0.35377706
0.94170045
0.69673175
0.87978503
0.31623509
0.21426457
0.14787997
0.76025258
0.41871677
0.13573637
0.75599163
0.89430745
0.8982831
0.68259967
0.05758776
0.31324569
0.54850517
0.37600111
0.3311071
0.12954849
0.96730927
0.05575134
0.35899047
0.68027769
0.65522059
0.57610915
0.68305765
0.69293172
0.31669457
0.11713116
0.25747969
0.40491785
0.22188583
0.96665544
0.06919891
0.44245872
0.25002766
0.10238426
0.85361787
0.2590064
0.44550664
0.60791036
0.95231326
0.04095137
0.87352571
0.63176783
0.73178213
0.27558181
0.82792283
0.45169467
0.86018679
0.28568083
0.19651973
0.96765845
0.21227522
0.95731055
0.41692704
0.1919999
0.63007194
0.98837299
0.88167252
0.30236472
0.93231777
0.95777767
0.44312609
0.52647691
0.59406191
0.54610544
0.41097911
0.68338742
0.62721912
0.71872522
0.82286837
0.46455958
0.65281681
0.39352545
0.05353439
0.87751409
0.66726775
0.27809791
0.4781225
0.5976642
0.10769762
0.11933647
0.92088711
0.52957864
0.47351914
0.38434946
0.64000123
0.66723321
0.64545197
0.31732539
0.40923149
0.08329813
0.15527254
0.06827958
0.16168938
0.53557081
0.78666049
0.71993944
0.46331714
0.25097596
0.46533145
0.69317473
0.1419355
0.43760617
0.33726173
0.06989895
0.93542453
0.01395404
0.10186968
0.44796884
0.5600732
0.63949102
0.63815925
0.53504544
0.67339991
0.73726194
0.73645923
0.26971664
0.15372344
0.48117772
0.23894854
0.84261664
0.22166794
0.24736826
0.3416322
0.2989417
0.31454933
0.49270516
0.39761977
0.67813672
0.07350221
0.97521917
0.39504171
0.27811675
0.29709542
0.00857166
0.10477614
0.24480749
0.62224311
0.77292102
0.19514385
0.53333499
0.68560887
0.63443477
0.17404088
0.75193944
0.90439909
0.41223626
0.08583471
0.1665225
0.45938608
0.17929177
0.23882679
0.54926403
0.49536367
0.44400398
0.27032912
0.73023006
0.45596596
0.93761722
0.89414125
0.43683428
0.74041166
0.29059904
0.73878433
0.46147938
0.16088261
0.93844506
0.43399554
0.73273348
0.46286502
0.82117071
0.84941727
0.46696834
0.05904162
0.53295379
0.45211475
0.02728157
0.85279165
0.90272092
0.77180334
0.82683554
0.70207877
0.02745896
0.62121508
0.62421289
0.62258758
0.69868515
0.55130976
0.28313319
0.67320426
0.66175696
0.96670239
0.50851105
0.01428381
0.29083572
0.71353017
0.33132882
0.26149489
0.62984948
0.56168719
0.92057176
0.20191983
0.64780486
0.12940686
0.38650671
0.96347135
0.60361749
0.77587386
0.49620075
0.54851432
0.34257314
0.01114181
0.06288254
0.60679298
0.71393051
0.48594885
0.07076904
0.20366972
0.29154776
0.87233142
0.73214973
0.70286206
0.19711804
0.19138373
0.67909027
0.32821948
0.59029367
0.9010423
0.4146442
0.31127948
0.00139475
0.9485767
0.83973433
0.75316861
0.04018013
0.02951732
0.39622033
0.47970352
0.62395435
0.56876651
0.32998192
0.39881288
0.58702324
0.20213794
0.51889174
0.56706551
0.37658573
0.1331652
0.02380565
0.85977627
0.00302912
0.94433544
0.80294802
0.22280062
0.47283388
0.28430137
0.13761715
0.63714869
0.8495576
0.76843654
0.32728079
0.84327651
0.14503634
0.33724319
0.09422651
0.03849276
0.58726697
0.89501098
0.42208749
0.58062223
0.67809452
0.84867189
0.30424247
0.29097631
0.78290007
0.64257174
0.09489054
0.97676215
0.72431758
0.75171191
0.5521111
0.62933128
0.4978511
0.04100957
0.73660756
0.64604681
0.52009652
0.81855453
0.1631244
0.7414128
0.26448687
0.31783228
0.53621096
0.78568913
0.18096149
0.91007374
0.39125746
0.24452923
0.34957982
0.31217405
0.74911364
0.68565519
0.24867709
0.17255136
0.89937228
0.44093764
0.56512223
0.77255333
0.59899031
0.4923571
0.8387046
0.35213585
0.19920524
0.74785818
0.75211742
0.67060217
0.65622871
0.92196803
0.89745036
0.46113647
0.64377659
0.51512295
0.74735973
0.08153137
0.44441117
0.72295849
0.1526666
0.80793382
0.03384277
0.13710614
0.27948275
0.56926222
0.6708807
0.7455474
0.68738031
0.26253957
0.68946498
0.58508539
0.32531347
0.02739319
0.43974487
0.01458171
0.14993209
0.38491682
0.36180699
0.75283337
0.93733657
0.18901593
0.76246717
0.97716999
0.1009726
0.96892752
0.29350051
0.65644925
0.57383968
0.40845308
0.93304009
0.19726995
0.81769846
0.30876878
0.28937646
0.81523612
0.66204228
0.95247332
0.72340973
0.81938285
0.42563758
0.21318654
0.84431957
0.12364197
0.94387516
0.74824716
0.35057394
0.38848771
0.09022316
0.16352301
0.11321982
0.63395149
0.27559134
0.93469643
0.19861295
0.86260389
0.68702681
0.56321694
0.9839604
0.72519164
0.45532758
0.22102136
0.57311372
0.14656346
0.63334438
0.2371126
0.16597329
0.68436068
0.84950735
0.04392261
0.28179261
0.92580107
0.36642284
0.50746499
0.72451108
0.80939838
0.75179722
0.67529941
0.86307979
0.76107196
0.10337732
0.24310273
0.53084947
0.74765451
0.68103479
0.05688932
0.28592386
0.4908976
0.07712825
0.53764471
0.49603671
0.53379027
0.81852832
0.56495185
0.962394
0.33582379
0.80736406
0.43243533
0.35652651
0.72791915
0.25516003
0.95887767
0.16482959
0.96927866
0.62054279
0.96385041
0.32121326
0.2529221
0.25031861
0.36512609
0.0320279
0.59086056
0.98626735
0.34539152
0.48593105
0.04861834
0.88317246
0.74284361
0.43262991
0.46846744
0.02610734
0.4838983
0.18088331
0.65814515
0.91583937
0.23845996
0.90651301
0.51684331
0.08769112
0.76333297
0.61834252
0.04445356
0.73574793
0.65989748
0.3233687
0.71466864
0.0551167
0.28288005
0.50144872
0.29314871
0.72201803
0.03870039
0.39695665
0.74226896
0.71854733
0.4451539
0.53604161
0.71914733
0.62394675
0.04299728
0.42648129
0.56306759
0.5970789
0.8556745
0.30773021
0.06185765
0.45305271
0.89287515
0.8315327
0.98913841
0.57576879
0.54821044
0.74155548
0.18458179
0.70991161
0.29161365
0.00454525
0.029248
0.09313916
0.25534595
0.95260993
0.80761954
0.62800902
0.7509346
0.79008826
0.56829401
0.73249404
0.17876512
0.61502435
0.85707135
0.70277794
0.66757922
0.77757023
0.80243852
0.3634222
0.98774523
0.41005471
0.57948524
0.57258194
0.14644792
0.05816047
0.5471997
0.35387015
0.03425377
0.64210263
0.49940236
0.24041128
0.02551817
0.51439006
0.36262058
0.69815132
0.93310054
0.05148074
0.21691524
0.8665253
0.9427461
0.88714939
0.57971632
0.7386015
0.0331077
0.59905839
0.07188643
0.18444991
0.78852872
0.26399087
0.66690753
0.86274401
0.19663021
0.71124932
0.83613219
0.94250257
0.92906361
0.52411632
0.92069283
0.25675546
0.98500166
0.02668366
0.20897626
0.09874413
0.3785757
0.11190919
0.78824054
0.92209003
0.10809666
0.44914384
0.83792721
0.76790625
0.7968548
0.31938525
0.60436222
0.37659565
0.74535829
0.27939034
0.10893796
0.28072182
0.11425489
0.72186196
0.56455933
0.46326982
0.07045427
0.61487555
0.965605
0.88528055
0.0245492
0.64144911
0.97741387
0.8090497
0.13367725
0.49980668
0.0234303
0.52114543
0.88649345
0.8901229
0.73099706
0.46925805
0.40924607
0.70546772
0.63696693
0.24241162
0.00074057
0.23469243
0.81358849
0.20120032
0.29496744
0.10290495
0.38703928
0.84694973
0.18576863
0.21414263
0.13954512
0.1955851
0.38687607
0.2790453
0.20013753
0.90178425
0.37265321
0.5525886
0.58502413
0.34220548
0.73416031
0.32181312
0.40842448
0.05123771
0.33561276
0.58298331
0.91876173
0.35898952
0.90101234
0.34184036
0.51695855
0.1914823
0.62929266
0.31154864
0.79953992
0.01705125
0.10813389
0.59228077
0.79626436
0.49779765
0.09486503
0.85810905
0.17031846
0.45495786
0.65936765
0.2839347
0.31887677
0.6890681
0.20511444
0.06171425
0.35644804
0.85805091
0.39551605
0.44796867
0.32671445
0.98402518
0.44292908
0.41453345
0.97279419
0.03339791
0.50658488
0.56716059
0.98878856
0.35358183
0.66866653
0.96403481
0.71922351
0.94378758
0.3946299
0.08642443
0.08442306
0.74510886
0.19303988
0.00569484
0.05127064
0.43432557
0.59930761
0.3018612
0.91397501
0.49481504
0.48970317
0.36877427
0.83604271
0.98273138
0.28331084
0.0552113
0.87383487
0.82682614
0.20636115
0.68739283
0.32293508
0.77699786
0.87995994
0.03357763
0.33325831
0.44615537
0.09492472
0.45195761
0.80648506
0.26560008
0.89790993
0.68118035
0.74031183
0.25425035
0.00452255
0.69672455
0.37350557
0.40275145
0.16935319
0.77676028
0.17600662
0.94227183
0.83558478
0.97469873
0.83057629
0.94041973
0.1988285
0.17992993
0.45025845
0.43790361
0.53005648
0.64755005
0.13333437
0.21581879
0.80615252
0.34130913
0.70623294
0.38908441
0.35900808
0.51904359
0.77414261
0.29353588
0.92497853
0.96657754
0.67203734
0.91083691
0.75854855
0.72138596
0.03919772
0.50754319
0.00161828
0.3349907
0.32203217
0.27610852
0.78341388
0.11666044
0.54958022
0.20254729
0.8141174
0.74367647
0.00897368
0.54298621
0.60547446
0.70553989
0.47669511
0.01888742
0.92367562
0.67134451
0.77821732
0.87112908
0.16436835
0.37098714
0.66965788
0.60269856
0.52877336
0.25396515
0.6710302
0.76755346
0.89373798
0.90806055
0.92944991
0.72706898
0.60953748
0.94087541
0.32912066
0.29270434
0.24691555
0.6755918
0.87204481
0.86870566
0.4290048
0.5061913
0.46800845
0.82920044
0.75735964
0.64295616
0.15505446
0.49456523
0.20581673
0.85843142
0.8524435
0.12749415
0.29162514
0.14112732
0.62209671
0.75391051
0.62305364
0.72101813
0.44626535
0.19027502
0.90937247
0.02644187
0.75029414
0.36628089
0.38175925
0.29900085
0.54768587
0.85678615
0.64086387
0.79287768
0.58698216
0.51354057
0.22131589
0.44313876
0.10238939
0.08869831
0.44656565
0.25547009
0.36027269
0.25770013
0.13651671
0.03982293
0.01210042
0.82184811
0.48149379
0.85888302
0.41398131
0.44350424
0.30709518
0.82618634
0.72382552
0.44868737
0.14507231
0.66173184
0.83804094
0.95750326
0.85455981
0.16485566
0.63897323
0.81735054
0.57930969
0.58216523
0.62552033
0.14810621
0.08337016
0.54873075
0.94281165
0.98110964
0.32336733
0.94149247
0.18152434
0.37376424
0.72575986
0.26873577
0.55227766
0.92997224
0.37908276
0.4255883
0.26822868
0.95237311
0.86400852
0.26380047
0.60009038
0.81603823
0.41777868
0.58947295
0.63381194
0.31787004
0.00199339
0.4206328
0.64810705
0.82974681
0.34184222
0.66902669
0.9545049
0.17377314
0.19002407
0.37724045
0.30621829
0.67573283
0.04822616
0.17060617
0.57434885
0.04988399
0.597769
0.25917913
0.20112182
0.85322351
0.59735712
0.34737995
0.36850098
0.56548132
0.34075633
0.69673104
0.10450417
0.22811031
0.06786378
0.68943469
0.60378464
0.4886567
0.44326104
0.45674861
0.44028038
0.75737067
0.19408598
0.62742679
0.58003606
0.05726108
0.18236668
0.29450128
0.04458669
0.73829964
0.7840294
0.72207589
0.12599429
0.02360647
0.47576518
0.10303843
0.16342843
0.19823724
0.6273631
0.6597425
0.57241906
0.17585016
0.17003048
0.13135548
0.42262872
0.69058837
0.29926242
0.05283886
0.05108176
0.30101072
0.60482341
0.42967864
0.10607299
0.54217757
0.71240235
0.64858092
0.92706932
0.32045907
0.53308099
0.8115141
0.0238518
0.4922485
0.80276935
0.80812524
0.61082967
0.39479511
0.97350612
0.50700145
0.25171114
0.12919575
0.70117143
0.3073883
0.0232198
0.95652334
0.1646749
0.1109964
0.83383236
0.63347796
0.92903843
0.0824407
0.21688097
0.56440007
0.38489292
0.2842692
0.41709199
0.39723991
0.10647617
0.58955077
0.94213373
0.53152202
0.4226146
0.84966292
0.86932367
0.10958545
0.23200497
0.95028015
0.72482913
0.98155595
0.21577325
0.51534302
0.08862243
0.34176997
0.52428251
0.8224282
0.12848658
0.73543448
0.31555169
0.00612935
0.13305417
0.95146677
0.70836987
0.34054993
0.5869455
0.56764629
0.34809474
0.55633792
0.68282755
0.32868805
0.54170689
0.08699291
0.61675504
0.49193028
0.38250657
0.93538338
0.6084051
0.4896309
0.66331183
0.00686501
0.69434225
0.38541841
0.59389759
0.60729922
0.22757103
0.49071775
0.39922337
0.31213337
0.01331277
0.71943412
0.75366654
0.95233996
0.70307978
0.68657371
0.82463154
0.34053859
0.07051152
0.15397932
0.83651511
0.31772026
0.31449528
0.19652839
0.34583984
0.93897329
0.21369575
0.0701375
0.32481354
0.67712504
0.22552263
0.06164377
0.33156821
0.50699946
0.12666911
0.81555395
0.28123453
0.09370926
0.48336578
0.61306638
0.08753539
0.27251205
0.95483455
0.93827861
0.54641295
0.24138159
0.27348427
0.40201634
0.94792944
0.57680306
0.47713491
0.06700318
0.91168719
0.51335129
0.84319646
0.72010181
0.68188935
0.87407791
0.81742736
0.38244786
0.54503891
0.33868279
0.56287563
0.30198912
0.92690361
0.74479998
0.09126429
0.7331717
0.9838161
0.05826081
0.96449863
0.02849207
0.84457912
0.5861576
0.63303064
0.91724934
0.5259304
0.61810453
0.55570869
0.59224355
0.89323677
0.13042289
0.55990069
0.26183446
0.24023436
0.53934467
0.07247042
0.20044136
0.97903208
0.11865487
0.17667673
0.5212008
0.10379831
0.37039861
0.46862333
0.8311473
0.87870723
0.87734967
0.22053887
0.8312841
0.86697268
0.4850374
0.12063376
0.4902489
0.50196349
0.91958754
0.9794988
0.83715044
0.56933271
0.15642493
0.93300901
0.30422873
0.59624825
0.11464589
0.76897138
0.82405891
0.79106416
0.24950784
0.44614625
0.12485589
0.43801845
0.58558962
0.06838302
0.50429919
0.93449159
0.44239988
0.49744763
0.01799831
0.05383625
0.23921747
0.82401
0.91911119
0.64202283
0.59293908
0.34989993
0.54369792
0.15032719
0.98735628
0.56457916
0.26040148
0.90384898
0.52112165
0.74746661
0.84880615
0.25202806
0.31546621
0.43777026
0.60729741
0.70555897
0.34342515
0.8281213
0.36295083
0.97021949
0.47273896
0.93041649
0.01371068
0.64069304
0.61143649
0.98615385
0.11231826
0.41934069
0.98040101
0.96875436
0.17145596
0.13488246
0.36735316
0.51782487
0.21457034
0.68323534
0.57118665
0.27221748
0.0466743
0.78835324
0.8926986
0.78054514
0.17867842
0.45525999
0.18280012
0.96537373
0.01528788
0.48286084
0.48849402
0.79601903
0.68535065
0.26459362
0.67400857
0.26530505
0.81598005
0.88849276
0.655868
0.20068328
0.95877722
0.4511381
0.45742314
0.79148679
0.22037056
0.38516225
0.98784156
0.98575273
0.31798939
0.48212503
0.35652902
0.90664088
0.58880003
0.42460544
0.09431863
0.41185796
0.33802874
0.38951633
0.16487499
0.56294999
0.20599429
0.56493211
0.17600258
0.83563931
0.31438357
0.8758567
0.90713296
0.5287038
0.1427457
0.14159452
0.17095752
0.8405886
0.89599049
0.73637406
0.08944845
0.57206954
0.64010865
0.09183859
0.24637698
0.84795106
0.90882114
0.45074428
0.6608793
0.91882921
0.54263515
0.26736597
0.54920701
0.17235198
0.3197711
0.95523149
0.22983057
0.79558152
0.92525873
0.2459984
0.34260723
0.93120133
0.05851575
0.20850075
0.29831689
0.15185479
0.74937233
0.05045582
0.91425016
0.58315102
0.10920651
0.91009473
0.09882316
0.25331727
0.13863655
0.3910361
0.06010285
0.92048885
0.90447419
0.25451879
0.42375029
0.97933432
0.29166053
0.36719951
0.2165141
0.59147231
0.50851775
0.87428403
0.14456266
0.65159215
0.33705835
0.12785504
0.41630616
0.16533636
0.66946366
0.78302795
0.3325586
0.52167229
0.06188795
0.96709685
0.61919661
0.98722625
0.01652782
0.22906824
0.12222128
0.19393195
0.37889504
0.23201902
0.61090985
0.65626254
0.65277814
0.75018135
0.98337354
0.75841398
0.77853813
0.31204963
0.21307444
0.06242917
0.98551329
0.34928139
0.30832286
0.78225274
0.17729759
0.81536247
0.18686039
0.32314213
0.97715078
0.76201221
0.23750754
0.26861092
0.77887496
0.8280755
0.80658686
0.96333943
0.31409358
0.46171378
0.90332988
0.14370904
0.95754532
0.55522332
0.52043715
0.23838582
0.53222067
0.55977207
0.2170314
0.96761173
0.78068312
0.48155114
0.07169889
0.83458019
0.98515739
0.45673558
0.12564993
0.01997209
0.34318564
0.09841267
0.21548405
0.47909269
0.54451566
0.27887187
0.01836038
0.10803098
0.24527055
0.57519633
0.23286871
0.23090213
0.48890788
0.63639545
0.09957126
0.92356882
0.81817541
0.1814754
0.85077358
0.84273588
0.26501135
0.79879185
0.18785432
0.57320068
0.6283036
0.80067769
0.00985042
0.14120219
0.88121653
0.07916869
0.40717437
0.62479449
0.97137306
0.27026327
0.5716124
0.69208721
0.4514904
0.84191799
0.13891855
0.41377525
0.39956336
0.53470788
0.79479875
0.79574967
0.70127101
0.34406778
0.93065288
0.23964568
0.76620509
0.96731808
0.98364483
0.73651674
0.87902484
0.29317969
0.7022601
0.95497953
0.7462429
0.523277
0.4850713
0.73645271
0.75028946
0.28215987
0.25809724
0.19580571
0.3395729
0.15424591
0.12248205
0.63899475
0.50975341
0.94961051
0.88079433
0.12214146
0.38167963
0.34375259
0.72688299
0.24387046
0.91113076
0.19523803
0.69888824
0.77271602
0.62663203
0.66242478
0.11526627
0.36314573
0.45088189
0.09073085
0.70644971
0.51887425
0.53625045
0.59772007
0.64452599
0.37072587
0.92316559
0.36452216
0.13736547
0.38427835
0.18295122
0.08607943
0.6106035
0.85287768
0.00180033
0.68514446
0.13069334
0.30513514
0.60009154
0.24228748
0.88985145
0.35291118
0.67931088
0.50025688
0.02216526
0.08691625
0.68353762
0.18408895
0.18725955
0.61883781
0.67035647
0.94761512
0.46279658
0.67797359
0.52868741
0.85069633
0.43255992
0.79799727
0.488211
0.25761322
0.19229527
0.31226147
0.03753361
0.16873579
0.5507765
0.56229783
0.22832047
0.18210085
0.325406
0.38847193
0.15745802
0.37500821
0.92284865
0.6000549
0.17010256
0.11866574
0.82722074
0.10178564
0.30249221
0.8869567
0.46380307
0.16423601
0.82288798
0.05315432
0.24422174
0.81687086
0.63526816
0.49753686
0.59500081
0.25654603
0.36955375
0.41277008
0.22329516
0.5634123
0.24138276
0.86610744
0.92096207
0.77916645
0.96179462
0.25682801
0.82486156
0.58555438
0.46560276
0.62120515
0.43205077
0.92325894
0.39039894
0.8562805
0.84218362
0.9594032
0.28901783
0.57316093
0.56629876
0.19200432
0.95656842
0.78101824
0.55540736
0.09061194
0.85068437
0.3091286
0.3904999
0.67741577
0.07509307
0.50823281
0.94670074
0.81090188
0.68098504
0.93022401
0.96733511
0.15366369
0.69775162
0.30430917
0.08741103
0.44595328
0.86549025
0.08630201
0.04285633
0.38886416
0.83234115
0.41274557
0.39813573
0.41634492
0.62807482
0.50724657
0.65893634
0.40509546
0.83950254
0.04557155
0.01775406
0.61346102
0.662868
0.6970002
0.33913935
0.40350249
0.89434947
0.2814249
0.17761412
0.18692013
0.60362036
0.60541521
0.29301886
0.93661778
0.2193431
0.58266156
0.89259919
0.60982831
0.34602044
0.11394659
0.05936261
0.31541985
0.14469385
0.50732866
0.87375371
0.16778665
0.7408368
0.37524095
0.12607885
0.903997
0.08242763
0.60646033
0.81709342
0.09099644
0.35641526
0.98294727
0.12954853
0.86238234
0.03257278
0.27583511
0.13015348
0.77617
0.55604617
0.05581271
0.82861954
0.48920836
0.68714086
0.4874846
0.77542077
0.65161898
0.34433716
0.3490523
0.51885949
0.79650687
0.61243518
0.48797076
0.76067708
0.16545361
0.04788353
0.89615757
0.97454743
0.71547178
0.91492149
0.18840847
0.38187207
0.10015799
0.01867015
0.68763139
0.48443043
0.60718773
0.78965778
0.21398296
0.27164092
0.64910619
0.52555433
0.83018311
0.14973295
0.60820901
0.86803408
0.26334408
0.53659294
0.63073535
0.50227995
0.50445014
0.11627462
0.91433028
0.63545009
0.90508331
0.71395846
0.70186467
0.30308827
0.42730375
0.36421725
0.41995381
0.81396357
0.304554
0.21159855
0.00219531
0.31321277
0.72359286
0.39478017
0.27489572
0.8127872
0.18220308
0.56076986
0.41353623
0.09128823
0.38239049
0.88915079
0.51589258
0.65361553
0.30513766
0.48944838
0.65941295
0.33113481
0.47191776
0.66567508
0.23209537
0.77441884
0.20994524
0.65961415
0.56209533
0.16453395
0.63213999
0.81697937
0.33689474
0.91894206
0.35758821
0.04286572
0.24229747
0.77054452
0.64770926
0.68920884
0.13852077
0.70280106
0.76781761
0.36819315
0.19395853
0.58842125
0.48323341
0.60622897
0.34599567
0.39815516
0.88596055
0.66416715
0.16588527
0.36760946
0.59101465
0.14555418
0.59293502
0.67133336
0.47593004
0.61874138
0.25209742
0.55769871
0.80107796
0.89061146
0.43065959
0.8883066
0.14411435
0.61059813
0.287406
0.65675061
0.23947021
0.63712467
0.19242024
0.6867191
0.59422217
0.60882498
0.1422669
0.07532899
0.25684569
0.84775256
0.55375722
0.94778309
0.35918398
0.21145587
0.55636749
0.79778171
0.2658325
0.98009544
0.71841528
0.97175407
0.84362117
0.38843418
0.38536876
0.9478195
0.69938957
0.82473441
0.61024919
0.42894582
0.91248187
0.36718794
0.19043939
0.40188051
0.16568287
0.56225867
0.12988284
0.09841657
0.76406965
0.09372812
0.01172874
0.82281719
0.46555044
0.45567078
0.30445702
0.32656391
0.33426241
0.64273861
0.70121685
0.22105889
0.21074573
0.32295898
0.17686089
0.61126218
0.30957689
0.94904792
0.56082774
0.85900122
0.42433679
0.18383607
0.39373807
0.75503582
0.19858212
0.77925448
0.09259131
0.10123297
0.67235689
0.06959141
0.57208717
0.89351651
0.85547339
0.64795614
0.33488179
0.73821378
0.74503659
0.39584175
0.11410035
0.75859414
0.85675462
0.48505944
0.49871002
0.39317706
0.72209198
0.31300915
0.37804379
0.02015985
0.79663932
0.47610276
0.96784175
0.93645344
0.87968104
0.92344669
0.3561292
0.66566645
0.63771597
0.22130473
0.41104748
0.74521473
0.39607928
0.50844635
0.11414552
0.1946258
0.08385607
0.84767871
0.42764365
0.36609067
0.88198851
0.17015833
0.97664172
0.14103501
0.04075925
0.82675814
0.18524698
0.89592373
0.08566339
0.16198715
0.82718963
0.98019947
0.7625212
0.38820764
0.64636409
0.13804976
0.19304079
0.1732039
0.61531648
0.28281906
0.43958888
0.58054512
0.65190346
0.08858041
0.78192879
0.04447104
0.45402962
0.96990311
0.76159384
0.55458581
0.97655447
0.92066033
0.27385961
0.15583337
0.10624752
0.77394459
0.2977963
0.60736775
0.04977046
0.43924113
0.57434429
0.18781965
0.34418187
0.95341815
0.91725608
0.62156347
0.69963362
0.58690702
0.25774264
0.45761373
0.54540583
0.52974349
0.09929698
0.84705217
0.47872034
0.6099906
0.20030355
0.1139371
0.74163449
0.74558728
0.7784321
0.74339598
0.60314148
0.37572056
0.28378753
0.84886845
0.04246789
0.40598656
0.41767065
0.92554069
0.36515307
0.79323785
0.6052807
0.22789309
0.52727211
0.56644507
0.33842172
0.81261434
0.84152966
0.26044363
0.0741781
0.86198175
0.50825986
0.05643025
0.10852565
0.97760481
0.9442996
0.66139121
0.29911472
0.33998649
0.55632782
0.87760877
0.9278349
0.28962701
0.85950507
0.32783879
0.79092626
0.71336487
0.9089553
0.22451644
0.23176633
0.15088723
0.73981445
0.45522183
0.28803877
0.73775857
0.90844407
0.78232331
0.33949865
0.26224246
0.42586514
0.97852495
0.40418427
0.13140782
0.01450277
0.05356587
0.88777067
0.34110555
0.96912032
0.79248223
0.60473239
0.89674795
0.86449098
0.58492809
0.98464349
0.24928932
0.70601239
0.77624973
0.2416452
0.529562
0.76509209
0.14128281
0.14140418
0.31312647
0.65601201
0.58853443
0.63323766
0.41027585
0.87975332
0.9205994
0.14178937
0.77264035
0.89965177
0.94441206
0.76986909
0.50137099
0.06650902
0.64068902
0.94036465
0.11304731
0.6441091
0.22716112
0.84074896
0.40369119
0.3503749
0.05930986
0.09379352
0.72112034
0.14039275
0.53888572
0.00209796
0.6204069
0.3069347
0.27061405
0.2873706
0.78311031
0.80450376
0.73671784
0.24871293
0.37468591
0.77850599
0.47422526
0.22588911
0.60324633
0.94683575
0.29372084
0.37487711
0.47802564
0.23364168
0.56843027
0.97616817
0.4219033
0.33201371
0.90632502
0.728848
0.83484745
0.97169755
0.38111386
0.45338427
0.84519083
0.15732015
0.20412179
0.02325333
0.76048986
0.3997762
0.96330393
0.52476283
0.0917132
0.79377324
0.06375001
0.17153749
0.45434379
0.70486133
0.1413755
0.67567346
0.94547776
0.86006292
0.58497501
0.42232388
0.31645383
0.5507272
0.88278115
0.59694686
0.53297257
0.85043117
0.47356821
0.45132177
0.89484862
0.77644403
0.43585652
0.44933646
0.22100499
0.31516907
0.11620538
0.6195515
0.36023132
0.48149573
0.28158422
0.73003435
0.14422769
0.95101904
0.42669327
0.89427435
0.27402013
0.7239363
0.94869019
0.47612827
0.07641112
0.52598013
0.8595218
0.87574083
0.51366125
0.7847406
0.17630233
0.38553728
0.5964836
0.37310531
0.50182276
0.30732106
0.82805192
0.09619577
0.83005521
0.56572386
0.03027158
0.21728128
0.04837749
0.71793522
0.81701442
0.4642777
0.40056409
0.89262849
0.15229112
0.17451509
0.50494486
0.17482987
0.55308272
0.03962543
0.93907576
0.14778411
0.16011411
0.77636972
0.01827261
0.71135653
0.14454775
0.08988291
0.00892462
0.36695973
0.35714773
0.17911956
0.49442426
0.08877695
0.54247227
0.40684814
0.94068263
0.90652566
0.13267942
0.64582066
0.96557662
0.72080782
0.38312164
0.4909356
0.09533099
0.76838491
0.62856171
0.76701647
0.53489869
0.63645705
0.14829975
0.41288739
0.9717849
0.43803142
0.18349988
0.71685196
0.98147793
0.37673458
0.2044567
0.11018657
0.50083897
0.69991022
0.87212557
0.85235735
0.08724275
0.13917174
0.89665483
0.49730905
0.30245011
0.34950326
0.16114482
0.25618707
0.26867947
0.13626815
0.04553828
0.02358001
0.74896062
0.88068641
0.06968413
0.86580479
0.86208518
0.73135311
0.47118565
0.08646757
0.22052994
0.95026328
0.04357894
0.51345685
0.4874793
0.0963659
0.37327642
0.85553245
0.95329343
0.93140739
0.02217832
0.36045865
0.77148796
0.8844228
0.77548452
0.88666021
0.26040338
0.85468826
0.76457612
0.64008762
0.49433829
0.01948523
0.40975717
0.19711824
0.7567629
0.13069323
0.10704557
0.75932051
0.92107151
0.01792083
0.7281401
0.03029668
0.52266168
0.73045437
0.11225911
0.23454398
0.65673337
0.07765075
0.05047975
0.95812269
0.16782541
0.76158763
0.44610421
0.93911967
0.4569146
0.26009016
0.03341936
0.86773439
0.46747714
0.36946738
0.54873368
0.26090946
0.37879596
0.43253839
0.79438226
0.81901827
0.22116121
0.36891551
0.48029129
0.77439053
0.91695169
0.60822478
0.38261762
0.53877367
0.09756517
0.01396817
0.21695263
0.66785297
0.78545238
0.5016269
0.23418796
0.21483203
0.44592548
0.28070847
0.04392637
0.04794601
0.369166
0.16313107
0.6335317
0.265032
0.95997532
0.92193201
0.378676
0.29212169
0.51666709
0.7452283
0.07761061
0.49102903
0.4403913
0.98492257
0.89585607
0.61926754
0.91665933
0.70893767
0.1038215
0.70831359
0.34183408
0.79449704
0.64809074
0.26211446
0.23745317
0.37468699
0.71295673
0.89941494
0.70599286
0.37680566
0.7080237
0.1819532
0.43318953
0.12820325
0.39933283
0.71908062
0.24974453
0.93727564
0.16978827
0.62163011
0.56864235
0.94806708
0.07232661
0.4835649
0.36034012
0.97202981
0.6692551
0.05298316
0.62320981
0.90658314
0.7560306
0.35119641
0.7794004
0.05083706
0.85567637
0.17737995
0.09475791
0.17995673
0.91592257
0.22011536
0.10774258
0.69796182
0.8144335
0.23036359
0.46387482
0.0840915
0.03801748
0.95604685
0.83224015
0.87431857
0.83179877
0.18196459
0.5710903
0.5160667
0.555917
0.3137085
0.74355581
0.07179648
0.13612701
0.69228566
0.12453643
0.27212359
0.64571756
0.72447648
0.43864319
0.53528049
0.14681725
0.05593495
0.78086977
0.7786267
0.14650219
0.10710669
0.89066596
0.7655017
0.59060441
0.83771474
0.93705301
0.67585056
0.31580756
0.314812
0.06093912
0.53248471
0.35216273
0.96625001
0.15845055
0.01484786
0.13816385
0.16489957
0.23068574
0.39483482
0.95306894
0.45656959
0.67322965
0.5439188
0.39816621
0.43850957
0.14514827
0.0442068
0.58064985
0.13914371
0.27033999
0.45105022
0.64580548
0.19388002
0.7552352
0.56625809
0.12995304
0.93502921
0.91520437
0.67653353
0.81413232
0.48197982
0.40492045
0.26054102
0.86277139
0.71507876
0.08961721
0.52053199
0.00796785
0.0563937
0.4608731
0.41444344
0.36321112
0.71630829
0.63585489
0.65073676
0.32996242
0.42268063
0.20486745
0.69981755
0.50240914
0.08711425
0.78410576
0.946709
0.2125726
0.28328899
0.52797519
0.37070805
0.78155275
0.71921197
0.86583461
0.29928182
0.94143981
0.17788712
0.56601558
0.96940588
0.76077882
0.096238
0.79733376
0.77135142
0.85409753
0.8411004
0.26834316
0.90433553
0.18987533
0.17620723
0.04460143
0.12796051
0.07246946
0.18536241
0.36928938
0.36813167
0.89711144
0.81393781
0.31825726
0.07270686
0.38362425
0.52949773
0.9299445
0.28400546
0.88981615
0.37820986
0.6049595
0.42408082
0.7284254
0.12012729
0.61247591
0.09362327
0.76329404
0.08721141
0.53299991
0.89277341
0.20334368
0.56830629
0.03253685
0.57453775
0.44335646
0.87153845
0.68518542
0.87521003
0.9843898
0.66055893
0.7655002
0.41393537
0.37750191
0.88128423
0.90734151
0.29725821
0.61992454
0.63200327
0.50463325
0.26222931
0.83831912
0.59026751
0.66845939
0.47117996
0.78933423
0.98918265
0.16879532
0.07435584
0.83301977
0.19167016
0.00374655
0.3349828
0.39775012
0.59950722
0.26014487
0.02015887
0.6345054
0.2099723
0.10029568
0.9478648
0.21515214
0.71537159
0.47430133
0.575283
0.13780387
0.24839538
0.94802397
0.7396689
0.12566041
0.56368015
0.74799712
0.53246658
0.15075295
0.13109412
0.4102214
0.71731256
0.68178342
0.66097424
0.9701625
0.88728154
0.47989332
0.86001341
0.3897691
0.91027887
0.81872697
0.74289766
0.26251104
0.11231889
0.98360335
0.92613494
0.47328378
0.4575643
0.55822003
0.47938595
0.46108667
0.85352845
0.26781837
0.62618776
0.48944668
0.25132556
0.01049415
0.786365
0.96946316
0.26312927
0.34333114
0.94962991
0.76947918
0.65012178
0.75282387
0.7814611
0.43953098
0.34797684
0.34351177
0.66602446
0.6772058
0.7537553
0.75820959
0.20456865
0.49113332
0.65146507
0.38627853
0.48996686
0.82329196
0.36055323
0.78862179
0.31732236
0.81329595
0.28479764
0.14865996
0.11041004
0.89139661
0.62667122
0.28260521
0.70594333
0.53589046
0.89366005
0.32310232
0.14802933
0.02824279
0.02959983
0.19911207
0.87928703
0.84588587
0.23616963
0.30540933
0.15568608
0.1160482
0.51192428
0.85247215
0.1022976
0.85502574
0.00426666
0.84081744
0.70484059
0.88404553
0.76277638
0.07794512
0.23317474
0.06032927
0.12035347
0.25312477
0.36282877
0.31607436
0.37739321
0.51077936
0.94170682
0.5802451
0.58330295
0.4178411
0.55323324
0.41771199
0.74556701
0.14458283
0.35424107
0.58242805
0.70759731
0.24284413
0.92216597
0.56548184
0.93514166
0.94510119
0.64375432
0.6890632
0.95240277
0.33537078
0.21984674
0.22855348
0.7033827
0.63592974
0.79524004
0.48081903
0.70714396
0.71560352
0.12771253
0.82743681
0.88915574
0.50579826
0.43719377
0.37722479
0.77805796
0.25796431
0.31962953
0.91633522
0.22569842
0.81741458
0.4277601
0.01313447
0.87526458
0.13203563
0.15750895
0.17069332
0.30917349
0.01332395
0.19005905
0.14007842
0.54244211
0.02911962
0.38513793
0.86038367
0.73787076
0.87705606
0.1383029
0.00526935
0.34759003
0.16446251
0.27647324
0.4209781
0.71638418
0.09576126
0.4179169
0.4647595
0.95699006
0.34049202
0.58500348
0.32670611
0.49984562
0.54191748
0.28422737
0.96730356
0.47530902
0.24950226
0.74096199
0.46680331
0.76990865
0.94350017
0.21214134
0.71756929
0.47694497
0.74061822
0.80806965
0.92481324
0.63299672
0.5662618
0.87685965
0.11509972
0.23287779
0.04517772
0.69773165
0.45464699
0.87342334
0.73525362
0.06354864
0.29220345
0.9682546
0.13995232
0.32665141
0.08234131
0.02094252
0.5026736
0.8068352
0.34447495
0.43276738
0.5504527
0.24938813
0.17956519
0.24922338
0.95129657
0.47615452
0.55492652
0.4290452
0.47302094
0.9549535
0.30248919
0.30293292
0.7541672
0.06968405
0.37623714
0.44563898
0.96213692
0.54476366
0.01541978
0.342739
0.25508482
0.75533805
0.79466223
0.69368511
0.42866334
0.56475658
0.62526196
0.62408445
0.57548755
0.67489442
0.96904503
0.53077109
0.81318923
0.70201027
0.60783834
0.13884154
0.54584638
0.37013853
0.7084481
0.15231939
0.26987717
0.40599752
0.28535602
0.71282439
0.41828018
0.88403761
0.52768957
0.90138197
0.23917133
0.27650643
0.27285911
0.06710549
0.71798294
0.04673132
0.13126441
0.08788022
0.9697869
0.57363068
0.19675162
0.13660615
0.79048956
0.04786379
0.54641434
0.64885763
0.82945023
0.57126833
0.57111077
0.24521404
0.39310751
0.62499034
0.01761103
0.28699525
0.25475465
0.26790358
0.85314509
0.2408766
0.24568242
0.95538792
0.8294841
0.92976821
0.64301274
0.83517262
0.30548089
0.22009867
0.97442451
0.78076048
0.24485167
0.65631713
0.57901935
0.86685501
0.35497518
0.14804672
0.91056704
0.95662568
0.48078437
0.73142869
0.32201652
0.16269936
0.57132699
0.36895434
0.63205334
0.0692476
0.25465717
0.01857791
0.197619
0.55787617
0.8381279
0.57956101
0.64849871
0.78343697
0.96816368
0.25896919
0.60302825
0.37741464
0.52486787
0.46128385
0.84321647
0.19578206
0.51144035
0.90614866
0.16093773
0.1077742
0.46500079
0.6957107
0.4257918
0.32893152
0.36936286
0.56129469
0.02103352
0.16404222
0.52308142
0.34363849
0.42081042
0.04994255
0.98285203
0.21460497
0.52708466
0.01873825
0.45651712
0.9224459
0.51305232
0.73798108
0.5270818
0.84267622
0.05555502
0.80137881
0.68279083
0.88392484
0.32755081
0.44855349
0.05674979
0.27396827
0.42860297
0.64113909
0.64928343
0.94371081
0.60125126
0.66566941
0.45059582
0.46641519
0.24300507
0.81634474
0.38652882
0.35127777
0.18053334
0.48763734
0.78287388
0.72472621
0.41047324
0.67087524
0.51277633
0.43076624
0.14141131
0.61463094
0.43388346
0.84179205
0.48237962
0.30627889
0.27008078
0.81388279
0.54752922
0.7073025
0.2927722
0.93541579
0.24075492
0.74298652
0.77250679
0.28883386
0.01424165
0.72327086
0.17527681
0.18686819
0.98965663
0.98071726
0.2855472
0.7690092
0.76080279
0.55260446
0.63248904
0.32721391
0.5041606
0.40772092
0.51596926
0.56390724
0.04581974
0.10658891
0.55689681
0.98086153
0.71468848
0.77050721
0.0675757
0.95247681
0.91947628
0.22061712
0.8911633
0.39172252
0.62741779
0.80953593
0.81524703
0.97898084
0.24705699
0.1159713
0.03920396
0.29348125
0.53934501
0.65469101
0.19735508
0.21871221
0.61448978
0.14670435
0.10547266
0.65636414
0.2095193
0.91166044
0.72722414
0.06583875
0.82918187
0.91787422
0.05324254
0.55812499
0.82973071
0.5358964
0.25694942
0.48574925
0.27081004
0.86372878
0.37499236
0.36372114
0.59772781
0.44945647
0.61998632
0.30578057
0.37580582
0.37167288
0.36691355
0.5520792
0.28549511
0.11054437
0.32457435
0.94677694
0.35496937
0.13038938
0.96441824
0.32267178
0.74684774
0.79232366
0.32858428
0.22360702
0.33767931
0.48600001
0.73472716
0.36881404
0.86461845
0.4933596
0.94964204
0.25748484
0.55127957
0.33982974
0.17414143
0.54770917
0.5460315
0.2580285
0.73140638
0.61449046
0.11876384
0.69596138
0.33041533
0.4246431
0.13937816
0.85106708
0.41543499
0.43777018
0.02212506
0.77671863
0.45696221
0.30132379
0.88287034
0.72148145
0.3653165
0.81526167
0.63874103
0.26045367
0.76529176
0.03073401
0.38945089
0.9839434
0.68784664
0.19673634
0.38909147
0.00059985
0.30818584
0.78949596
0.6599538
0.65716284
0.50681382
0.93888472
0.16828252
0.27642862
0.36779741
0.25806383
0.20871207
0.27231939
0.08497568
0.60370119
0.74168945
0.96102747
0.58944486
0.09567151
0.58978505
0.12458336
0.23916404
0.93385305
0.20680617
0.61992914
0.90427795
0.49355632
0.89278184
0.91653945
0.97484816
0.37381904
0.18075768
0.58725909
0.24929212
0.1203921
0.60479142
0.37574773
0.92067185
0.69204678
0.59280001
0.13455951
0.38702711
0.11336288
0.76433629
0.45929787
0.87250953
0.84327967
0.23987922
0.82955538
0.1364803
0.19040555
0.39622021
0.36181235
0.72187006
0.96258648
0.25832197
0.21543503
0.55095705
0.80168859
0.11451326
0.27344018
0.14444317
0.69989839
0.15740809
0.33012376
0.41963128
0.83430413
0.473705
0.45244065
0.96216195
0.59438477
0.84009387
0.56164607
0.7050354
0.19605584
0.06656392
0.65883914
0.21303105
0.6377739
0.75656677
0.81421176
0.8352447
0.71426535
0.96210959
0.01330837
0.42302961
0.15474614
0.53400428
0.2630509
0.7419047
0.03637818
0.11895322
0.37175272
0.46666363
0.62425713
0.98216619
0.34577481
0.91108699
0.45656965
0.92802685
0.29011734
0.83210444
0.61623365
0.94754612
0.91743585
0.83392996
0.39707474
0.53421191
0.14012103
0.03322425
0.5675659
0.90724901
0.11509001
0.6866549
0.00440793
0.47885904
0.26045457
0.76138993
0.58096678
0.37793485
0.33129881
0.34826705
0.06013302
0.00657981
0.26867627
0.27981357
0.85730153
0.42904418
0.60918284
0.89533598
0.63911574
0.96374427
0.566187
0.08325002
0.25108201
0.372224
0.32336495
0.0956316
0.81365898
0.48103987
0.20598012
0.32899675
0.63371885
0.42052131
0.47039894
0.33071573
0.90647253
0.57408886
0.97826327
0.58970949
0.22734478
0.75647356
0.04989429
0.07156103
0.06881901
0.63674611
0.82152649
0.77893387
0.44255746
0.86318144
0.71194113
0.70594223
0.08336982
0.7160056
0.29520081
0.21372625
0.5069783
0.48347778
0.44413833
0.91230363
0.47120745
0.57733004
0.03384805
0.16316206
0.02903877
0.05658209
0.08445942
0.42149154
0.68803535
0.10337201
0.33335171
0.69645824
0.50252892
0.03695222
0.30770474
0.07397353
0.17459165
0.02671957
0.67918588
0.69932979
0.48418829
0.06229367
0.81411632
0.24699498
0.95802903
0.29526156
0.71164672
0.29286789
0.25723798
0.03042
0.00641345
0.77607891
0.15595058
0.35803378
0.84282434
0.680031
0.08557173
0.83848791
0.94345399
0.81681614
0.41421673
0.64614692
0.05227124
0.3871253
0.39759374
0.02039243
0.03953494
0.69249272
0.39084654
0.32688237
0.3889747
0.57929049
0.44522272
0.23579893
0.86194616
0.12881657
0.39254213
0.35891955
0.08623163
0.90402643
0.35876776
0.56846066
0.89613683
0.08383916
0.53176898
0.41972959
0.04455278
0.54769273
0.61978622
0.61883031
0.95159613
0.90338302
0.95751158
0.54570711
0.71009189
0.83307318
0.34544069
0.23911074
0.37666433
0.76375002
0.72384522
0.12673829
0.56634834
0.48223627
0.68764119
0.71463893
0.03189286
0.35132766
0.85690471
0.63549129
0.41395334
0.08120103
0.68410829
0.21776209
0.23616927
0.36786206
0.89982471
0.35300713
0.45809541
0.13403693
0.6037636
0.4761307
0.8217841
0.62078015
0.70250789
0.11865913
0.21633719
0.70724101
0.6821435
0.11413699
0.74848892
0.51270212
0.86413301
0.83034214
0.86593855
0.62308717
0.25423384
0.02785471
0.87395398
0.65735905
0.69059243
0.32641767
0.29596837
0.65771973
0.82361379
0.67704321
0.26395973
0.52435752
0.5720069
0.18121073
0.84068592
0.55346591
0.61018144
0.77815812
0.55472666
0.3297068
0.97538491
0.00336574
0.69074228
0.0245004
0.15044707
0.20574261
0.05840041
0.16066554
0.49133666
0.28444168
0.04330148
0.19898717
0.63663746
0.26177687
0.75370901
0.85605965
0.159253
0.90946681
0.62423136
0.82284129
0.6700402
0.73191034
0.01978319
0.40359504
0.67887426
0.34185126
0.5299488
0.09677081
0.02593261
0.29977765
0.60733799
0.69366688
0.44465436
0.4625784
0.54432931
0.09901388
0.17689757
0.74190649
0.07168779
0.01589848
0.15078169
0.42333409
0.77093663
0.11578172
0.83206015
0.20345683
0.85280663
0.07683178
0.75755427
0.51888096
0.22543655
0.67372927
0.06783382
0.56718876
0.19921377
0.68975257
0.73982688
0.34099233
0.48730673
0.27112813
0.55801776
0.60325229
0.55883143
0.98380466
0.13549072
0.92131845
0.71057018
0.79508226
0.52256643
0.77298405
0.47503916
0.06091643
0.84254705
0.72554258
0.15327518
0.98659246
0.78630191
0.31500064
0.72230998
0.08611785
0.14224144
0.91250285
0.87374377
0.22556231
0.77474283
0.10387979
0.24926901
0.24797089
0.75962582
0.23839601
0.66502527
0.73149994
0.97294835
0.4786003
0.78630678
0.93084928
0.76305578
0.84911504
0.36519292
0.69365336
0.52304766
0.84981143
0.68319398
0.96330248
0.73105839
0.65461627
0.39664586
0.38553186
0.34889444
0.92741883
0.8662433
0.235469
0.89784745
0.93224455
0.12920305
0.35299479
0.46750654
0.4694145
0.58250691
0.22160842
0.39990145
0.72513965
0.5122216
0.55534768
0.30479514
0.88628222
0.84218335
0.50504169
0.20501099
0.80892438
0.93260427
0.17938527
0.00951636
0.13196055
0.94056921
0.65689351
0.42139941
0.15284042
0.42355454
0.20888329
0.80872688
0.58116615
0.45333046
0.10739685
0.34737872
0.03140764
0.1732682
0.02756471
0.69736996
0.13696684
0.67197302
0.77642781
0.79721931
0.03608296
0.60071171
0.29821716
0.66924813
0.8828368
0.10310427
0.98879296
0.13327968
0.44256516
0.24716846
0.38366369
0.74288788
0.03621102
0.73027348
0.38011769
0.18866113
0.4471273
0.32999513
0.6622388
0.67364163
0.47356684
0.65133075
0.78253803
0.36989651
0.38462402
0.86784089
0.77361107
0.55630177
0.86251824
0.51834698
0.65741098
0.46237955
0.19515827
0.8722295
0.01415023
0.43416397
0.39768374
0.44989368
0.93011696
0.84195694
0.2891748
0.83470051
0.89260785
0.2796913
0.45749096
0.22536737
0.31838652
0.52160756
0.46973606
0.95624946
0.51148739
0.1894461
0.47946026
0.22041439
0.68189012
0.36649412
0.72785419
0.88664784
0.6404962
0.97364502
0.25687131
0.59154217
0.93377665
0.51591544
0.14984867
0.01143347
0.23021441
0.14980472
0.59930489
0.18525449
0.14061394
0.71277331
0.01145723
0.72499891
0.14070892
0.44652693
0.00287093
0.34054108
0.90905985
0.43177173
0.94712897
0.50575461
0.37332869
0.89210363
0.2894378
0.36011566
0.46131763
0.25982277
0.73325362
0.86857565
0.2629763
0.33353432
0.68675583
0.34699185
0.92285669
0.6517226
0.21765539
0.44694478
0.83575003
0.45319926
0.13898403
0.62152191
0.75690474
0.68007854
0.35397915
0.94619357
0.49591721
0.66161867
0.4878971
0.08442911
0.20301764
0.03069505
0.78858536
0.10613691
0.7961202
0.69692785
0.95709492
0.93062687
0.10833822
0.31897373
0.11790041
0.95011561
0.47217136
0.86507225
0.88094659
0.54250437
0.64489696
0.54798892
0.53232844
0.48938829
0.96143001
0.26053555
0.64148387
0.09499259
0.80914516
0.89175632
0.22536665
0.0944567
0.30762412
0.79311957
0.86039601
0.40190706
0.92706521
0.18362163
0.90107487
0.07094005
0.98049753
0.42480429
0.00747588
0.40764138
0.02717882
0.28313062
0.55517742
0.40122009
0.13961314
0.83586306
0.69948762
0.31104059
0.74896256
0.4145164
0.20204178
0.59802428
0.39944931
0.19172004
0.87343317
0.81776983
0.56721983
0.7086065
0.23422429
0.03980524
0.88691425
0.88566065
0.87022327
0.47330205
0.9852517
0.11623671
0.93734129
0.19827427
0.81334578
0.24154311
0.56321611
0.72433826
0.50330635
0.90061917
0.20334207
0.50502826
0.4086374
0.41799466
0.11864012
0.6983926
0.16693155
0.35028285
0.3054805
0.74883672
0.29427908
0.71566128
0.9075329
0.80937558
0.00880302
0.10397701
0.58084663
0.64206043
0.0331654
0.2568256
0.44386792
0.02719073
0.42981029
0.42056258
0.69883394
0.72032231
0.48545418
0.71623279
0.62881197
0.34430958
0.04120472
0.67771698
0.59360731
0.10082952
0.79673959
0.1891594
0.27591587
0.89870616
0.70735047
0.78872712
0.5561285
0.16886867
0.55540378
0.50564938
0.74449187
0.63612755
0.10147064
0.21735752
0.73557723
0.55981893
0.54322617
0.65264579
0.88524594
0.73754315
0.24936748
0.32732072
0.14771353
0.45697433
0.90412107
0.17697492
0.08398216
0.00292155
0.70269673
0.33645632
0.21825137
0.93263932
0.30782065
0.3846844
0.80925272
0.58691786
0.26081509
0.2162321
0.15130289
0.87736245
0.38901372
0.07557924
0.31961059
0.84363092
0.65128719
0.50105101
0.08154314
0.01975882
0.32183816
0.96020213
0.03556669
0.759253
0.30465411
0.47281696
0.39304879
0.78668343
0.07346724
0.68580288
0.71198789
0.66507376
0.15224952
0.03537438
0.07401011
0.55009317
0.76440632
0.11711043
0.15096276
0.44188012
0.28834949
0.82446072
0.0270047
0.59585082
0.82979537
0.97707299
0.52349571
0.50181441
0.78574105
0.11166129
0.35759408
0.18921189
0.12619596
0.77952305
0.95645936
0.24565917
0.45784522
0.88243935
0.58717131
0.67713304
0.97090913
0.93006887
0.41472752
0.83533237
0.11728215
0.59742216
0.86572075
0.51818485
0.48407498
0.6873572
0.80237016
0.78764521
0.50369805
0.11104885
0.85319885
0.68944913
0.0125986
0.81360741
0.19191692
0.47557259
0.97635362
0.80594941
0.67534647
0.21662011
0.3972455
0.89750391
0.46777075
0.64493209
0.8683617
0.76808254
0.19023392
0.80068703
0.07884768
0.86198775
0.41357997
0.65758487
0.08100204
0.09537841
0.4606357
0.16584664
0.60527477
0.85763842
0.53812876
0.71817348
0.44981736
0.31871457
0.28805449
0.07222901
0.76351381
0.83702188
0.03900051
0.13475993
0.84312534
0.30955043
0.75137549
0.87813458
0.89733936
0.79219389
0.57373463
0.68458675
0.39526681
0.68157422
0.9599019
0.77943288
0.45552229
0.62052712
0.13884855
0.24075529
0.97375036
0.1135204
0.01086989
0.38049654
0.45105664
0.15096242
0.97702201
0.87699962
0.31298873
0.87388045
0.77972664
0.07043712
0.88832112
0.63556028
0.79941357
0.81997219
0.23341027
0.84390025
0.77181863
0.92402435
0.69747521
0.59219312
0.07788704
0.4293147
0.39465028
0.91381364
0.40570864
0.43200383
0.35752975
0.73312689
0.18719029
0.17449063
0.51894554
0.78615625
0.40102537
0.68910772
0.85172405
0.98878604
0.94703923
0.74542426
0.64418313
0.94052436
0.501887
0.53599707
0.35469696
0.45962104
0.70980015
0.5891739
0.25677841
0.74468875
0.76386533
0.81361692
0.24385408
0.9617
0.2545806
0.93945763
0.90118571
0.87718968
0.81692041
0.76712764
0.55379048
0.37801651
0.8360629
0.93336748
0.90297225
0.66882631
0.79068463
0.53462515
0.91846182
0.19890092
0.89113142
0.13994001
0.68251109
0.73420059
0.53812074
0.0874671
0.95216794
0.07360947
0.54137551
0.04163349
0.00108001
0.42753991
0.98735553
0.97616257
0.63741477
0.80012619
0.18359593
0.22250982
0.16589246
0.16718196
0.10825691
0.863685
0.22872047
0.95334914
0.30315015
0.79893215
0.34513025
0.04160365
0.11859779
0.18561605
0.61410187
0.55368671
0.81918844
0.89065477
0.75580669
0.87862381
0.90561184
0.61397383
0.15658308
0.2820482
0.44237914
0.13477999
0.06506232
0.21353564
0.57946224
0.1686367
0.51982273
0.33940608
0.68561581
0.16864466
0.44044258
0.34331449
0.95324701
0.34375387
0.92833546
0.5023262
0.57339746
0.82055803
0.78204761
0.74233723
0.75992448
0.30594772
0.64209087
0.78793066
0.37267589
0.44264578
0.27922226
0.35483965
0.42990239
0.15857102
0.90214957
0.94324766
0.32789541
0.35514276
0.89342831
0.51167249
0.03853552
0.48991614
0.42744949
0.62100346
0.04302794
0.1559418
0.33132183
0.53258154
0.65184408
0.63181422
0.36397314
0.31343606
0.33374947
0.15631799
0.02974779
0.30009792
0.68349892
0.46275607
0.92980727
0.05643382
0.63347517
0.8939666
0.54118718
0.81430968
0.90804562
0.40458175
0.27005515
0.68180455
0.75405503
0.93353751
0.08603085
0.46081983
0.84565176
0.07822306
0.79582918
0.68176786
0.1826846
0.04814078
0.25176643
0.26481574
0.18963748
0.78684628
0.71154927
0.66716264
0.93281392
0.34979394
0.9467846
0.88443103
0.34305081
0.90536777
0.44986406
0.59966567
0.03398219
0.779744
0.71523041
0.00815891
0.57504599
0.23527714
0.57758388
0.03134381
0.62810214
0.02615563
0.45489216
0.69823509
0.75053606
0.43325035
0.49477777
0.08625408
0.63520695
0.26525971
0.46191612
0.50326251
0.95608559
0.16830032
0.56575064
0.27476445
0.15091166
0.59894544
0.92552278
0.27555719
0.45904413
0.52828992
0.95003623
0.256026
0.82733641
0.78929801
0.45902533
0.34184155
0.46174296
0.71399512
0.04859537
0.12454528
0.23458888
0.42943106
0.79859686
0.2685395
0.63001137
0.36498128
0.18168793
0.39196218
0.30733097
0.93413502
0.77504891
0.21188948
0.98271561
0.48610993
0.03273477
0.44150866
0.4752009
0.21244615
0.43744288
0.29640316
0.20794117
0.59157677
0.98336189
0.55280674
0.06547575
0.62149046
0.14022174
0.58344521
0.86496389
0.05070816
0.00021305
0.16533203
0.31054551
0.52701793
0.85223082
0.48365221
0.06060711
0.98443625
0.68992837
0.72479121
0.147902
0.694584
0.76370287
0.50472769
0.37838192
0.90078152
0.79154469
0.71093487
0.29760479
0.97787319
0.66034551
0.95423883
0.65338991
0.84989082
0.0531697
0.04331612
0.71213289
0.78257014
0.39685349
0.30995099
0.30804243
0.04205858
0.33219891
0.31393592
0.04764521
0.12557934
0.3409384
0.59780778
0.34043267
0.57833705
0.07439368
0.0191553
0.17717489
0.66073165
0.47351248
0.14161259
0.6618219
0.85762475
0.4018279
0.27767596
0.08374058
0.1864814
0.47276475
0.51990147
0.12134018
0.171098
0.24766499
0.53818312
0.71219565
0.22330824
0.40620023
0.84728462
0.30943114
0.39597036
0.28694579
0.58571879
0.49674776
0.33850349
0.18821223
0.55228337
0.13700449
0.75675344
0.29903343
0.21966906
0.6120775
0.27754978
0.52653738
0.01347002
0.14695971
0.30003131
0.23734211
0.86712941
0.30980142
0.40153342
0.95795595
0.57074022
0.22526436
0.88174617
0.52337591
0.79872377
0.39235087
0.51079849
0.46394039
0.82341077
0.59305639
0.94355775
0.17564336
0.12597424
0.31941819
0.52596051
0.38229192
0.46448438
0.72414052
0.30445183
0.9221509
0.44341482
0.13119484
0.91362166
0.95871559
0.5243248
0.06479863
0.10950714
0.29037949
0.77819755
0.89715441
0.16708923
0.2936746
0.28862834
0.67196251
0.16935357
0.31855505
0.12635426
0.37147831
0.41044799
0.77095228
0.21210805
0.26519161
0.25802374
0.0136938
0.42418729
0.7898902
0.6099489
0.53242882
0.20180492
0.59281522
0.64763969
0.02871558
0.94730739
0.31499174
0.34531485
0.22209731
0.95843284
0.77759024
0.36036164
0.24018811
0.49427115
0.02940888
0.22018615
0.96377702
0.27069122
0.2366028
0.28265971
0.02245464
0.79212373
0.18277804
0.14439881
0.01125262
0.60420398
0.65263363
0.13183696
0.42367837
0.86055616
0.8819261
0.86675743
0.83013221
0.08419964
0.69890003
0.41836895
0.21109003
0.40271222
0.48113514
0.37838225
0.41598071
0.91462567
0.05999023
0.27718008
0.49243894
0.47317537
0.4071008
0.19874929
0.32342946
0.23988953
0.73077635
0.34112014
0.96554415
0.72656844
0.59217802
0.01539472
0.54239634
0.49695251
0.83802632
0.3487413
0.66941393
0.43431787
0.74155767
0.37622382
0.38214038
0.54781644
0.06103341
0.74973956
0.20110362
0.38067912
0.72086224
0.15131457
0.46333923
0.1309429
0.58879875
0.42951985
0.03041665
0.82414966
0.75384951
0.43309736
0.0337492
0.50103674
0.91511016
0.92374422
0.38464234
0.18126774
0.13691242
0.05152199
0.00361141
0.307601
0.31275334
0.7787641
0.27649127
0.52685533
0.81619927
0.0189703
0.62795327
0.04905568
0.35903808
0.94551197
0.26254839
0.78425305
0.42836022
0.3452783
0.18594686
0.01289084
0.15321224
0.42863399
0.54455978
0.06021728
0.85999857
0.46309554
0.11168873
0.03310279
0.66618311
0.61591136
0.57210588
0.89463578
0.62631815
0.59564666
0.49568862
0.41313985
0.03076847
0.45597771
0.17053898
0.76999606
0.65348743
0.98012053
0.15982982
0.69392043
0.33526298
0.22454198
0.59568274
0.94238942
0.13207963
0.2042214
0.89872755
0.00213661
0.04403173
0.62938612
0.32209358
0.2372174
0.89116116
0.53184471
0.41186981
0.12911669
0.60235627
0.87214022
0.77252578
0.53428896
0.87373447
0.93824744
0.91923432
0.59593672
0.8677336
0.41512067
0.91445417
0.5232236
0.84527446
0.03219724
0.11796483
0.28913502
0.83766166
0.78249917
0.61809428
0.78352754
0.83996672
0.02496839
0.46117884
0.96653113
0.01388964
0.49184272
0.03012198
0.35827901
0.101056
0.26928983
0.02563055
0.40330988
0.50559919
0.19477343
0.49351772
0.06018766
0.1847729
0.80716069
0.83628839
0.51893072
0.79074586
0.81136485
0.52021171
0.61719639
0.15582604
0.89777666
0.79857236
0.84385183
0.21156923
0.94696398
0.38018181
0.67963943
0.75173027
0.66823882
0.22275836
0.19787782
0.9029787
0.53639373
0.02721037
0.7755925
0.37756476
0.07271626
0.54662741
0.47838948
0.75946552
0.20287811
0.58329612
0.28615454
0.53383096
0.84724831
0.33552739
0.61141845
0.66721733
0.71985115
0.69785265
0.55867098
0.58729515
0.98249162
0.594708
0.42995725
0.0239622
0.76669324
0.37328258
0.30515371
0.7271007
0.5132966
0.04979669
0.59644279
0.00784285
0.14954642
0.29964399
0.36444874
0.57082604
0.10414278
0.76203033
0.57080923
0.42307806
0.13870255
0.66620896
0.53332642
0.13225686
0.71223929
0.68949213
0.6888366
0.91287517
0.22576459
0.97845565
0.53228003
0.74782326
0.25377447
0.637165
0.47208319
0.43038594
0.4382124
0.23468079
0.57911924
0.16804814
0.63848313
0.80424991
0.56717261
0.60376239
0.50493738
0.19892268
0.66812526
0.36682649
0.69152427
0.20546757
0.89761034
0.59775141
0.15758759
0.9231817
0.82929313
0.24294276
0.79761608
0.53119608
0.68644876
0.89752564
0.42824677
0.87250461
0.18240827
0.46674134
0.78146332
0.63389441
0.3781749
0.96710504
0.4222082
0.68888826
0.33120571
0.32012184
0.93185213
0.74980566
0.84967456
0.59981618
0.25038612
0.98255541
0.08214647
0.59406619
0.19717787
0.08815259
0.28941204
0.79962397
0.13013878
0.86593178
0.8034284
0.22284042
0.95108843
0.32463654
0.56195313
0.98865572
0.88542517
0.67803022
0.06134423
0.49149052
0.12919432
0.17168712
0.96687882
0.63237676
0.53918359
0.34595239
0.07639542
0.02310424
0.3107111
0.49753789
0.9378531
0.3445681
0.46362677
0.40207148
0.93509147
0.91893788
0.21581878
0.03995143
0.03077127
0.60449131
0.21012233
0.25282988
0.060517
0.89959714
0.276606
0.25445563
0.89915399
0.77918664
0.79836101
0.39984974
0.9706665
0.46312886
0.58535869
0.43773331
0.88070421
0.16514828
0.73969892
0.70019695
0.7456338
0.63086498
0.57410019
0.98702889
0.82812622
0.20619997
0.16727049
0.31103975
0.62945173
0.47540099
0.27441568
0.80480885
0.06392234
0.49409522
0.2582984
0.77813674
0.80485436
0.7519363
0.64825871
0.26142072
0.02565152
0.96382901
0.37024444
0.68059428
0.85188927
0.57741997
0.77105782
0.73009433
0.8062062
0.89053713
0.27604865
0.10712023
0.97637269
0.44174911
0.9588463
0.24819658
0.70921249
0.32108112
0.66370405
0.76025849
0.76839716
0.59214416
0.59531352
0.7201572
0.78703335
0.01555802
0.61444505
0.75306145
0.80104522
0.23922617
0.14988662
0.7069554
0.34360999
0.96494727
0.15857289
0.6569053
0.738986
0.07272623
0.60762789
0.8474714
0.97341462
0.66210061
0.66239331
0.71754821
0.18945551
0.78006621
0.27266358
0.83096255
0.0750603
0.24464159
0.78633371
0.96393378
0.46120507
0.25295106
0.33921096
0.00089066
0.31043628
0.05513548
0.91227717
0.8797534
0.44614082
0.33529704
0.77798841
0.50196682
0.69213371
0.42094077
0.83739415
0.13259546
0.28872889
0.01493028
0.54147376
0.28335722
0.36953229
0.2213358
0.19920175
0.96024745
0.50884922
0.24880227
0.58736996
0.23428391
0.57530742
0.86594458
0.27459336
0.41732739
0.68507817
0.97370703
0.92605167
0.05975785
0.29644165
0.28906673
0.0015186
0.08977589
0.18161438
0.33047225
0.76416128
0.54095773
0.90856552
0.3151634
0.04665597
0.26809406
0.78820121
0.53848393
0.65045164
0.58924953
0.63898479
0.9644167
0.03914148
0.53087146
0.78107677
0.29519399
0.77200647
0.53479975
0.00963515
0.29503591
0.70683034
0.74011306
0.29346128
0.81549972
0.69575549
0.69003689
0.94768374
0.60630241
0.8953399
0.45153218
0.00173567
0.33630957
0.45778247
0.59550306
0.92088644
0.29662104
0.10285745
0.03468272
0.92823498
0.65784038
0.89944649
0.97878143
0.43462617
0.59594764
0.53274755
0.65261778
0.69891538
0.03909145
0.83841506
0.08644541
0.18508816
0.28465859
0.13556942
0.17922032
0.90928604
0.88126302
0.15345312
0.62212811
0.79474559
0.25656348
0.25799464
0.73397994
0.8496599
0.86230982
0.71936548
0.98776822
0.41583416
0.12897575
0.59619456
0.50833041
0.4104616
0.12914951
0.53027796
0.82480089
0.80878598
0.31558935
0.14766101
0.02294146
0.26760511
0.7948979
0.36945269
0.74447577
0.59100117
0.23244838
0.36599489
0.6131512
0.18191184
0.15940532
0.09516395
0.45413459
0.78343128
0.18352637
0.92917416
0.79838036
0.7770138
0.61480666
0.12520945
0.84535524
0.21264699
0.35749546
0.21618553
0.44661731
0.45634315
0.63581682
0.20221937
0.64861044
0.15471198
0.54004842
0.48557693
0.76311916
0.4690025
0.10373369
0.56176154
0.20822843
0.40379559
0.48462744
0.56357065
0.08305179
0.5021095
0.36217693
0.0624042
0.60039118
0.80384727
0.93170434
0.1239191
0.06337294
0.29563056
0.05185805
0.63811559
0.19210459
0.94091014
0.48630773
0.69558262
0.57540202
0.84715704
0.84573264
0.10064844
0.12323345
0.20100846
0.85865287
0.60319036
0.95893387
0.63762833
0.02943817
0.53886522
0.40815407
0.80459672
0.75282468
0.59617839
0.55392706
0.40867788
0.4285844
0.5415209
0.581304
0.63266863
0.11162174
0.85524668
0.70198422
0.33372485
0.12132526
0.1034685
0.06337847
0.56212035
0.02224145
0.04760831
0.70877732
0.32408739
0.06111605
0.726305
0.54701922
0.89765597
0.97529755
0.39210801
0.55310229
0.9761657
0.16446664
0.80508122
0.27388497
0.17091069
0.60961296
0.80031703
0.56040817
0.12745083
0.22738439
0.52573288
0.18379966
0.33696894
0.07578474
0.74450435
0.67724794
0.43664874
0.46085169
0.86648948
0.05296109
0.66920621
0.47114848
0.95572177
0.39972571
0.34915636
0.77860875
0.14353166
0.93281184
0.96146113
0.44721509
0.17040723
0.25851144
0.4872972
0.77500771
0.32074304
0.86809174
0.57541595
0.3283501
0.56466544
0.82192111
0.93920835
0.70094141
0.37370998
0.92083724
0.16110073
0.36315336
0.97208848
0.1923431
0.0699578
0.87884721
0.40049167
0.61782098
0.80815126
0.46107683
0.11747431
0.36252054
0.7406001
0.87160387
0.24816714
0.56975682
0.28782133
0.08270446
0.61006724
0.86989161
0.77373222
0.37715238
0.15517549
0.39274238
0.06051012
0.48163296
0.84666943
0.76693719
0.52387467
0.91466617
0.43330283
0.79112095
0.96062299
0.677178
0.89920925
0.98343083
0.63807983
0.70080153
0.48829458
0.94981454
0.84158337
0.85774808
0.18933401
0.50241222
0.05777417
0.6081169
0.78462851
0.08710568
0.31720367
0.92811786
0.77054736
0.09249402
0.31856982
0.02831515
0.92840578
0.49131344
0.70639676
0.09478457
0.6293913
0.82950461
0.10011061
0.61149649
0.37444812
0.40901336
0.63927678
0.53415271
0.21946811
0.79154983
0.5409567
0.3471809
0.54834507
0.04617736
0.49200355
0.07333494
0.14171087
0.96010459
0.7483072
0.19059441
0.69901456
0.61839542
0.78488179
0.39959357
0.72231922
0.82065878
0.19923258
0.49660463
0.04022689
0.79366792
0.30632073
0.55871713
0.5811877
0.82407637
0.88454498
0.30228799
0.07167262
0.39899324
0.924748
0.91871851
0.04316179
0.65293421
0.16024391
0.69536046
0.41202662
0.59439611
0.15789501
0.03607584
0.68310938
0.53456779
0.29660957
0.46654813
0.86812395
0.67189028
0.40569893
0.72891575
0.6988917
0.2629829
0.55445953
0.95836025
0.67071207
0.29301335
0.94925445
0.97515143
0.96436795
0.19829734
0.382615
0.21540234
0.28895636
0.67687775
0.16856817
0.59828716
0.36611559
0.67566805
0.31694453
0.75194559
0.1451403
0.54474651
0.76053174
0.30043928
0.9860249
0.48534943
0.49580339
0.21587669
0.55115105
0.20880091
0.71803291
0.54031729
0.80699057
0.85242004
0.89999043
0.04664444
0.5159441
0.12396228
0.79258121
0.97174443
0.39144193
0.60789823
0.83923109
0.16628381
0.24834562
0.15198731
0.30487113
0.19494598
0.21157555
0.52908393
0.75979554
0.6382737
0.63755184
0.60884136
0.86242523
0.34018088
0.38862012
0.37080389
0.12440919
0.42811865
0.96901472
0.37120841
0.16970382
0.31271871
0.7426811
0.17893267
0.35674005
0.58696828
0.15018268
0.31949404
0.57343271
0.47367417
0.45532717
0.83526637
0.80956496
0.94476636
0.42852762
0.12670544
0.20583279
0.89528911
0.91320102
0.01176397
0.37066654
0.6188932
0.35171327
0.79015521
0.12584653
0.88481084
0.23768695
0.08353726
0.20794827
0.81684362
0.49574039
0.41875397
0.89356972
0.62640466
0.71059538
0.00462961
0.28914169
0.15803407
0.37121585
0.62881281
0.44769584
0.80360972
0.31884155
0.19102811
0.80172661
0.39462796
0.58651626
0.31450169
0.88773193
0.60437418
0.42019652
0.81913791
0.08543598
0.14554423
0.3624744
0.12674958
0.36421636
0.54589614
0.68614116
0.62050015
0.40496889
0.43292887
0.6829791
0.08942705
0.28299285
0.12557082
0.58755322
0.46187151
0.32575029
0.82980703
0.36193977
0.18140291
0.39055012
0.45398847
0.0124344
0.31641073
0.41770466
0.62563603
0.91484742
0.53137791
0.63357812
0.61926678
0.67312154
0.8263675
0.30659545
0.9752031
0.11438026
0.83875112
0.12832948
0.76189854
0.1934275
0.55105628
0.76325387
0.02636742
0.80480258
0.57680105
0.07067
0.5433813
0.18702684
0.16651316
0.41445131
0.3544313
0.35615834
0.70071824
0.6004322
0.06088064
0.32002259
0.10213455
0.82393605
0.14965955
0.67181455
0.02817292
0.47912377
0.04620517
0.48616165
0.28518081
0.1752162
0.67111994
0.00196701
0.0090902
0.06938759
0.96072443
0.08699968
0.35839002
0.62496171
0.94557841
0.81112303
0.37853915
0.4915658
0.03972067
0.25681527
0.63246199
0.4956314
0.28611794
0.08303183
0.66534416
0.0685058
0.80910714
0.12316116
0.08784435
0.52007987
0.41279581
0.90404978
0.71437097
0.13728025
0.22924679
0.80579278
0.36925364
0.80555279
0.49816731
0.51847908
0.66916901
0.48277291
0.25176341
0.13184663
0.63217608
0.77558054
0.22283516
0.47175843
0.14796886
0.09446247
0.90052494
0.13886708
0.63062286
0.44848127
0.68583367
0.50218269
0.6695989
0.22945452
0.14208457
0.10721316
0.8789634
0.75223395
0.86784604
0.83540835
0.20830053
0.31214137
0.44258405
0.42720054
0.75028834
0.2400059
0.63530577
0.27706838
0.45980449
0.04088572
0.30587868
0.39105343
0.38002783
0.35764451
0.31436748
0.29277964
0.48162966
0.76837109
0.11509319
0.89353857
0.07685483
0.63487073
0.89439763
0.01155011
0.24883731
0.51143843
0.29099381
0.95065209
0.18126076
0.31972564
0.76001356
0.5823324
0.97248751
0.47195827
0.87794811
0.95080247
0.98483481
0.51391959
0.15815101
0.54068326
0.47415609
0.85020427
0.52503248
0.85781467
0.15894761
0.29521187
0.29062373
0.62298655
0.13812587
0.00381046
0.38454783
0.40678383
0.57769941
0.48418412
0.48915668
0.65428599
0.37311461
0.49662765
0.73971471
0.03207571
0.80409512
0.82076376
0.33275144
0.93917386
0.44207156
0.95229645
0.48177306
0.12913392
0.03501787
0.75071303
0.0785505
0.00826743
0.29935414
0.3340519
0.56181666
0.19421988
0.96547363
0.73817173
0.0463556
0.02752934
0.39672993
0.73725374
0.97650693
0.37705181
0.97249237
0.91945992
0.57855407
0.61062512
0.02007499
0.40965089
0.26244608
0.1797922
0.00065336
0.90856874
0.5961514
0.05963068
0.97344907
0.60441424
0.51402889
0.54541098
0.47949042
0.26104629
0.55107344
0.71404035
0.83078841
0.92397167
0.05972972
0.81905576
0.88566635
0.6878934
0.67508488
0.64958409
0.36285035
0.5727965
0.68675534
0.79216905
0.94931103
0.86402555
0.72593191
0.38362837
0.13535084
0.54894767
0.39815634
0.6044954
0.54614994
0.48232028
0.63308009
0.10564335
0.04365751
0.33307258
0.4470979
0.06207184
0.25542817
0.89105851
0.17264848
0.07167254
0.05731665
0.05894372
0.64153072
0.35425748
0.45494056
0.87998008
0.68094648
0.02560312
0.36061083
0.53542584
0.1150059
0.59616123
0.23648235
0.34790393
0.12895334
0.32229012
0.9872226
0.53545839
0.47243289
0.52893205
0.29133392
0.25063908
0.4937491
0.2367701
0.601984
0.56936977
0.88173351
0.52124982
0.67883689
0.37292415
0.11453892
0.41141314
0.34012837
0.01543826
0.16358716
0.09110919
0.55805797
0.13408439
0.3605291
0.95912718
0.4302347
0.62664573
0.00694318
0.76072682
0.20599073
0.39978286
0.02347562
0.49597346
0.81740855
0.88932136
0.20693702
0.90758162
0.88533746
0.52929
0.3271987
0.56304175
0.57932992
0.22336137
0.97019981
0.58590175
0.61733223
0.64265179
0.30563359
0.68116227
0.75525334
0.88108153
0.16966926
0.7841336
0.77286733
0.11604156
0.47422931
0.43198541
0.12039662
0.94316608
0.31928431
0.66398246
0.67361255
0.00406781
0.64315799
0.52428839
0.184315
0.65166171
0.91691934
0.21491392
0.14947245
0.81935738
0.46556301
0.4219092
0.27852655
0.63325668
0.81188483
0.46357915
0.83804614
0.77417823
0.51839603
0.60456468
0.40355935
0.42718817
0.29922235
0.71680764
0.21975336
0.28890222
0.01500054
0.08976666
0.33453173
0.54399486
0.20042479
0.46561607
0.65748698
0.78834228
0.08561841
0.1082478
0.79358727
0.65919439
0.17380494
0.45473275
0.33340926
0.86145631
0.7910874
0.47999577
0.07763857
0.40896893
0.14221102
0.25104625
0.27992802
0.38088592
0.06873553
0.66000726
0.49486754
0.7615223
0.77480859
0.69985235
0.96435985
0.94881571
0.03073376
0.22526509
0.54184118
0.56953126
0.35870613
0.57715648
0.09359202
0.03485138
0.84680949
0.33823358
0.57680894
0.22174854
0.72205688
0.87209693
0.58637923
0.71177118
0.92851093
0.04498615
0.16326917
0.74606957
0.77113189
0.31065287
0.87645322
0.04315521
0.11616669
0.44172696
0.31858748
0.74183273
0.62613478
0.07576071
0.18210995
0.070413
0.80231451
0.79315168
0.57216315
0.4088201
0.64132038
0.08945586
0.67757266
0.32575618
0.54741696
0.81531123
0.75438338
0.49097454
0.4946678
0.76294385
0.56969368
0.37312472
0.49814671
0.32129917
0.03523993
0.573506
0.41893385
0.59342893
0.47881236
0.3322891
0.16188991
0.48964761
0.50605842
0.54167381
0.72651205
0.58186776
0.45544915
0.47257947
0.40319442
0.11408605
0.92166983
0.96141645
0.04005909
0.42834317
0.42716523
0.30600101
0.03555888
0.78671233
0.10233874
0.20873468
0.34796176
0.68809333
0.80981817
0.81910429
0.29527366
0.83342777
0.04231162
0.44263224
0.52197834
0.80373688
0.00582376
0.78299198
0.75161907
0.23735694
0.856129
0.81976858
0.9799095
0.65007873
0.4861876
0.73801917
0.70373431
0.22266872
0.37266818
0.36395267
0.43192543
0.87915983
0.74768787
0.6710827
0.6649896
0.43094273
0.33858863
0.69612314
0.50759989
0.57384269
0.76532602
0.25379875
0.71102327
0.63253483
0.87010006
0.5966845
0.85134224
0.32044878
0.43688599
0.96936753
0.07743725
0.53577533
0.8260381
0.0837309
0.02780664
0.2203174
0.54968944
0.25465919
0.9258513
0.96233543
0.18378654
0.06776946
0.1961216
0.10190195
0.13171652
0.00215823
0.88703996
0.53180225
0.54501286
0.72123831
0.2866505
0.31604406
0.9398216
0.35093618
0.85509574
0.7005143
0.42762756
0.61011884
0.57023007
0.13126898
0.21052493
0.16934617
0.48042322
0.05527982
0.91400888
0.34498303
0.7604885
0.4129776
0.0844279
0.92399225
0.02692289
0.0367313
0.8001962
0.32058929
0.50968863
0.39395659
0.60174932
0.91023391
0.00629995
0.47002968
0.81542067
0.72340225
0.86891503
0.83325976
0.54151494
0.09926239
0.59838073
0.4236023
0.06476014
0.98592564
0.70982607
0.19109858
0.09047591
0.26016604
0.74334162
0.51408459
0.92628173
0.91055594
0.87988745
0.28993417
0.80000213
0.32292103
0.93058443
0.77370936
0.24277403
0.75904251
0.34864509
0.65891184
0.04263117
0.0433788
0.96858574
0.52290217
0.22342195
0.39237709
0.73596031
0.29049933
0.03721614
0.7144272
0.53594596
0.3542836
0.17977298
0.97672911
0.93327106
0.11934571
0.41938909
0.62142774
0.31446093
0.10343515
0.98925159
0.23148261
0.38854628
0.82300944
0.57144915
0.83365947
0.32014722
0.07426849
0.42821197
0.19830389
0.92797576
0.06945119
0.63511949
0.03439791
0.21022438
0.62322884
0.37318002
0.77546575
0.76378024
0.69573122
0.77091369
0.40058021
0.1430757
0.03015888
0.80091539
0.45309151
0.10589849
0.41144884
0.61845214
0.77411997
0.23532094
0.54078481
0.08328074
0.1287768
0.47436386
0.37026143
0.53395933
0.98726112
0.00580499
0.98312831
0.0924509
0.01587989
0.29765297
0.90291501
0.49736543
0.74386438
0.55740798
0.83635504
0.44683452
0.62367373
0.58100589
0.01969696
0.23372483
0.13767785
0.30416109
0.19002492
0.65220034
0.12337756
0.20386337
0.11875693
0.58825358
0.57373875
0.57548793
0.81914764
0.16615257
0.55161678
0.83934106
0.84123677
0.46931759
0.62225946
0.38820645
0.77214825
0.18547078
0.51824668
0.6389814
0.39091612
0.75099847
0.27985799
0.93287644
0.58798497
0.73130125
0.19722199
0.12993302
0.17467561
0.57271717
0.14402003
0.12339387
0.92512764
0.47051147
0.03938059
0.74905005
0.89425055
0.32822546
0.1349322
0.37347733
0.33827987
0.06341901
0.69280522
0.30697154
0.09746764
0.41774068
0.15877747
0.78243774
0.8574343
0.38121035
0.53160212
0.4949528
0.01083656
0.55778647
0.41834012
0.18070375
0.1033032
0.94519201
0.26728974
0.55555565
0.20073653
0.22832915
0.15009257
0.64514534
0.97716294
0.8027779
0.51757343
0.39275233
0.67806941
0.09055543
0.16281717
0.08279382
0.68294623
0.39561769
0.95427541
0.92497974
0.13095311
0.28525739
0.31003842
0.56683358
0.85359449
0.88370414
0.71573009
0.01951474
0.44669416
0.43376586
0.39113124
0.60447335
0.69578052
0.42355739
0.63636875
0.05342537
0.50766383
0.76043053
0.63486733
0.75021415
0.05332524
0.05391344
0.04130939
0.96791505
0.56614954
0.07175068
0.76829591
0.81722397
0.38736321
0.13106838
0.86741962
0.57236582
0.64304973
0.2495149
0.17555461
0.84445993
0.06211661
0.51832871
0.83668671
0.35283077
0.21772254
0.01889347
0.69011649
0.46456306
0.6916816
0.58353213
0.81472341
0.85294564
0.97431528
0.02172212
0.8546114
0.18439218
0.21593347
0.92186123
0.5106121
0.67788529
0.16752908
0.31523125
0.59981657
0.96917602
0.97056235
0.15866366
0.40470496
0.11475951
0.37709143
0.90823889
0.5622603
0.79498392
0.37425711
0.34897706
0.04563187
0.67683586
0.96314759
0.34353059
0.93540013
0.16333796
0.24671712
0.10804402
0.81712031
0.74603907
0.36184404
0.22034813
0.26631679
0.25286452
0.54241825
0.18407128
0.14856098
0.26386961
0.26676818
0.49248081
0.30634423
0.50129531
0.40441649
0.76167825
0.26435669
0.14411102
0.92704517
0.60850807
0.25811023
0.18372276
0.94846201
0.76360994
0.81972788
0.65875489
0.10361565
0.17238135
0.84218939
0.58856915
0.44852392
0.4271555
0.87896417
0.08288545
0.56663921
0.71780924
0.09497052
0.36734643
0.11011664
0.77739836
0.04610767
0.25505607
0.85808416
0.414286
0.41284299
0.0376111
0.22282321
0.51299819
0.17571405
0.53964892
0.60368196
0.33890221
0.76155992
0.88472352
0.86107267
0.92407611
0.29141005
0.148868
0.54439947
0.18014626
0.9708561
0.73701632
0.16604906
0.47102573
0.80428474
0.07745906
0.04756865
0.42237257
0.23147877
0.21714183
0.25207858
0.39323017
0.63376653
0.87779721
0.96646115
0.09178372
0.46500914
0.17876648
0.45204356
0.77345504
0.00056059
0.23411008
0.28010129
0.56023406
0.0626385
0.16528025
0.37965627
0.42861349
0.0713661
0.71661605
0.87794737
0.48820869
0.21565568
0.93211491
0.64750185
0.81120685
0.31179354
0.3238344
0.32250449
0.65167044
0.12133396
0.50650442
0.15067507
0.69292119
0.40393412
0.36939913
0.48024812
0.65943823
0.40835623
0.41425655
0.44568716
0.01721941
0.93466355
0.02514382
0.01670053
0.38004086
0.96195672
0.14171751
0.96978439
0.8385288
0.91548787
0.5381145
0.37241585
0.32720819
0.79301675
0.5436266
0.18451488
0.02021204
0.26724421
0.54738979
0.63252383
0.91960518
0.39848189
0.71691475
0.3953943
0.41810772
0.86266471
0.98861767
0.78691522
0.3114576
0.28593497
0.33318456
0.49166226
0.0425246
0.08362827
0.88944134
0.00143373
0.66997906
0.67618897
0.80990544
0.93792282
0.42610836
0.27718036
0.61256267
0.05034328
0.87898721
0.30535494
0.96221109
0.44775222
0.51666819
0.71869638
0.97097726
0.74427465
0.06892797
0.23115756
0.26227621
0.94917306
0.60307213
0.87298459
0.41529854
0.65845876
0.22159441
0.55862243
0.33923061
0.41812166
0.61114065
0.11887337
0.32157047
0.35919471
0.85667317
0.60889449
0.26446782
0.48248188
0.57166083
0.50051188
0.22755399
0.29554285
0.08210675
0.79178886
0.64293469
0.97015241
0.45306582
0.14629438
0.07168575
0.15084592
0.69564014
0.37165732
0.23157515
0.01914456
0.85051729
0.60576268
0.69364066
0.89124858
0.97845861
0.85444748
0.83570457
0.84589703
0.24727233
0.6092015
0.13920507
0.67519116
0.39888755
0.96974162
0.25525579
0.52877125
0.28525195
0.49716143
0.53973279
0.39256148
0.94409887
0.63701414
0.52495058
0.63968269
0.48634318
0.77703393
0.58774367
0.49082309
0.32017657
0.57972231
0.60647581
0.80904999
0.47391357
0.28905196
0.83572383
0.51307523
0.61050818
0.93879955
0.43027763
0.00554222
0.06297938
0.31822283
0.54589307
0.0523813
0.3358659
0.91092174
0.66716274
0.83582196
0.1588807
0.93567878
0.66789977
0.225018
0.31741364
0.75516814
0.93500175
0.86089895
0.52391306
0.13938066
0.13229851
0.64917125
0.03407973
0.25264916
0.60279514
0.10345708
0.11656143
0.49699628
0.01930561
0.78924585
0.06099074
0.46012809
0.50579407
0.40057959
0.6471813
0.61607847
0.25229596
0.47609765
0.12359873
0.21617917
0.82174105
0.68757334
0.31199446
0.28548081
0.60421079
0.09182395
0.65040105
0.39678902
0.19971387
0.02737095
0.68544064
0.7095829
0.57296468
0.44978877
0.12084599
0.81290864
0.0453813
0.57998956
0.49929243
0.515896
0.95118746
0.32147282
0.00607662
0.41937885
0.88340764
0.37868602
0.58860509
0.33835734
0.06717981
0.45371106
0.24512974
0.74119808
0.30103778
0.6058291
0.22029619
0.62363257
0.03375227
0.32449692
0.37039708
0.45106706
0.01145279
0.63002182
