0.86003101
0.35138905
0.61623561
0.88550774
0.63024981
0.0253726
0.5035743
0.11778034
0.92175534
0.21973511
0.33133877
0.05881107
0.18246476
0.32512509
0.43022456
0.38038209
0.19165737
0.85495963
0.25308314
0.96673785
0.88530239
0.74820299
0.20767712
0.50360708
0.53486856
0.88546061
0.8465175
0.83404047
0.2599667
0.53101907
0.86074726
0.12586218
0.02277671
0.92560493
0.69748838
0.29256629
0.32412786
0.60967542
0.77842621
0.91837397
0.45703669
0.13597397
0.39833947
0.359131
0.42342953
0.52900246
0.09959
0.96353902
0.41285332
0.00656452
0.62972901
0.19686962
0.28599717
0.04916726
0.18294479
0.8152708
0.22714225
0.43351351
0.40594588
0.40356934
0.71162182
0.03115973
0.4128335
0.66546401
0.41247287
0.5188105
0.78657102
0.55967841
0.45544684
0.33460625
0.57248237
0.25762194
0.68816545
0.33374108
0.89007952
0.87919371
0.37038503
0.43744663
0.77672908
0.7279757
0.45428397
0.21356921
0.51970993
0.91821188
0.803491
0.54762553
0.81831768
0.80833169
0.46840171
0.71972501
0.1643714
0.63963365
0.71179991
0.26027482
0.8143113
0.97007771
0.13295845
0.2215296
0.53759056
0.3741835
0.37434748
0.91664274
0.46991095
0.21163366
0.33364605
0.9568031
0.95123407
0.43761265
0.53978663
0.01774249
0.73098087
0.29480686
0.15779498
0.17598816
0.24337574
0.1513112
0.52906782
0.81094728
0.27569215
0.88252117
0.08445695
0.79206088
0.91724351
0.67050247
0.67717127
0.97125591
0.79757988
0.13692274
0.76530861
0.60564801
0.91435514
0.67790911
0.60219785
0.95329058
0.55746945
0.79779167
0.47932814
0.74911171
0.74118879
0.43383743
0.38500849
0.60362069
0.47127666
0.56318027
0.12314679
0.13872121
0.71668766
0.39430309
0.27627553
0.35320363
0.86894187
0.93138807
0.31211009
0.18444097
0.64564657
0.57894955
0.83433103
0.84946971
0.56923702
0.06553592
0.68134566
0.71566413
0.10745302
0.75257039
0.44418263
0.25697634
0.78098207
0.31699857
0.51434159
0.00267121
0.64460903
0.39109986
0.93251823
0.66155905
0.7071382
0.80690297
0.95545027
0.59796178
0.40836031
0.22395065
0.57890056
0.02559895
0.64043947
0.77483704
0.2453484
0.19503128
0.34314821
0.93521082
0.54741395
0.7256607
0.20803863
0.93727687
0.4206037
0.58662429
0.18920979
0.87342024
0.09259352
0.85528373
0.24259744
0.16004066
0.3513204
0.04024863
0.2700665
0.82906845
0.6484398
0.86752403
0.66595073
0.30886625
0.86444745
0.29980788
0.90219363
0.24761357
0.43828762
0.17465612
0.32528986
0.61295227
0.63663599
0.27992702
0.26618748
0.98968056
0.20618195
0.16034669
0.59144045
0.61180102
0.49092083
0.33266713
0.62775923
0.75886111
0.23482592
0.64273533
0.90542683
0.38870148
0.03843426
0.85256784
0.67661116
0.59312714
0.54645157
0.81387888
0.95956328
0.13135091
0.76596904
0.76865912
0.37857861
0.682368
0.75346853
0.23207774
0.13104839
0.15181193
0.5508999
0.28726136
0.48132552
0.47385604
0.0943295
0.65413943
0.53222253
0.42459185
0.69142917
0.35304523
0.95025707
0.23517232
0.69819556
0.36782264
0.20228323
0.14385835
0.18512563
0.42020078
0.97174414
0.07316666
0.98596829
0.31588366
0.48423087
0.26478283
0.25590071
0.47537048
0.72353498
0.49969364
0.87825198
0.87530295
0.00079211
0.02438428
0.22505723
0.10105301
0.37713505
0.7851282
0.35594774
0.33426724
0.3775202
0.12297595
0.76254359
0.6560722
0.20141364
0.9886808
0.28227413
0.91638032
0.79625913
0.20506864
0.53350349
0.8996222
0.7984085
0.81036358
0.69286515
0.05272675
0.44476178
0.6018233
0.11179547
0.19497208
0.98233281
0.28183378
0.29270822
0.23640904
0.70811464
0.45605106
0.32258846
0.30737629
0.92261431
0.97835085
0.55566188
0.8098304
0.88995415
0.72633193
0.46090955
0.86724157
0.63692356
0.4724089
0.25161727
0.57399509
0.12879449
0.19597387
0.61825038
0.7926141
0.54365562
0.58020749
0.55990905
0.09016299
0.01351856
0.34002152
0.36779175
0.08248923
0.45712491
0.3073984
0.8282451
0.7302727
0.40597151
0.03928862
0.28367353
0.2283366
0.28308309
0.81246847
0.2142847
0.8577163
0.08642944
0.92529335
0.66017829
0.139875
0.00628654
0.48656419
0.83517679
0.26803511
0.77266455
0.37998439
0.26401361
0.75295983
0.92181726
0.02331901
0.38077991
0.43593401
0.95530932
0.26801504
0.17040216
0.47760099
0.66337733
0.78257515
0.28374944
0.37156053
0.50191056
0.67838603
0.02687074
0.36656666
0.87663863
0.1593285
0.47637333
0.16632803
0.60734202
0.63514463
0.6460975
0.49944623
0.53263982
0.87750353
0.23615588
0.97746572
0.92125401
0.77325816
0.89644015
0.83836629
0.44109309
0.98430014
0.20069413
0.59978472
0.00072014
0.57875951
0.39515262
0.90313533
0.69737663
0.67014035
0.30748988
0.00252293
0.10691545
0.77722135
0.11776653
0.89993899
0.97722279
0.59632436
0.0879803
0.5363861
0.95993016
0.09537503
0.91700047
0.24973918
0.27161649
0.38286148
0.66133314
0.53281389
0.05251785
0.92405745
0.57770645
0.97254552
0.11559491
0.541667
0.23919168
0.43915467
0.0107665
0.44108535
0.58063817
0.39206092
0.32441991
0.29285511
0.23093954
0.66342827
0.96285552
0.45435612
0.9400028
0.08776056
0.76173896
0.6465907
0.3286684
0.36508169
0.61657382
0.79545896
0.47455312
0.95943856
0.97774637
0.0855684
0.70179182
0.08511639
0.61571142
0.63914893
0.11943326
0.586742
0.40829691
0.90346632
0.81847122
0.46517153
0.60515492
0.97190762
0.70798546
0.03552385
0.51667937
0.12269596
0.30737293
0.46485632
0.8193196
0.65800297
0.25662992
0.29903181
0.82160474
0.68395051
0.37636378
0.74371947
0.55889064
0.94714876
0.85064196
0.37956313
0.80897977
0.84691661
0.12324516
0.35723841
0.53536506
0.29160358
0.93190831
0.62469178
0.43865733
0.16800878
0.90962897
0.61290281
0.16472455
0.95246478
0.20198263
0.09458453
0.63058974
0.8173208
0.29643985
0.64824685
0.52693405
0.55380507
0.59165741
0.9088727
0.10446322
0.5875714
0.11752309
0.67823128
0.27546796
0.07637512
0.00541494
0.43237573
0.92188558
0.44490399
0.08833242
0.97903685
0.85464011
0.5276691
0.01842387
0.65122121
0.02578635
0.98522523
0.88699053
0.0802074
0.93562827
0.60093488
0.22625264
0.94629084
0.87944064
0.83169403
0.19527503
0.75487766
0.77370297
0.56304716
0.86386152
0.10132882
0.02996299
0.89548567
0.31682582
0.01447559
0.96443061
0.8221993
0.53202346
0.14429402
0.72916918
0.62064428
0.42178871
0.56162884
0.83644184
0.22877551
0.81739994
0.50479987
0.85983656
0.64380467
0.59580623
0.87325149
0.1589973
0.05172478
0.58312265
0.61461513
0.93785038
0.3877402
0.43539204
0.52413686
0.74060543
0.20769774
0.53606296
0.62066312
0.90672387
0.65833113
0.35944142
0.57229709
0.28859682
0.41274615
0.5086055
0.81651926
0.84596954
0.81986454
0.87462464
0.53401461
0.71515668
0.17356521
0.35716316
0.3586643
0.41604664
0.48051176
0.55526735
0.48620157
0.55264864
0.63178814
0.19216952
0.0487824
0.82349971
0.66616775
0.51872052
0.18888607
0.96022476
0.6202365
0.25803626
0.3529513
0.51067255
0.74621062
0.25989187
0.82209048
0.41283322
0.83973347
0.59417492
0.80107799
0.18575178
0.68208309
0.86090346
0.33825301
0.04753436
0.02505319
0.56749824
0.5044301
0.28607333
0.63197176
0.92862105
0.47649953
0.78152349
0.71854263
0.28158032
0.8167556
0.3299759
0.52501095
0.05782965
0.56505933
0.37070215
0.62415135
0.23583984
0.70360832
0.83992824
0.52311615
0.45693257
0.84249937
0.2554625
0.58943351
0.94179135
0.60162993
0.56397499
0.36927597
0.08677766
0.15194872
0.29151165
0.96496701
0.95553936
0.24243121
0.35592822
0.92782061
0.90542037
0.2308038
0.64721767
0.02868344
0.75155147
0.98145527
0.68247958
0.56432732
0.91906447
0.44123539
0.03988463
0.11851471
0.75385319
0.10109276
0.18139048
0.03286197
0.92995634
0.21936948
0.29629817
0.71976252
0.28368692
0.44249786
0.46609783
0.86915642
0.10143201
0.34769244
0.54758234
0.74115383
0.48239087
0.18241532
0.88910463
0.7019029
0.76068943
0.28329725
0.53348009
0.79573128
0.42308777
0.13385048
0.55366393
0.32593232
0.32968581
0.12979313
0.46719363
0.6789679
0.23654525
0.56824364
0.04677975
0.63767524
0.23679422
0.32094573
0.53880062
0.40558863
0.08768204
0.74010663
0.73772528
0.21408351
0.13681861
0.01378229
0.12973685
0.17946116
0.58121338
0.15999952
0.21875462
0.51203911
0.26134884
0.68299286
0.87092159
0.41717391
0.84372682
0.85928952
0.17634247
0.15939752
0.49145885
0.36897356
0.48663345
0.59966369
0.86562345
0.90458883
0.0782292
0.28693711
0.06962716
0.13946903
0.06790948
0.7076035
0.17039346
0.37021634
0.05471869
0.47070097
0.66185136
0.13663366
0.52473988
0.4737128
0.31259546
0.20094727
0.89285193
0.33927419
0.59890386
0.71647034
0.91086098
0.16111744
0.3974748
0.32677209
0.0830588
0.50997393
0.0518975
0.00970215
0.24039476
0.44484858
0.93185634
0.39674563
0.93507744
0.12135979
0.73301209
0.92609792
0.8269826
0.18701836
0.20557609
0.93159253
0.29514426
0.25787128
0.27709742
0.18707892
0.6755536
0.03158008
0.02867274
0.21288041
0.47665676
0.51191564
0.31514383
0.93378124
0.59068746
0.02327017
0.08605592
0.17883245
0.55368625
0.43294832
0.54343222
0.17040149
0.34311675
0.19054172
0.22620239
0.9693838
0.58969973
0.94455998
0.40030612
0.8511107
0.18410838
0.11339875
0.61190329
0.56333458
0.05484157
0.8787272
0.41250996
0.00930023
0.34562337
0.68002285
0.85475881
0.88510953
0.87682225
0.32255188
0.57637414
0.076372
0.41171369
0.70331241
0.27748148
0.33405877
0.56100177
0.70418387
0.57585607
0.13912257
0.6032628
0.78195072
0.41244864
0.83050673
0.28594702
0.24739391
0.61690678
0.30720157
0.06626883
0.95288052
0.31393341
0.11175631
0.23807156
0.11273096
0.38390713
0.90225327
0.66200629
0.33274394
0.44853982
0.9890756
0.55641062
0.9608839
0.84115531
0.39255302
0.04820868
0.9124952
0.62719886
0.64637694
0.41764451
0.24553037
0.00230025
0.84598663
0.96829877
0.3196762
0.4920124
0.88395246
0.9464455
0.67468106
0.21359352
0.71977047
0.87836461
0.80521215
0.87623218
0.32114627
0.04903928
0.1083331
0.43854997
0.83953811
0.60206448
0.78584138
0.68761159
0.40076857
0.87765013
0.00279903
0.8358318
0.64177049
0.48763868
0.45444179
0.23911992
0.93509908
0.54505424
0.18134982
0.35104825
0.43997919
0.20175305
0.68687033
0.0413321
0.75025646
0.58546324
0.63248825
0.82004322
0.75892873
0.18489109
0.53071956
0.74943401
0.89273448
0.22534156
0.08545298
0.90892215
0.57641472
0.38447477
0.4484184
0.03010156
0.24543412
0.52475724
0.11716354
0.08577477
0.16606142
0.61159742
0.50315351
0.67366419
0.82306818
0.96720674
0.39476997
0.33735655
0.80733438
0.37112344
0.3072661
0.12338759
0.04881277
0.75070181
0.43508487
0.7880837
0.27492352
0.44877278
0.84468229
0.44160638
0.36848406
0.31250754
0.38730387
0.54412959
0.31952153
0.93458153
0.15449203
0.57468905
0.57496164
0.6513077
0.68711127
0.05007619
0.31561922
0.65587125
0.60683033
0.92501406
0.79917202
0.91291426
0.96354932
0.74907121
0.34484218
0.37171748
0.22534859
0.20026484
0.61305335
0.323752
0.37079796
0.28847196
0.82064297
0.77409693
0.20258696
0.97791926
0.10116635
0.25188607
0.08730173
0.75302708
0.34131768
0.35097576
0.46532521
0.9109179
0.10239395
0.29674514
0.71879796
0.29089753
0.35314693
0.4037744
0.27694586
0.81132145
0.58704178
0.0107936
0.67258009
0.3819352
0.65500075
0.50673695
0.31190874
0.92226156
0.97046354
0.37988243
0.10209019
0.50489441
0.25394963
0.98927589
0.50651677
0.3086173
0.85993651
0.85981604
0.15441326
0.47654495
0.94305278
0.78136829
0.12731582
0.57248073
0.22828288
0.03910361
0.23155529
0.56790442
0.26492891
0.11315665
0.93771235
0.89146149
0.59072538
0.68134106
0.82859086
0.80540777
0.86699388
0.00090405
0.08764015
0.13565974
0.10246479
0.8737529
0.84116609
0.44369259
0.78601861
0.28760092
0.68583761
0.047869
0.62600229
0.39247193
0.61262826
0.690711
0.88791635
0.42351474
0.50400433
0.63616489
0.84537824
0.49609775
0.34757659
0.72314069
0.12819221
0.17431398
0.58143519
0.02381405
0.07954371
0.03962367
0.50590332
0.25670324
0.27362323
0.10351037
0.10998073
0.51232315
0.40055153
0.82355168
0.58780839
0.34439027
0.1645288
0.82554156
0.95672514
0.2647077
0.12273517
0.96611772
0.48195173
0.77007411
0.0645609
0.63838274
0.60495317
0.16813261
0.0645332
0.80075105
0.51479827
0.46278375
0.23501199
0.76337049
0.33497106
0.02161772
0.81568042
0.93518391
0.22117646
0.53189988
0.96471381
0.73825501
0.6176728
0.34708057
0.6453483
0.34326025
0.8491993
0.42608429
0.52774364
0.45788847
0.61201833
0.69304758
0.73721064
0.60554369
0.60510841
0.36948028
0.39855174
0.84098757
0.44718987
0.13185928
0.19506185
0.67408503
0.46169733
0.04400718
0.67548997
0.28947403
0.93941799
0.38851344
0.45363103
0.60743678
0.60775201
0.50073883
0.05662507
0.08929742
0.07855536
0.81518187
0.73761968
0.97895311
0.70290937
0.05457005
0.13456442
0.63034169
0.09248304
0.2568503
0.4813706
0.6709765
0.27028041
0.04297863
0.98115127
0.92333543
0.86263001
0.84461178
0.95665207
0.33374462
0.87522704
0.76135889
0.8263376
0.69338161
0.77193375
0.14525141
0.06279741
0.67388029
0.35135103
0.21222728
0.2684546
0.18155606
0.91450816
0.89938241
0.51885223
0.92281527
0.05902357
0.6367188
0.88038405
0.72270074
0.55452859
0.88774769
0.65809425
0.22279475
0.63607422
0.46276234
0.35100524
0.14621358
0.71048056
0.41004499
0.59701865
0.32844499
0.26248045
0.06955044
0.56034759
0.62436136
0.78826212
0.1878403
0.97136111
0.46120684
0.41499139
0.9282039
0.32259736
0.96778293
0.16044651
0.48318697
0.08648194
0.82791435
0.3443543
0.86209864
0.96503201
0.644715
0.53305007
0.14958645
0.57254052
0.56086502
0.20056069
0.2507648
0.53091438
0.40598095
0.19155051
0.311849
0.499039
0.27645285
0.58045456
0.02195101
0.20009196
0.75890152
0.76442225
0.19888035
0.23190038
0.39094408
0.66095415
0.02676758
0.37668065
0.52001365
0.80396185
0.44111889
0.56753563
0.97799279
0.40198243
0.94687886
0.12377338
0.81807816
0.5982745
0.35021653
0.60768281
0.29024205
0.16988799
0.96144497
0.9771147
0.8108391
0.84931914
0.65911789
0.18654087
0.80470824
0.22567726
0.64556509
0.33790919
0.06252674
0.57505534
0.80515784
0.16470922
0.02999358
0.5444316
0.26246697
0.33198389
0.52987611
0.78332234
0.84638249
0.87305329
0.07145321
0.38921061
0.16729464
0.58626181
0.27522904
0.61489925
0.09801857
0.01091686
0.50936419
0.56681639
0.80374341
0.22593551
0.08957417
0.52490739
0.18399198
0.29786142
0.51739972
0.80619657
0.97219727
0.80269096
0.32638233
0.77839323
0.42684913
0.36979237
0.48808684
0.70625855
0.71291664
0.85858015
0.20175057
0.12457603
0.43940898
0.42492361
0.68815242
0.099842
0.03975754
0.86745342
0.07590572
0.27572351
0.538819
0.66695289
0.28444657
0.64002605
0.90838228
0.16769192
0.92560637
0.78477688
0.09686025
0.71784162
0.41706525
0.92557181
0.88595151
0.56513783
0.89169089
0.8474402
0.98645197
0.77036806
0.11821231
0.6854676
0.14368155
0.62359361
0.58339539
0.18751619
0.01683838
0.30257977
0.48944214
0.84763837
0.35719156
0.35195014
0.57634326
0.13457016
0.84833284
0.0321313
0.28551036
0.20081014
0.65149057
0.46549203
0.26723529
0.6562747
0.72170865
0.62893044
0.20429535
0.9688463
0.96316779
0.7633229
0.79233312
0.48091653
0.68575193
0.18375475
0.43804107
0.81347044
0.55931652
0.26120115
0.38507306
0.6558122
0.34709556
0.31018704
0.04488496
0.65333472
0.16975335
0.31366426
0.33985376
0.08369452
0.32256046
0.69841803
0.91306486
0.67987301
0.92238294
0.14762682
0.06000009
0.67562529
0.0065496
0.46598738
0.73728243
0.829148
0.12875807
0.0153477
0.20324871
0.9449115
0.71298564
0.73099358
0.74684615
0.41184615
0.61735852
0.74665534
0.39079792
0.91149051
0.16970924
0.48133922
0.69607687
0.57168624
0.50232558
0.9733959
0.48648931
0.8415587
0.54861204
0.85160769
0.37050079
0.22284228
0.05094513
0.56543071
0.87192686
0.84332939
0.6727475
0.88715461
0.82873785
0.10784272
0.42351166
0.44482502
0.0065354
0.62777213
0.42970462
0.78444228
0.16535851
0.97822201
0.4959105
0.14200056
0.70949107
0.38320108
0.91897226
0.0051193
0.81773334
0.13821162
0.23569107
0.27064925
0.81255629
0.57205862
0.55327311
0.06392418
0.72161168
0.52707656
0.97585494
0.17907543
0.11443474
0.87587247
0.14048749
0.55467848
0.3368003
0.63204524
0.83810854
0.05760663
0.78031421
0.40378848
0.35939251
0.62985937
0.28731325
0.7332183
0.02023259
0.91613557
0.27442878
0.55259969
0.46000686
0.52802121
0.48046714
0.78613399
0.12817319
0.13738295
0.8519797
0.81333787
0.89291694
0.91742562
0.86100295
0.06817479
0.78246657
0.72313041
0.92027269
0.28687038
0.35419879
0.9848166
0.98174629
0.56354142
0.04866474
0.70575644
0.98819003
0.139428
0.3845408
0.564803
0.46412462
0.36064222
0.79697424
0.78726885
0.59751057
0.795976
0.51195974
0.16295525
0.1901675
0.74444422
0.84906823
0.35253081
0.67177624
0.06103209
0.0838563
0.49584145
0.55084279
0.79126799
0.39459249
0.77469854
0.84724125
0.64637069
0.08644465
0.89908982
0.90328934
0.54163878
0.320356
0.06306951
0.3327724
0.8090402
0.68824541
0.52949645
0.41152528
0.87913595
0.78476259
0.45410904
0.41258928
0.51040845
0.20417819
0.60957306
0.11740438
0.16812343
0.54632
0.29801236
0.77328584
0.26446922
0.65419634
0.26419326
0.43215546
0.27754703
0.55687989
0.57319529
0.69292151
0.59764751
0.91614267
0.43145801
0.15635478
0.7628818
0.30677962
0.69449745
0.78563243
0.52449361
0.91504461
0.92723074
0.94623256
0.77895648
0.930496
0.37648029
0.05234258
0.63616595
0.04686699
0.08150746
0.06178331
0.45842058
0.79553825
0.52407787
0.83195506
0.70531741
0.08495294
0.49512586
0.14905998
0.02885233
0.22108334
0.64835675
0.72820495
0.21412125
0.93441952
0.51229256
0.94117203
0.16382839
0.33055006
0.5049109
0.25211226
0.03194084
0.33021064
0.56717291
0.33166239
0.47876731
0.04927635
0.71139341
0.57840078
0.16045865
0.89424683
0.27264337
0.59709389
0.15387373
0.5436155
0.32999194
0.58469472
0.63110143
0.77631223
0.1125686
0.65330522
0.78864963
0.18240283
0.2319744
0.4354331
0.57594263
0.89642999
0.68013451
0.92302783
0.26878522
0.2651872
0.0308606
0.98074565
0.69733706
0.84027204
0.64291381
0.31292513
0.33952431
0.79898596
0.12418625
0.2161875
0.93289208
0.21208411
0.96013526
0.82427085
0.59402615
0.62611689
0.4917122
0.64490798
0.6946804
0.20461714
0.1424954
0.47798761
0.46669331
0.7242947
0.07032385
0.87527091
0.38388077
0.12078305
0.95270944
0.69009404
0.07721546
0.04141539
0.52600906
0.57133613
0.70977107
0.09021104
0.16826227
0.68470772
0.8904927
0.80240374
0.52298003
0.77183428
0.22060518
0.20553654
0.27659346
0.7335582
0.27583681
0.83949206
0.52540574
0.04805777
0.85625398
0.92211139
0.71328544
0.1306752
0.74127962
0.83654456
0.30104284
0.28494808
0.40874105
0.02867656
0.36835801
0.33130773
0.42605258
0.95093433
0.94166582
0.88959729
0.36377102
0.4850415
0.84028644
0.69562739
0.85570318
0.25610158
0.46161497
0.85878822
0.44555597
0.89868315
0.46607506
0.26861635
0.37139437
0.41367371
0.8796706
0.06210195
0.86243235
0.58273914
0.48526196
0.05283973
0.48241828
0.76429502
0.24249763
0.23085538
0.27587294
0.11786148
0.43033997
0.89642804
0.55327499
0.95738807
0.10127282
0.58416203
0.09015462
0.36337883
0.20006595
0.31926162
0.14394253
0.92734016
0.77897539
0.48701141
0.26203352
0.29075992
0.21472736
0.01094794
0.38210989
0.14219113
0.78251183
0.31725393
0.08087059
0.65781302
0.26635698
0.61461869
0.48879296
0.26671567
0.68940377
0.61929665
0.57470162
0.27786661
0.98410245
0.72019991
0.10136725
0.48217125
0.43835135
0.07408281
0.0780989
0.48790946
0.84219845
0.22420423
0.72846052
0.78489456
0.21511692
0.5783908
0.11728425
0.96815831
0.78179472
0.67827396
0.89458996
0.65697478
0.09271323
0.44419426
0.61624631
0.55266378
0.2686333
0.19466018
0.921254
0.71222292
0.8632847
0.23234394
0.0216496
0.29534549
0.7340883
0.00892293
0.42978763
0.49896383
0.35368908
0.54888178
0.46544451
0.63526123
0.45226458
0.75283886
0.9074024
0.40379751
0.09539788
0.42908076
0.40860411
0.81146139
0.75949028
0.65412101
0.78666605
0.16289868
0.59632134
0.74232441
0.52286235
0.88765151
0.59793582
0.25065564
0.26468041
0.79293484
0.61494999
0.60738508
0.59746852
0.71573102
0.08515773
0.12439301
0.37356624
0.76864177
0.81662827
0.16217684
0.24503064
0.90270549
0.59967398
0.87753472
0.05767443
0.11734857
0.39520771
0.53669763
0.68636416
0.45362939
0.27751334
0.47456357
0.62326951
0.22757168
0.25064757
0.74840292
0.67145771
0.1770556
0.97708079
0.37215357
0.33881598
0.89820214
0.56192575
0.31738532
0.16042308
0.07193594
0.37587794
0.78740866
0.37436414
0.76339687
0.82192292
0.27410186
0.08646945
0.56726892
0.15040982
0.87733912
0.73810644
0.47270998
0.73064433
0.2078862
0.98878901
0.67730848
0.74291278
0.78845817
0.85365168
0.08331265
0.84232673
0.70606645
0.51855758
0.76948482
0.10698178
0.59868202
0.14632211
0.93437277
0.59464984
0.42837336
0.01260795
0.22437634
0.57310688
0.27160342
0.40750896
0.89064005
0.83163631
0.76110502
0.98463254
0.63636997
0.50189406
0.17568653
0.0056213
0.09641711
0.87013844
0.39392265
0.78900066
0.04640084
0.46245724
0.6004043
0.74406786
0.52860768
0.19399341
0.55666244
0.07902564
0.82656428
0.97545662
0.54016486
0.85921342
0.95835311
0.9637871
0.84911149
0.18027476
0.87388142
0.25708939
0.73377961
0.03972983
0.50264211
0.98928646
0.10413961
0.25726486
0.10804342
0.63369826
0.37810445
0.47170849
0.05362565
0.36980895
0.60552959
0.19876332
0.1991588
0.11845297
0.58772456
0.30263268
0.19042743
0.14529787
0.75089524
0.43604663
0.28176724
0.4002604
0.57092014
0.64152552
0.28592627
0.01014128
0.33173152
0.74300577
0.42985219
0.71285955
0.59397165
0.54789353
0.23388016
0.02783702
0.30274949
0.42193562
0.87823991
0.9473831
0.76286203
0.49083818
0.35577153
0.35852398
0.67325786
0.50848741
0.13196796
0.13746979
0.01104329
0.51424412
0.86322088
0.72239067
0.01724718
0.407983
0.2444583
0.95588452
0.68093425
0.78630617
0.38313439
0.0710064
0.72947187
0.42801673
0.72708306
0.57208869
0.91944894
0.57149245
0.66280734
0.37140276
0.30303553
0.20093287
0.0863845
0.75747621
0.4328037
0.93386103
0.31366185
0.1134841
0.59047314
0.84161623
0.04192342
0.57961693
0.74804579
0.96406219
0.26243405
0.80486222
0.45576965
0.4589523
0.31425647
0.17751172
0.59053558
0.98966494
0.96721127
0.40339069
0.76103513
0.34052838
0.04935035
0.43846
0.8785314
0.53017191
0.44557432
0.93276012
0.00563784
0.33135919
0.72017478
0.12670603
0.65423922
0.5985426
0.80932131
0.4036778
0.68837277
0.16498907
0.48331075
0.10178804
0.83096772
0.59487598
0.57929205
0.92157491
0.78492173
0.07823494
0.50900259
0.25695371
0.15502443
0.76058355
0.72344279
0.04265467
0.3020943
0.79450586
0.22010126
0.47408347
0.40735143
0.55882764
0.33811991
0.02798459
0.19632962
0.25808022
0.31029776
0.74271866
0.79512491
0.19000684
0.56130774
0.86906187
0.11647602
0.40833035
0.65308054
0.12075395
0.85988346
0.46377059
0.63398232
0.07648084
0.08984124
0.80564728
0.01276572
0.78436364
0.91707075
0.03033026
0.46295026
0.3831935
0.6224809
0.59999514
0.9265149
0.87412411
0.6378518
0.04145474
0.18233924
0.74211351
0.22135332
0.38481772
0.15516295
0.89077553
0.39471934
0.7137224
0.61845072
0.88110972
0.3026652
0.11773632
0.75056878
0.32164953
0.10309532
0.49570527
0.25490766
0.75752897
0.19421497
0.88515087
0.50785416
0.39986165
0.64174618
0.52358748
0.98600241
0.11672014
0.17246215
0.31139555
0.23976135
0.15158442
0.61985405
0.28262304
0.5151857
0.20884744
0.2415242
0.63373413
0.23789767
0.29233634
0.41702664
0.05828489
0.65047406
0.8705666
0.20409021
0.60359127
0.13147386
0.39360942
0.75878669
0.04440124
0.22993404
0.77703306
0.32885688
0.67119789
0.93235186
0.61153903
0.20618558
0.68297365
0.15420632
0.13455781
0.45405433
0.06690245
0.25367761
0.7934342
0.29045373
0.59309618
0.48258587
0.33712439
0.10635607
0.5106133
0.74097257
0.71096523
0.33606044
0.91054494
0.69545843
0.94368349
0.96229664
0.85268013
0.87078256
0.4343575
0.30524518
0.62745139
0.59376997
0.46980926
0.74632962
0.340137
0.27746914
0.40486345
0.81532162
0.29249955
0.21834243
0.43377131
0.54781211
0.11687869
0.17476781
0.17964114
0.00298128
0.73526818
0.52017044
0.00833232
0.35547556
0.60100818
0.19106776
0.64427627
0.60165412
0.21273781
0.87154232
0.14924312
0.24411333
0.9413732
0.09375311
0.20121324
0.49747073
0.25557114
0.8252967
0.71081405
0.98285487
0.23534109
0.65061282
0.10624331
0.94258827
0.17741634
0.46024916
0.5760241
0.56868473
0.142254
0.68308269
0.54780308
0.98386973
0.45113523
0.57831417
0.92643558
0.15770325
0.88630265
0.7679506
0.91050409
0.05645488
0.70312098
0.04595487
0.50903201
0.51222065
0.89660408
0.48701799
0.21980534
0.98452417
0.75063547
0.10409789
0.61887582
0.4542921
0.64209578
0.27485919
0.69554918
0.18312598
0.86851486
0.80871585
0.77505736
0.13948291
0.95901461
0.45525763
0.15819971
0.71163528
0.73774937
0.09312045
0.35963786
0.76423076
0.84711288
0.00793641
0.55084048
0.32981828
0.65131844
0.91769058
0.62454001
0.49602937
0.16593776
0.65934613
0.45838459
0.44841006
0.51754327
0.18207291
0.04886219
0.70267879
0.00326383
0.34469394
0.21511167
0.78420176
0.62912549
0.7732634
0.3257255
0.35444646
0.71920716
0.80015897
0.23320646
0.19118322
0.5737931
0.73973886
0.4930795
0.44460549
0.94116571
0.83895381
0.18402449
0.7383894
0.73107075
0.08418228
0.63460292
0.57193783
0.19169932
0.47394271
0.49559094
0.50466816
0.42470537
0.52098808
0.16366937
0.52082923
0.17317234
0.88053136
0.30273943
0.83366033
0.03941786
0.9447092
0.83168456
0.1678902
0.14713389
0.01689865
0.81023036
0.47868045
0.31752602
0.66423489
0.71043081
0.55687646
0.21321523
0.68530502
0.55192234
0.94583791
0.78842011
0.54600119
0.76542545
0.52048683
0.07670288
0.59090637
0.65249496
0.44960721
0.30613093
0.56734677
0.98088725
0.0425741
0.98859404
0.40602563
0.00238254
0.87798081
0.23218825
0.41920519
0.19814158
0.21791932
0.93999107
0.7707458
0.4958529
0.48773174
0.38280341
0.04382774
0.77671011
0.5873896
0.67967776
0.84884062
0.41902954
0.89571498
0.85741154
0.8790708
0.92478903
0.88923049
0.38139696
0.63634711
0.87951326
0.67729999
0.48306214
0.84661607
0.898949
0.73102394
0.39222694
0.21714334
0.55862142
0.16375926
0.77657185
0.78281907
0.22494541
0.93995172
0.63915512
0.98698831
0.91909491
0.97712814
0.56182358
0.02216543
0.71154079
0.93511815
0.02007547
0.09982672
0.16860085
0.04469597
0.07856586
0.57208477
0.72735926
0.66411477
0.3817349
0.31499092
0.25781299
0.96060279
0.69877993
0.21251739
0.7392535
0.50070241
0.67364469
0.41969891
0.63852619
0.9365127
0.28224351
0.43963966
0.43525517
0.03645188
0.43465102
0.44816579
0.6247617
0.38096868
0.15230498
0.23612125
0.17324782
0.57040703
0.67259488
0.06099452
0.72497766
0.8532281
0.18769656
0.44222345
0.51745365
0.73643971
0.70879218
0.3411141
0.92200897
0.0578067
0.51395913
0.5561732
0.42547018
0.25809307
0.43969783
0.21792775
0.82454615
0.58114393
0.20091294
0.96008379
0.83804096
0.44184287
0.00160382
0.59533221
0.3680448
0.29460632
0.11634879
0.78830604
0.29561359
0.52342579
0.53250786
0.742254
0.07619485
0.11582049
0.14759716
0.59550292
0.23617504
0.96394579
0.96669289
0.3125057
0.00520158
0.67230017
0.12324049
0.8122576
0.01852483
0.39562537
0.8018578
0.86361359
0.39685527
0.26351877
0.73052176
0.96298165
0.93678066
0.59268842
0.61285424
0.162514
0.28013107
0.85180783
0.72702658
0.72801366
0.98942108
0.15089557
0.83464807
0.48949714
0.82965664
0.86873758
0.05036486
0.68328023
0.5517836
0.13314014
0.41360926
0.27912137
0.15055586
0.0667303
0.92505263
0.32614673
0.68237756
0.86372771
0.74065257
0.52042403
0.73864609
0.32571472
0.43100123
0.58004998
0.75888317
0.57995325
0.69603278
0.71630104
0.71983284
0.24366902
0.7771359
0.0990793
0.63076952
0.39773666
0.13402237
0.65948645
0.21544626
0.33977293
0.61665665
0.69278525
0.45883319
0.87530237
0.29301066
0.9555661
0.1323278
0.3734832
0.36244502
0.89590615
0.614366
0.79202593
0.17057229
0.14406537
0.0876527
0.88170882
0.41533502
0.6470762
0.8118936
0.9808699
0.44197807
0.8844247
0.61245334
0.16811218
0.7342604
0.40901534
0.07186881
0.75826607
0.1567991
0.97914609
0.42806632
0.33770422
0.44799327
0.75354385
0.7250043
0.15877784
0.71356907
0.0868099
0.346762
0.03507085
0.41572189
0.31178013
0.4604935
0.43057512
0.16374889
0.56050003
0.06372071
0.84451088
0.54680457
0.73707353
0.78856293
0.66863631
0.46877407
0.70003914
0.16830576
0.81992691
0.25662933
0.51422317
0.16908342
0.35289681
0.73290097
0.02342694
0.07928222
0.72117512
0.03288693
0.20584579
0.06042496
0.83193419
0.85517592
0.67292574
0.00181524
0.54092639
0.08998599
0.9559197
0.1626389
0.26080237
0.77570709
0.41891532
0.41302367
0.69608455
0.79690586
0.97860121
0.09439663
0.9537547
0.79443878
0.79224805
0.56374305
0.20813505
0.60799638
0.12488802
0.65103575
0.53322833
0.34459414
0.62415226
0.28942117
0.44995525
0.00064079
0.43724774
0.81133907
0.65729347
0.65891214
0.49585818
0.28395131
0.01817003
0.57040661
0.07419106
0.5249271
0.12542865
0.31498279
0.21298977
0.28752628
0.74020042
0.56117721
0.94082861
0.05255474
0.08847244
0.07825157
0.15774599
0.49735417
0.3945287
0.42584357
0.26168223
0.67442629
0.78676058
0.95168086
0.12197944
0.86502095
0.11851835
0.56961203
0.59052944
0.48621465
0.18206525
0.36431111
0.50563571
0.57150909
0.03864563
0.00669392
0.36769798
0.46458913
0.95448524
0.37681883
0.16932122
0.60649572
0.77585312
0.521049
0.97841425
0.82042176
0.70146639
0.64700271
0.22206812
0.9130754
0.54328256
0.70306447
0.39941406
0.63899347
0.81781693
0.52319375
0.74973159
0.69526484
0.57934647
0.80651875
0.3916969
0.79906471
0.53785335
0.31448032
0.84539626
0.90228279
0.00021686
0.04942608
0.35317722
0.32386947
0.29708337
0.10762095
0.84877744
0.81586934
0.42725432
0.45231939
0.47158959
0.52254803
0.78640193
0.12844118
0.08502501
0.40635513
0.74098648
0.58152118
0.77714807
0.33980295
0.16421749
0.75138012
0.59932543
0.60068267
0.17396454
0.85075576
0.88990785
0.48331977
0.22566534
0.27112308
0.89194635
0.38063061
0.03964359
0.81553655
0.29223054
0.6652604
0.15361997
0.49750434
0.85956552
0.56669689
0.32003834
0.40641006
0.03541103
0.83875126
0.74546039
0.33737839
0.23661904
0.48745129
0.66345721
0.5465375
0.90100307
0.11361127
0.68589231
0.50700727
0.84518666
0.45792881
0.69079486
0.91618646
0.79819422
0.23682365
0.30532197
0.18423534
0.13161916
0.36262419
0.80471597
0.54972366
0.45088401
0.43681537
0.80306885
0.24378969
0.40815674
0.94645151
0.74348911
0.24525042
0.96717539
0.87397185
0.87337482
0.59842534
0.23418204
0.52573059
0.56981346
0.5342963
0.30483266
0.45072709
0.35843519
0.09380357
0.69138484
0.48049129
0.77472469
0.2647192
0.89608354
0.95272466
0.00327736
0.81675539
0.56050083
0.9220163
0.13743666
0.662525
0.85608692
0.89157985
0.34174361
0.06942736
0.57828776
0.33377182
0.44247838
0.95064489
0.61395215
0.03364965
0.59626746
0.85426333
0.26993764
0.15178265
0.10527867
0.40905
0.5976195
0.44801176
0.05166837
0.42263456
0.63027477
0.02295166
0.56524036
0.49026323
0.95639193
0.8344087
0.48268603
0.16678801
0.29955397
0.88045601
0.86787202
0.52325831
0.4161575
0.78214489
0.39637191
0.32087917
0.3762834
0.08874571
0.95649232
0.581062
0.14089549
0.43599972
0.79535768
0.79253875
0.72146597
0.48943176
0.04715901
0.04120753
0.94288269
0.28964616
0.70681029
0.11658926
0.48245025
0.66882494
0.07582665
0.26877204
0.65232013
0.21410178
0.78711021
0.45707342
0.28140173
0.14318792
0.98066882
0.05294079
0.86378666
0.1956692
0.41397865
0.78327442
0.52953607
0.80628851
0.88530566
0.16474685
0.04744608
0.32961214
0.4307717
0.64853867
0.18227554
0.24264118
0.0558428
0.52348256
0.1435948
0.640737
0.23323242
0.65759819
0.05742923
0.20191585
0.55747105
0.13454126
0.34306809
0.83140959
0.7279044
0.0073954
0.20753224
0.4634509
0.34179767
0.97943641
0.00835774
0.31341364
0.2765608
0.02396596
0.81323916
0.8912749
0.90884609
0.72737268
0.2783743
0.97446164
0.60814207
0.14509423
0.06627323
0.6385213
0.44321923
0.01625595
0.73610909
0.56568677
0.82244504
0.28052184
0.11013756
0.76918186
0.52644438
0.38285417
0.48679816
0.01290603
0.20765236
0.69812448
0.63710078
0.73403898
0.01613373
0.27720777
0.40735605
0.41482498
0.29343425
0.49592629
0.77359656
0.45225365
0.07573218
0.35352755
0.13217357
0.37374719
0.36208873
0.15409908
0.59886021
0.8539426
0.33074397
0.21024896
0.86261385
0.80817125
0.8086463
0.78142137
0.30194511
0.35762133
0.59831431
0.82302731
0.63892765
0.9113146
0.54814733
0.76727638
0.11458169
0.39084481
0.35483906
0.57972827
0.85776808
0.49279648
0.31361377
0.78328233
0.09961917
0.86106609
0.33210042
0.45466551
0.71614279
0.83641839
0.40178972
0.64340805
0.95502873
0.43391504
0.20545119
0.64315962
0.27699733
0.43711982
0.28257474
0.66510167
0.06132918
0.35926591
0.6948262
0.11986026
0.66728376
0.66667958
0.97756406
0.62470762
0.63704393
0.40312922
0.9399099
0.6568455
0.34173138
0.90877534
0.74670421
0.2149551
0.52362919
0.87048211
0.77315469
0.5525115
0.47618277
0.36822573
0.52203833
0.49253514
0.66136603
0.82949636
0.10586276
0.82422471
0.7751603
0.69504081
0.12529406
0.2560825
0.25283836
0.86085311
0.10456627
0.54361689
0.09280591
0.79986505
0.47764328
0.33369291
0.42277886
0.12817601
0.88061228
0.12163567
0.47796371
0.66242393
0.77995976
0.70274045
0.79354874
0.78584669
0.17562205
0.48118509
0.80176556
0.82473389
0.541048
0.537165
0.07134438
0.39839666
0.27000573
0.3179086
0.07750485
0.68793327
0.4282763
0.10759677
0.42364255
0.94507909
0.72057564
0.66790463
0.27137047
0.89106331
0.6439463
0.78263651
0.89236024
0.30569852
0.22437083
0.11122012
0.42453412
0.95114812
0.59719254
0.84636703
0.14729572
0.37353358
0.11301484
0.91315867
0.1997071
0.81295976
0.24087997
0.97597505
0.20303796
0.4209768
0.6530368
0.01152585
0.66204262
0.13625898
0.68932728
0.48504656
0.257171
0.06893002
0.68796222
0.19249229
0.19897674
0.82187712
0.76696244
0.79660056
0.85408729
0.29740092
0.26851994
0.58648689
0.33522289
0.43187347
0.12565642
0.00610527
0.57351164
0.92545324
0.14779882
0.63124123
0.71254203
0.80359406
0.2387279
0.95139657
0.2692621
0.69548484
0.143963
0.05983548
0.25096021
0.16497113
0.13558786
0.20134916
0.1248571
0.45655417
0.24949602
0.64156503
0.85720631
0.08983136
0.35820329
0.68344276
0.9847443
0.20128167
0.01893596
0.13324012
0.92083723
0.8050532
0.54140281
0.3325336
0.97095901
0.53270434
0.28402752
0.10801994
0.07909937
0.7568601
0.10770467
0.05185365
0.3673115
0.46889457
0.47298582
0.93226758
0.1239356
0.53119043
0.96089593
0.23941218
0.37872067
0.96837009
0.56961074
0.47368653
0.04816302
0.50039603
0.42141127
0.32017931
0.82518367
0.80206226
0.76465395
0.5512195
0.22716002
0.91965297
0.28786751
0.14270892
0.15723143
0.66830771
0.92721951
0.75024851
0.30865241
0.09952787
0.29998926
0.90681342
0.07075987
0.9560434
0.56802959
0.26877894
0.57604498
0.79088957
0.8341735
0.26672856
0.15607338
0.39341971
0.78883344
0.57974721
0.24696973
0.11128215
0.61295759
0.23272589
0.15942386
0.62043831
0.50691864
0.60882799
