0.55549751
0.74751666
0.01498888
0.09756307
0.34988942
0.07155217
0.26931475
0.81330365
0.66628873
0.366327
0.27450781
0.91205118
0.36260221
0.83228171
0.07912633
0.80844842
0.68070438
0.20162678
0.70439441
0.63571084
0.220073
0.20182507
0.54238366
0.97883003
0.93785855
0.4546918
0.87346261
0.55154915
0.73622547
0.29365564
0.22881045
0.65125565
0.45944975
0.18736395
0.08853534
0.23647537
0.65336809
0.04943042
0.3489666
0.73190381
0.1317783
0.14237928
0.53241431
0.31565286
0.98428771
0.3810393
0.7785445
0.63805609
0.89128259
0.04469509
0.74282307
0.36798611
0.77664566
0.85479657
0.40760309
0.84219423
0.19805832
0.03809896
0.52681235
0.23370109
0.66934578
0.33605318
0.35107475
0.41587141
0.3533329
0.43539375
0.52134017
0.8099388
0.02671203
0.5462811
0.26437895
0.3578358
0.07276187
0.44653814
0.62304836
0.64973618
0.81938682
0.23590736
0.33830783
0.47761403
0.54449581
0.0049074
0.53270389
0.81558377
0.43690829
0.04097829
0.70904137
0.87199539
0.34300786
0.40873047
0.67354555
0.95202416
0.36717889
0.77826987
0.37289022
0.58114625
0.44280117
0.70068375
0.08725811
0.48096344
0.00309449
0.73163727
0.02454622
0.96471469
0.50977399
0.67891636
0.76865279
0.626026
0.48598723
0.14805791
0.4417012
0.4939366
0.15135761
0.90000306
0.97128828
0.02405726
0.66598228
0.52235944
0.97021601
0.02562745
0.75772172
0.12186875
0.59023997
0.85330155
0.73362022
0.2214347
0.04463457
0.51181167
0.95748385
0.12401972
0.77599623
0.69186261
0.04881945
0.74646976
0.32261164
0.88515233
0.7052404
0.07457482
0.41600711
0.69454405
0.52616449
0.64071322
0.10846642
0.80058046
0.14864376
0.67920683
0.53614069
0.60731431
0.51859825
0.40953718
0.29914962
0.74877268
0.11296319
0.90759295
0.18303704
0.25297427
0.11900508
0.66568187
0.79612557
0.38868499
0.68144173
0.50364371
0.63863343
0.51852206
0.174327
0.66187322
0.09201697
0.86884585
0.62613697
0.25605425
0.19877309
0.05576632
0.60342214
0.24585827
0.96936708
0.52131504
0.97216932
0.56350629
0.30982182
0.45938856
0.82359151
0.00128594
0.63079862
0.45372217
0.87671326
0.55249865
0.11395466
0.84562008
0.27552484
0.5944774
0.96282841
0.93240646
0.68971944
0.76961982
0.10140215
0.65136849
0.50005188
0.07348252
0.09939361
0.09615335
0.77959361
0.26374971
0.71450724
0.77605966
0.29761216
0.81914324
0.94451827
0.39429317
0.97086068
0.61840418
0.26204984
0.86938146
0.55154133
0.56160138
0.42760075
0.13837299
0.79496081
0.85569567
0.97830504
0.41171132
0.7202629
0.33323437
0.3977681
0.5872194
0.6828492
0.13487038
0.88357844
0.60629225
0.75912406
0.17094912
0.80378811
0.60613934
0.92717408
0.46955305
0.71578327
0.56516828
0.86521421
0.59632257
0.75753464
0.11098144
0.10532313
0.29420244
0.1577421
0.66375116
0.80388087
0.97593583
0.37382636
0.43603993
0.34428283
0.9585466
0.55472698
0.42965646
0.00246851
0.97620594
0.21570655
0.03429302
0.07881268
0.42005402
0.54541493
0.10541985
0.75819349
0.46813982
0.68213393
0.50344553
0.53083875
0.67645572
0.87526386
0.27552764
0.52901585
0.09792174
0.36197428
0.77779756
0.50116528
0.2007225
0.61935397
0.02556313
0.6825135
0.28828773
0.00710828
0.68247918
0.15308587
0.38516733
0.39859766
0.12094886
0.89035069
0.2994725
0.85801399
0.44414461
0.91816491
0.04847866
0.58942
0.86187206
0.63912855
0.64680407
0.70890128
0.43147672
0.48652109
0.77882953
0.30418221
0.32041873
0.45588875
0.02275195
0.5857996
0.95548324
0.01549276
0.26369484
0.51668621
0.23499908
0.08240852
0.62871368
0.24719702
0.28249993
0.75502153
0.91256356
0.70351263
0.09714407
0.05134722
0.34898608
0.64621538
0.91313921
0.05968551
0.35743537
0.51592971
0.78986054
0.7527883
0.00344126
0.29580862
0.33854818
0.50179621
0.53057405
0.76827037
0.83219885
0.2418808
0.91067463
0.45954927
0.05658852
0.1915142
0.28643839
0.08369349
0.53753441
0.18132422
0.81240499
0.84645412
0.58217996
0.16944551
0.40571258
0.48877505
0.28999206
0.93226972
0.89218888
0.62600506
0.46148118
0.38579018
0.96259099
0.91474564
0.53762298
0.16649954
0.73682604
0.02399958
0.60007107
0.48922483
0.39838241
0.15694211
0.74180596
0.76719296
0.53725019
0.40105699
0.66929989
0.22760221
0.42100476
0.50703233
0.89890063
0.67472705
0.02895016
0.20590561
0.62801579
0.39613688
0.83819966
0.43028276
0.3312645
0.03012769
0.79844351
0.01617596
0.71305361
0.65362899
0.65690246
0.94487239
0.46639148
0.98924118
0.72473291
0.22628752
0.51582435
0.0531362
0.19042
0.32042445
0.29007405
0.42059966
0.26693392
0.45107684
0.46558548
0.84128566
0.14681613
0.18548894
0.26407505
0.84357846
0.09403765
0.92163457
0.30017359
0.97707342
0.68000682
0.82644075
0.34790862
0.11647237
0.05870603
0.37272498
0.22165918
0.2606029
0.82413615
0.40585358
0.64805782
0.60699275
0.47352614
0.41945969
0.81772732
0.78248604
0.78111904
0.61323721
0.67751424
0.94204464
0.48162275
0.37978672
0.96167221
0.94620012
0.09205623
0.73924926
0.26396835
0.42217251
0.51022713
0.55950716
0.17707419
0.94660553
0.15529239
0.91115197
0.70882388
0.71245363
0.21095489
0.14977847
0.50306886
0.71322005
0.44142591
0.72717249
0.8596406
0.62226551
0.01717233
0.17351815
0.12148848
0.46959245
0.01504291
0.57396472
0.88377397
0.32209149
0.05679946
0.00225189
0.08761577
0.78854625
0.54555237
0.80498169
0.62586431
0.8291763
0.09480269
0.4549287
0.48904484
0.11561694
0.03458802
0.79800638
0.4495884
0.75362865
0.98046537
0.45150359
0.53955883
0.00694123
0.98890044
0.75858883
0.93833595
0.87570208
0.91690346
0.76515639
0.01301657
0.80941507
0.61671657
0.63481158
0.1442978
0.06684696
0.40487362
0.66326511
0.87638123
0.65342764
0.77120683
0.7801954
0.63243365
0.68052599
0.90645101
0.89927006
0.53712616
0.31990161
0.70846809
0.31033936
0.71323464
0.16158637
0.74496239
0.38230165
0.24492242
0.8157894
0.7802555
0.78079013
0.1015837
0.08042847
0.2326063
0.29291492
0.49321706
0.65928568
0.89083446
0.72940765
0.4523515
0.16918661
0.75430606
0.00603509
0.61892416
0.05664444
0.55334718
0.26784709
0.02929445
0.76450337
0.22861026
0.61461717
0.59282427
0.24323859
0.17232655
0.64123497
0.34596577
0.70527082
0.72484822
0.4611147
0.31784029
0.64758571
0.56618899
0.92296381
0.15585467
0.6456169
0.43465429
0.58739035
0.14828095
0.43469065
0.62034598
0.15744522
0.27162942
0.84002449
0.3198935
0.11503842
0.57850983
0.98040453
0.13023784
0.38573564
0.38011558
0.87257839
0.41900358
0.50485256
0.70411709
0.09948505
0.61490322
0.36654296
0.30820143
0.51814613
0.83896134
0.14899625
0.34119141
0.7373449
0.13463238
0.60686896
0.46012261
0.63348583
0.87895797
0.94434596
0.07988765
0.88312234
0.31585816
0.84267517
0.33308613
0.31486866
0.06105892
0.21658325
0.87549812
0.04332346
0.53546701
0.00793744
0.23825412
0.17123808
0.29254874
0.19216939
0.9759831
0.67077298
0.07142908
0.47020503
0.09519585
0.32295604
0.12798412
0.6598952
0.06329179
0.86508891
0.641018
0.62577379
0.18208715
0.59369217
0.0339762
0.51048778
0.04216874
0.61641438
0.96635913
0.87189222
0.84420018
0.73227028
0.37641705
0.1686375
0.48110355
0.97980685
0.09485038
0.28285941
0.43639791
0.21858077
0.21534491
0.71932438
0.18719768
0.83930062
0.65521772
0.06736445
0.44555459
0.81142246
0.36259359
0.74950467
0.21526747
0.75759761
0.67496554
0.59776269
0.0001425
0.24699098
0.7659479
0.6031655
0.16211587
0.25805584
0.26051928
0.72823422
0.76741937
0.47283726
0.86556194
0.17317591
0.83178105
0.68198655
0.720833
0.62291045
0.14011086
0.97271746
0.14801616
0.36271806
0.86325258
0.66074185
0.24477744
0.80083295
0.96312192
0.97151652
0.70838616
0.41026315
0.6406974
0.88153944
0.26965554
0.15168406
0.77947243
0.59529152
0.90125752
0.07516222
0.79282088
0.09588347
0.46698865
0.03476103
0.16120977
0.3817499
0.82077504
0.23477963
0.53406294
0.61048924
0.62610284
0.25668154
0.61974661
0.54918148
0.92111367
0.90804305
0.15962637
0.93632031
0.29470642
0.05998392
0.30399196
0.7992652
0.88509111
0.45939254
0.05440014
0.26132051
0.02439175
0.82730313
0.35560944
0.15027835
0.3062523
0.1070945
0.66319699
0.0578465
0.88987044
0.87817888
0.88694747
0.51201078
0.32670536
0.92565065
0.5953888
0.96274274
0.77387564
0.55280365
0.56564443
0.97320325
0.05235557
0.90523277
0.01822959
0.90237915
0.58870838
0.81034327
0.95279558
0.39605053
0.37703236
0.81543694
0.94772931
0.03695902
0.71492339
0.58206228
0.06216387
0.31287388
0.01477815
0.52906749
0.08230867
0.58005326
0.54596345
0.25698027
0.80982969
0.7368987
0.10161691
0.08861982
0.78570307
0.70785374
0.33614621
0.63966405
0.96324375
0.34508405
0.59955706
0.76704342
0.5947122
0.39045162
0.32193725
0.2225285
0.30185706
0.74142003
0.8610184
0.6305016
0.38278396
0.81871399
0.0299482
0.42878148
0.90534635
0.41984186
0.11619178
0.23358898
0.7305865
0.95428666
0.65678115
0.81671106
0.12189883
0.43914159
0.51257844
0.46878318
0.1285181
0.05883361
0.74239453
0.94142322
0.05287273
0.96821882
0.42802037
0.20832591
0.94893176
0.83951963
0.84114883
0.08300481
0.43816906
0.23339814
0.66592266
0.59205631
0.72769367
0.70893268
0.47706996
0.81635296
0.17006865
0.91246857
0.42610251
0.06453435
0.32648032
0.20398309
0.54661546
0.29847878
0.23185573
0.56177727
0.53147813
0.83791858
0.67837693
0.52466649
0.44968961
0.25519072
0.36166995
0.324577
0.28739601
0.69761404
0.20431831
0.30629718
0.3609155
0.26869584
0.81704575
0.58362094
0.42633403
0.36806662
0.32995885
0.54343509
0.3427741
0.05205042
0.66833127
0.61041845
0.73195523
0.9234767
0.59927717
0.27436337
0.31191457
0.96527296
0.43762618
0.77475608
0.33660996
0.24217801
0.00779002
0.10557772
0.08311975
0.13847112
0.94120913
0.59172067
0.67529738
0.70454249
0.60538647
0.86512224
0.17364175
0.32130523
0.9056281
0.05494566
0.3062373
0.23802161
0.3538946
0.68733444
0.6273771
0.20402767
0.41364479
0.98408084
0.65758931
0.92676144
0.39870188
0.00715588
0.60873035
0.33711648
0.44673227
0.83341216
0.01989451
0.79129745
0.63141212
0.20601954
0.70340713
0.25274652
0.29032279
0.71213384
0.11583028
0.3387311
0.02724203
0.02426906
0.94572551
0.52256155
0.98312402
0.55635898
0.75462901
0.14493193
0.50452821
0.22892402
0.38505878
0.31165971
0.53976897
0.93041288
0.83865189
0.65412161
0.16158337
0.57735562
0.83256258
0.71446806
0.60375954
0.76847832
0.59483348
0.29677367
0.78195975
0.33838326
0.80364541
0.26063813
0.08411078
0.7012604
0.34765165
0.54172246
0.22290978
0.1607277
0.64791428
0.13659996
0.93942848
0.00427749
0.51175868
0.01002868
0.791512
0.85619193
0.64754485
0.78477282
0.14028003
0.07596391
0.62768189
0.10290631
0.37896091
0.50563792
0.0668835
0.41335091
0.33641173
0.19412647
0.93388037
0.53458374
0.80277996
0.29982519
0.29885791
0.70969153
0.70088043
0.27126034
0.51514228
0.87125549
0.37635789
0.61326199
0.32333307
0.66188621
0.43155622
0.02902637
0.63281249
0.06809644
0.52824271
0.42304321
0.50394584
0.28375457
0.20757798
0.79610602
0.48833325
0.2720923
0.25142242
0.37665642
0.12974615
0.27514137
0.05303827
0.68542963
0.73030453
0.55595393
0.16628991
0.69935906
0.71826729
0.38832745
0.53777516
0.90514244
0.2979595
0.77963788
0.45340424
0.36654379
0.51721965
0.79871874
0.52066448
0.8409304
0.18692624
0.64047037
0.74472772
0.3348449
0.55956383
0.35633361
0.13867154
0.63207386
0.59849355
0.13994315
0.8681005
0.32358395
0.98095372
0.69438316
0.87239698
0.88293077
0.97189624
0.43107343
0.96145673
0.25420332
0.41382151
0.17145005
0.68606878
0.38060918
0.07238134
0.53677887
0.86407635
0.59329079
0.30831107
0.5661037
0.04691615
0.03933932
0.44227743
0.08868599
0.94870845
0.6629556
0.45452279
0.64348335
0.55455349
0.95506744
0.14941187
0.41216462
0.50851975
0.68809731
0.55682953
0.26274243
0.640448
0.67565156
0.65252563
0.98304118
0.65326824
0.25244516
0.58481809
0.67337701
0.73159389
0.90338069
0.62759206
0.45442725
0.41739685
0.65643006
0.83752943
0.10339279
0.56068037
0.45808808
0.08452971
0.66211994
0.49525078
0.69347585
0.88901534
0.96250914
0.45648162
0.62648385
0.02876403
0.78242224
0.02466655
0.7092581
0.5026745
0.57016061
0.49738654
0.93984072
0.76247838
0.72440888
0.85132655
0.1320888
0.11957832
0.0533702
0.35412619
0.29463725
0.51231279
0.65752474
0.69723732
0.79937552
0.61323342
0.24036645
0.94962421
0.21758747
0.93628286
0.54103095
0.13224539
0.62150911
0.15883875
0.953177
0.09301766
0.73346625
0.1031999
0.27867636
0.043056
0.34771508
0.03510559
0.86301681
0.21668808
0.67402811
0.42062908
0.92430359
0.91369382
0.63024688
0.38115484
0.04091448
0.70657794
0.33109651
0.82391861
0.0573896
0.90227699
0.7966958
0.68815783
0.77825884
0.85189722
0.60833674
0.21766084
0.49649227
0.86160677
0.51661891
0.55423619
0.32338545
0.03552989
0.97570448
0.6835778
0.34537502
0.20951164
0.32299885
0.13690901
0.43652608
0.60441979
0.89265122
0.18626769
0.7304719
0.94540846
0.47394937
0.45467271
0.33776423
0.53563246
0.34546838
0.28375259
0.69694917
0.03284779
0.89061315
0.95711852
0.98358683
0.16817844
0.11501687
0.29557145
0.2585266
0.68621576
0.67821546
0.50668345
0.17026135
0.33500063
0.08995911
0.46656348
0.28225211
0.0106403
0.40288536
0.50415224
0.62397754
0.03612183
0.35401736
0.28798343
0.48061565
0.73230704
0.65091686
0.17462284
0.0478793
0.64960557
0.33929809
0.98524418
0.9081195
0.90295402
0.73227222
0.2757851
0.75871947
0.35894121
0.63794461
0.5605892
0.46956366
0.78627679
0.84055041
0.40856165
0.87433797
0.20145479
0.30500319
0.21248649
0.07485563
0.61022252
0.88947851
0.06895543
0.09694011
0.95490123
0.66358899
0.87982525
0.49486656
0.8219507
0.81849181
0.63139878
0.63153691
0.50507646
0.79081112
0.18849008
9.835e-05
0.36168888
0.72629092
0.51758295
0.01737622
0.70154669
0.00310146
0.15073752
0.54607769
0.8594708
0.34378847
0.40995864
0.5363559
0.89537091
0.41638675
0.66241689
0.71749257
0.54649459
0.76754094
0.42438742
0.24437469
0.54544341
0.52648018
0.91058573
0.10679042
0.35491125
0.24081467
0.56354778
0.72513627
0.87590743
0.14991105
0.11293201
0.59251884
0.15051892
0.77551029
0.4261881
0.38663255
0.04202165
0.50917665
0.37555726
0.04467084
0.72735057
0.2785391
0.5836977
0.39481014
0.9410369
0.88747103
0.66880543
0.16877154
0.46871328
0.65920468
0.4927732
0.64879576
0.31194232
0.45643773
0.03573178
0.08031199
0.22554501
0.76065828
0.92991698
0.82752671
0.9888221
0.28223681
0.30833514
0.16336937
0.35138477
0.11946471
0.2714534
0.95993501
0.47938923
0.92954576
0.52477459
0.60850746
0.3999784
0.19093353
0.35963933
0.10049674
0.63833236
0.29314112
0.54875822
0.54456977
0.67237766
0.85241321
0.82309216
0.72868319
0.29743358
0.92651012
0.33194846
0.95270673
0.06714359
0.55197732
0.52391476
0.4037659
0.44681091
0.04503661
0.30139913
0.17015741
0.48781877
0.03659675
0.19551856
0.60442038
0.07877419
0.01921592
0.84963267
0.8097532
0.16028671
0.70086587
0.23909135
0.40995868
0.49432907
0.25880553
0.38823352
0.97486108
0.52938501
0.52555282
0.91464537
0.53309154
0.97508105
0.86222627
0.56631492
0.30411956
0.60863484
0.28891981
0.30390065
0.81991326
0.27498724
0.70770721
0.91269918
0.40179443
0.48992363
0.59512345
0.74163286
0.3003829
0.40376239
0.83153464
0.91622502
0.1706564
0.39710067
0.79241949
0.26252726
0.60700491
0.88165069
0.35752871
0.65892528
0.88815453
0.46020609
0.13240364
0.21076463
0.5457926
0.02959906
0.34726907
0.22848869
0.89995218
0.59758579
0.93793229
0.10899841
0.52006622
0.62507296
0.89723025
0.0807244
0.46037949
0.60143343
0.56521756
0.25873444
0.86559979
0.93913887
0.22396149
0.38396959
0.50116777
0.97692551
0.60045693
0.47733588
0.75377927
0.09712075
0.63281877
0.26535563
0.75432099
0.33572281
0.73571081
0.33417606
0.50854334
0.78938426
0.8254544
0.49511415
0.2125693
0.81712778
0.49788968
0.06811966
0.27918341
0.87302332
0.44475907
0.33370646
0.12451997
0.66622593
0.13327093
0.43070799
0.04484156
0.60412353
0.41262222
0.1640288
0.35127905
0.65705275
0.40270037
0.98040519
0.09311642
0.01186218
0.56179634
0.86725981
0.08423585
0.58210181
0.8536287
0.11063977
0.20920197
0.49866015
0.07849508
0.11512181
0.67201589
0.35466368
0.23259339
0.95027173
0.3259039
0.00025908
0.24548454
0.96666778
0.92108826
0.85721664
0.93819503
0.3213993
0.63089979
0.71924608
0.91849559
0.69125287
0.69021009
0.87462813
0.8033707
0.47450872
0.12189076
0.72411147
0.07058187
0.89524901
0.39237801
0.24901025
0.16764965
0.61826244
0.31444775
0.52693557
0.63439412
0.27966659
0.29123751
0.37457299
0.30145443
0.79655544
0.77909019
0.74896804
0.95488734
0.25780554
0.18406207
0.45561431
0.19578511
0.83134912
0.66466417
0.65954509
0.58166906
0.39940041
0.70040538
0.28937545
0.43967199
0.41439592
0.28916239
0.41399187
0.77828964
0.22651623
0.31811038
0.51011744
0.59867054
0.67390858
0.32360066
0.84418104
0.44141578
0.23019346
0.70682632
0.03457916
0.2678647
0.60253918
0.39296262
0.271413
0.66948976
0.55613392
0.87804831
0.39921664
0.17409777
0.70246991
0.71443848
0.00082411
0.73733415
0.64368782
0.23336726
0.24733284
0.55121359
0.13586502
0.97120097
0.09890096
0.77906998
0.66895852
0.53846353
0.96135409
0.62367085
0.0377908
0.27167704
0.26613598
0.02897194
0.95934962
0.04897648
0.24478009
0.0961043
0.8315322
0.06163914
0.43087845
0.08495503
0.12450452
0.36885424
0.73806018
0.51812614
0.61470306
0.35637755
0.14107711
0.95061356
0.65476231
0.85384728
0.36500102
0.91788465
0.12339697
0.46187308
0.09884899
0.13156677
0.67352591
0.89496799
0.85554315
0.06074535
0.26779958
0.06790738
0.18873439
0.17294188
0.803815
0.5275819
0.05427366
0.9164234
0.63552457
0.06844944
0.35901646
0.267317
0.95778794
0.97669915
0.3338967
0.77194814
0.04668442
0.73693438
0.39413425
0.61186774
0.97206371
0.6535359
0.61561233
0.83614172
0.91895231
0.80008446
0.86103074
0.68778846
0.30203438
0.52378394
0.16721794
0.9872408
0.00592113
0.57337189
0.14208712
0.81359046
0.04583194
0.45556472
0.70485965
0.70807079
0.74029939
0.35665626
0.1251998
0.72065693
0.33391552
0.16584919
0.48687386
0.81589583
0.4697908
0.38768647
0.48508464
0.91647782
0.118456
0.70227535
0.4053967
0.83008697
0.02319503
0.72571111
0.67862529
0.05228261
0.60558035
0.80779622
0.40873701
0.85827161
0.38829648
0.92100103
0.86977138
0.0592081
0.07438408
0.11985045
0.49300544
0.45264935
0.68760923
0.1280686
0.86045799
0.87172113
0.87060264
0.41346141
0.22271678
0.28988725
0.19326962
0.43988724
0.45526744
0.30122265
0.77371682
0.70686005
0.94369485
0.85322745
0.61955514
0.44548367
0.9832413
0.24695269
0.97564359
0.44356172
0.28526702
0.60655278
0.4591745
0.23440443
0.47756292
0.59344094
0.51122031
0.25361443
0.08923908
0.34326678
0.25354721
0.59844347
0.67786417
0.88758862
0.98056827
0.70327422
0.01708784
0.63225628
0.65110183
0.64292163
0.02840122
0.51043415
0.39996276
0.14642778
0.10660634
0.28280427
0.42678855
0.25438279
0.03932542
0.33617505
0.31956723
0.89778442
0.92141216
0.68229565
0.85908842
0.26562414
0.97175601
0.83811947
0.50886118
0.20611151
0.1249932
0.8324707
0.08297611
0.30466336
0.0003195
0.88646154
0.31733819
0.61569033
0.16556032
0.04044469
0.26305876
0.87857572
0.28607642
0.16106125
0.78999398
0.97072833
0.20282233
0.89150304
0.36807401
0.45443966
0.35252665
0.05261465
0.12941184
0.44745736
0.91234201
0.48213049
0.50560177
0.91582733
0.00261871
0.38842119
0.42011108
0.84034121
0.12159622
0.41380833
0.87466131
0.75810557
0.50399714
0.87808354
0.17555332
0.14542035
0.86463045
0.45574837
0.89838462
0.43261298
0.58009103
0.78102458
0.59826366
0.5383535
0.3232762
0.11724817
0.01306737
0.79527039
0.02163687
0.9465577
0.61134127
0.10805843
0.95365458
0.66575569
0.42618989
0.47621926
0.93639007
0.86263409
0.59732606
0.26778422
0.35140567
0.04201653
0.72412884
0.64911196
0.45064371
0.16411791
0.48759467
0.78577192
0.22018157
0.80938066
0.66575396
0.9542509
0.71408356
0.95720291
0.12976399
0.06021473
0.4106184
0.52870306
0.85766823
0.47962388
0.81255464
0.59356023
0.45668319
0.94412843
0.84963401
0.42130504
0.62807948
0.39969307
0.7828721
0.02907723
0.54310266
0.41936937
0.07999289
0.23048442
0.90977882
0.60359026
0.10086236
0.64444183
0.3855745
0.10310994
0.12186317
0.12523375
0.71440676
0.48036746
0.2208806
0.49076023
0.23234911
0.09742287
0.71880422
0.6153143
0.96141873
0.98826168
0.49309126
0.08056491
0.46581345
0.29144677
0.69695412
0.4512997
0.77212664
0.40507203
0.03628755
0.75176555
0.41284777
0.64920787
0.7926662
0.10794726
0.969036
0.22371901
0.88350932
0.87284158
0.78945526
0.52793629
0.74213602
0.17446197
0.7068357
0.54303221
0.41025898
0.0704952
0.888924
0.31257239
0.69620525
0.29909313
0.54928708
0.76792043
0.58966373
0.68364952
0.80676188
0.70875573
0.58078541
0.95303558
0.79193858
0.79685366
0.34813076
0.55371447
0.98220106
0.62143673
0.27256992
0.67781519
0.63310033
0.07485441
0.80206696
0.86773742
0.82775631
0.48595096
0.13906146
0.55375335
0.05673827
0.94304533
0.59972747
0.69252739
0.56316189
0.67566199
0.66186823
0.88369106
0.28009686
0.91555713
0.55532417
0.09719618
0.1412358
0.98646402
0.51154957
0.60260783
0.96673233
0.89823573
0.11916453
0.83760312
0.64396002
0.94304674
0.61473358
0.41123164
0.71761583
0.52364883
0.05553466
0.63286447
0.65263781
0.42977733
0.22655013
0.4849742
0.2342722
0.48696868
0.21137936
0.72911834
0.37852547
0.1384182
0.64985663
0.85881887
0.28081958
0.04150922
0.73132606
0.04887204
0.43690655
0.84520112
0.24538146
0.84191082
0.166367
0.63876679
0.61859926
0.83033582
0.83605065
0.06572191
0.77717933
0.74195732
0.10407819
0.84342639
0.69244637
0.25224969
0.89065059
0.90733515
0.26290235
0.45738844
0.93741669
0.89989032
0.34478915
0.78567573
0.84415865
0.22180569
0.4516547
0.19308295
0.52704748
0.9274686
0.76704037
0.29330998
0.8045025
0.97112804
0.11836834
0.32683517
0.60983641
0.57083199
0.15009285
0.48593922
0.16841222
0.93042761
0.7821325
0.20966428
0.86069395
0.86309377
0.48762456
0.27283939
0.87195709
0.98936225
0.8707664
0.95957347
0.554374
0.32408855
0.84232064
0.57487428
0.62920013
0.62523401
0.05240013
0.56924472
0.58357994
0.24281309
0.86346021
0.59761154
0.12665985
0.33438175
0.28437095
0.05811613
0.50988239
0.54515154
0.47534632
0.46193873
0.74826148
0.25401988
0.77867095
0.10528936
0.85858315
0.59529762
0.14808106
0.07402501
0.22252177
0.27997094
0.90110079
0.90903484
0.59882606
0.81262402
0.03659509
0.19722879
0.9747578
0.01027863
0.52952867
0.98686522
0.40926939
0.3749632
0.49135514
0.9390554
0.8125479
0.9707111
0.13891084
0.38847381
0.85588916
0.06592273
0.30026439
0.85739491
0.27307147
0.2375255
0.47295442
0.92241716
0.96664766
0.3550727
0.08063585
0.74214211
0.61703988
0.94863948
0.62971854
0.35165078
0.81523289
0.28824701
0.77000646
0.8769353
0.48740658
0.919992
0.68482711
0.51209107
0.21333401
0.65133408
0.29664273
0.51650796
0.65265472
0.01075399
0.88510305
0.96504555
0.33161978
0.01013354
0.89410501
0.84137988
0.1805027
0.95837731
0.35372758
0.13762703
0.79218998
0.71270697
0.79486494
0.52882073
0.63125232
0.49714564
0.5195377
0.06837058
0.18429688
0.29926394
0.53568456
0.34894173
0.23136363
0.03345996
0.04729735
0.47138173
0.76728837
0.31067677
0.33994091
0.97646712
0.32800557
0.82427869
0.90231046
0.86290856
0.56381864
0.36585343
0.02982893
0.42348244
0.42452447
0.41585773
0.55308214
0.47152353
0.77235081
0.79163195
0.3496428
0.24559903
0.36392862
0.78348776
0.59862874
0.17096066
0.06908658
0.60538734
0.49900329
0.03959918
0.24192358
0.81540788
0.77279526
0.74753468
0.16023836
0.50765966
0.1491475
0.26755265
0.79618067
0.52774613
0.89746317
0.60785515
0.28193221
0.98054873
0.06431699
0.28758919
0.10648494
0.09600501
0.13769167
0.60581121
0.32681494
0.97071558
0.84926269
0.80197889
0.44118565
0.43187887
0.19302815
0.27426203
0.81173135
0.19243044
0.03942137
0.43716168
0.76793731
0.58315542
0.52995216
0.73168749
0.96395987
0.32361651
0.89677987
0.76723121
0.21188968
0.22550878
0.34094042
0.02925359
0.12052521
0.37568841
0.68435941
0.37261002
0.08413926
0.79030564
0.96743233
0.8866694
0.09317273
0.1682824
0.61248428
0.67992227
0.24372219
0.03809764
0.81662486
0.32366426
0.75900064
0.83160934
0.65943337
0.3221902
0.10617165
0.65769331
0.11811981
0.93314918
0.06674473
0.26471146
0.46271356
0.3665949
0.98646828
0.02389006
0.56911083
0.4042191
0.88991034
0.12046839
0.37637799
0.96667803
0.60538227
0.04091524
0.92180322
0.52125282
0.42059528
0.81613794
0.4497197
0.35271919
0.21092385
0.38292384
0.7345315
0.96344509
0.38506714
0.77411358
0.43231003
0.82801197
0.12454813
0.74944706
0.7098061
0.49900407
0.48184143
0.17607578
0.17451151
0.6466672
0.66198824
0.24562135
0.94449056
0.36191578
0.74054277
0.8820597
0.35058927
0.28915933
0.93061869
0.55767479
0.20592651
0.74173918
0.16186565
0.85184797
0.77484408
0.4739274
0.27297788
0.73402717
0.82214535
0.75732494
0.59650844
0.78397068
0.25360086
0.35777793
0.63118066
0.5338759
0.16783855
0.40780484
0.186602
0.04038385
0.92266107
0.84321626
0.15105235
0.42934389
0.54612873
0.02605994
0.46216394
0.13438332
0.85056703
0.87939654
0.59909857
0.70221625
0.71043035
0.19700866
0.59720882
0.8129592
0.58239339
0.39294126
0.48067693
0.91391306
0.81383975
0.75769855
0.21759917
0.08459498
0.16565561
0.37088702
0.97666915
0.48600772
0.77616808
0.09506133
0.44581001
0.12274769
0.37972829
0.67201969
0.19891147
0.90979844
0.48109453
0.55063413
0.50212146
0.75184419
0.69921167
0.3203275
0.90768721
0.59860994
0.09776006
0.15471305
0.95951151
0.88791892
0.88797323
0.22408698
0.1159837
0.47202069
0.75658342
0.58621314
0.2123756
0.66832299
0.47005442
0.38342592
0.65059653
0.34915472
0.83327651
0.29238909
0.66270714
0.56904405
0.27139063
0.97618772
0.86123892
0.04602675
0.85092525
0.78701889
0.15095649
0.87860655
0.67396776
0.25218892
0.1536988
0.45085741
0.87772291
0.69896914
0.5919783
0.84155716
0.57212682
0.21555998
0.47070034
0.88707445
0.13883905
0.63135228
0.74848199
0.41155446
0.3233879
0.2984449
0.80289125
0.26556433
0.06972434
0.56096285
0.01079299
0.09054215
0.77165935
0.7002874
0.69659652
0.05158601
0.52224881
0.64066092
0.57495762
0.66530857
0.33232157
0.35903698
0.89851543
0.97142719
0.54527026
0.46607983
0.52179303
0.89169812
0.85902857
0.92772248
0.71170166
0.93600559
0.19450706
0.49191353
0.89239857
0.32336883
0.73733165
0.88921398
0.64853875
0.58784496
0.71227935
0.05579001
0.84809315
0.47005342
0.15093391
0.38152854
0.29728743
0.73079687
0.77334847
0.21646158
0.84129699
0.29743487
0.98924109
0.80444819
0.40103135
0.66819654
0.57337942
0.10775912
0.96465672
0.77347337
0.22053037
0.47444343
0.04645758
0.57083135
0.95249167
0.68180828
0.72158389
0.61254071
0.67176095
0.60516105
0.57372202
0.36397466
0.93465531
0.36226935
0.60920811
0.3332268
0.54258233
0.3377675
0.90338741
0.38968282
0.78675135
0.89329293
0.77151112
0.76242043
0.48262846
0.06166881
0.36303723
0.0425537
0.50364671
0.84283908
0.04707795
0.66684141
0.91802401
0.26600057
0.48654059
0.43307018
0.86118659
0.83955905
0.27836118
0.68427436
0.96673238
0.12918755
0.85261047
0.86919846
0.16400641
0.35187786
0.84359597
0.42048397
0.96526971
0.59764458
0.45149504
0.61819449
0.98179466
0.25095347
0.82564632
0.22291755
0.27261189
0.095424
0.60373165
0.84055242
0.83919413
0.24514151
0.23306552
0.38172529
0.54966601
0.85898726
0.88454803
0.39961557
0.60932669
0.75064702
0.22714604
0.65448188
0.17644747
0.35842645
0.09918435
0.43608239
0.87159652
0.85953518
0.83757016
0.17501449
0.25503061
0.42669151
0.86191113
0.49142357
0.12062631
0.33978735
0.07233284
0.43025091
0.1055193
0.7329293
0.15378276
0.6737748
0.89214834
0.9311961
0.86930063
0.80876866
0.85894874
0.69697895
0.19083659
0.6936854
0.13061681
0.39556135
0.28749924
0.00737825
0.40643358
0.78518359
0.23045213
0.59613067
0.80259973
0.78359391
0.71393347
0.39092916
0.86766011
0.89450668
0.15537182
0.07315281
0.57232038
0.73827341
0.14874587
0.71068677
0.5348576
0.2135813
0.52471265
0.49849961
0.52584351
0.56283985
0.92313893
0.24901722
0.6878731
0.05347676
0.84265409
0.88957552
0.70902702
0.63300662
0.73261227
0.41035888
0.43988378
0.40706848
0.06775509
0.54485562
0.71546943
0.55599201
0.62457253
0.18865508
0.35036584
0.5444454
0.63185404
0.61330789
0.3773407
0.15771592
0.12053844
0.26171536
0.87554884
0.5282498
0.46912196
0.7772481
0.33933508
0.00025188
0.03656972
0.06810017
0.66236933
0.83823881
0.53524665
0.42549335
0.64052217
0.94391542
0.4172049
0.22716592
0.8833293
0.37801493
0.34846776
0.39297031
0.67530235
0.26070956
0.49407242
0.24864166
0.93174421
0.08662533
0.8126187
0.54966044
0.95171732
0.272108
0.4148767
0.40822568
0.66150997
0.15789999
0.37126461
0.69281792
0.78573864
0.73551121
0.4644766
0.25971382
0.42290285
0.65596302
0.49088352
0.38682066
0.68465988
0.50194461
0.98705818
0.36427075
0.1600179
0.03565605
0.53771242
0.06029167
0.4727239
0.01389541
0.9108744
0.38659316
0.81206039
0.13970409
0.705666
0.90732633
0.40408459
0.62865227
0.2228468
0.89905018
0.52353539
0.74024152
0.89397994
0.70734755
0.94377703
0.84665288
0.50515728
0.91497594
0.6157785
0.29050326
0.20556174
0.17598821
0.25850967
0.13453102
0.16595972
0.43945863
0.76966061
0.48771572
0.25175063
0.4194581
0.06445616
0.65483821
0.93492508
0.21183727
0.61885164
0.41219903
0.40561213
0.79931033
0.79599314
