0.75770107
0.67010206
0.81249851
0.66647344
0.93141065
0.93419766
0.07201728
0.43984295
0.01329559
0.78337518
0.61276074
0.9253396
0.63653657
0.03006344
0.22699843
0.93767851
0.65485174
0.22237473
0.09480626
0.13759254
0.45173759
0.32781536
0.60620211
0.75415218
0.94710502
0.69361933
0.06951641
0.47852641
0.50534951
0.56812446
0.78876515
0.45114403
0.89673962
0.85659023
0.74462625
0.64715878
0.54301454
0.82472991
0.83107552
0.38383416
0.13567291
0.07245704
0.43634168
0.89812979
0.1370377
0.4575351
0.9203201
0.6791828
0.98443615
0.09474967
0.37147498
0.2577072
0.7908579
0.05918822
0.59661191
0.217962
0.27841527
0.82146706
0.48022481
0.44421948
0.19498342
0.5730735
0.58113488
0.6892749
0.92195839
0.01576243
0.95801458
0.55195953
0.03861796
0.82912621
0.39755532
0.72897852
0.78720141
0.80162088
0.60278506
0.52100021
0.53287328
0.82619792
0.9305379
0.78698251
0.54538286
0.86131026
0.98764332
0.92114086
0.87284872
0.09048903
0.79724151
0.51937286
0.187719
0.72051896
0.22955485
0.68040279
0.68724537
0.10252147
0.42837119
0.66929301
0.35841445
0.56159681
0.09790764
0.602038
0.94514145
0.90112932
0.90669969
0.10402321
0.41650921
0.31153912
0.37322541
0.69162772
0.90717431
0.80326181
0.10977263
0.90647735
0.98884886
0.98323488
0.3128246
0.60279943
0.26942032
0.83038775
0.69893306
0.44508096
0.3783983
0.90258555
0.5987897
0.64234692
0.4190308
0.93721407
0.94831319
0.90879937
0.90037921
0.81609423
0.32497258
0.21692697
0.27931106
0.21371813
0.12239651
0.73413232
0.11232735
0.47902529
0.4640892
0.80036108
0.23014139
0.69287513
0.67188801
0.42985336
0.66304552
0.97849435
0.44206986
0.08566419
0.56066718
0.44131525
0.02153852
0.50252232
0.48039199
0.97942415
0.54235218
0.49536705
0.89605615
0.98593118
0.49067048
0.97058258
0.8135054
0.44018191
0.89129172
0.0317817
0.04570202
0.2923756
0.14196566
0.31017181
0.1100249
0.82355372
0.22155644
0.20543149
0.87344847
0.98227893
0.46012781
0.0745128
0.02902542
0.44713049
0.18176213
0.90604397
0.13193094
0.75396727
0.88197858
0.68899954
0.78470379
0.77373889
0.91758248
0.17345966
0.87642224
0.78705538
0.22772444
0.24841264
0.0946274
0.18741394
0.14537722
0.61550747
0.18676
0.80719929
0.61951416
0.74686542
0.83843818
0.6281338
0.61703698
0.77563937
0.86712527
0.93313785
0.18463501
0.19334806
0.1181376
0.96912397
0.56421741
0.31481893
0.21818765
0.64464416
0.04604071
0.32072188
0.97766702
0.94587986
0.56735331
0.60236929
0.59378151
0.57569683
0.75126286
0.05900239
0.70206483
0.03733667
0.94646188
0.92789524
0.20415893
0.51887712
0.62901932
0.37769934
0.65553134
0.1189015
0.70852613
0.33794945
0.43331285
0.51115132
0.53526311
0.84657903
0.09332841
0.87745468
0.40849677
0.03867527
0.0188899
0.57388561
0.90185326
0.82587315
0.97028787
0.26640633
0.1929702
0.43648364
0.09981081
0.92677132
0.18283648
0.42418085
0.90685923
0.00561349
0.27796956
0.62612411
0.63513856
0.71118824
0.55425563
0.42458101
0.24900583
0.01833056
0.81967964
0.68345329
0.28396439
0.57457264
0.76630103
0.42062513
0.63646079
0.17977079
0.20521219
0.88556378
0.73470027
0.21034969
0.16454967
0.9116545
0.14531532
0.93487212
0.92146554
0.75220184
0.81061675
0.65657282
0.06888637
0.67316566
0.72662785
0.64960425
0.94087123
0.4593641
0.30947187
0.98439816
0.67473928
0.34846668
0.53262135
0.3373253
0.92034699
0.77536454
0.36970451
0.635387
0.33226849
0.20363893
0.88073308
0.85990609
0.52044129
0.61985943
0.01562283
0.51381555
0.33475163
0.14707638
0.27774258
0.64793298
0.47213256
0.76821089
0.51434105
0.61612693
0.31624508
0.92649723
0.04678964
0.72972244
0.19272579
0.11721032
0.53201087
0.33610904
0.29809017
0.75494145
0.79813218
0.46674816
0.97035099
0.8041154
0.12586361
0.60316889
0.36205043
0.70855089
0.05716124
0.50746578
0.5578972
0.50226094
0.37899719
0.03291769
0.23880993
0.35665185
0.5338892
0.42791317
0.55990201
0.39953021
0.68609074
0.91957875
0.83416851
0.72670239
0.87345929
0.90383919
0.79281546
0.03085025
0.89661753
0.59934662
0.94705199
0.41088368
0.0197519
0.16674489
0.16404544
0.46309445
0.42205816
0.40388027
0.59771425
0.74309829
0.98772437
0.63336722
0.08796802
0.16497252
0.44039265
0.65679889
0.935967
0.68945462
0.48877313
0.33715441
0.45007398
0.07719215
0.02910822
0.3326021
0.79101285
0.97190831
0.44824908
0.39405859
0.05268882
0.80906758
0.56506877
0.05313375
0.1312516
0.4997092
0.61468948
0.03293333
0.21285209
0.50114541
0.09038461
0.95458478
0.72814502
0.47335519
0.30699158
0.04229527
0.53747695
0.35208011
0.05258999
0.51511948
0.50935858
0.45829247
0.8876203
0.25131829
0.44286472
0.17015404
0.64837204
0.50403244
0.91747883
0.05841633
0.75675468
0.12939769
0.93713047
0.39341836
0.85774829
0.97685047
0.20044635
0.00170306
0.65865063
0.79871961
0.9213222
0.2001515
0.3547814
0.22341101
0.81009359
0.78187969
0.86200737
0.17672556
0.9001444
0.18093153
0.14127413
0.41455635
0.59980665
0.08428948
0.69336264
0.34746869
0.9419183
0.17017952
0.53268349
0.52179484
0.75490904
0.85288095
0.7682146
0.93173666
0.75007008
0.05323972
0.8767755
0.32087103
0.13249987
0.75441488
0.35064569
0.02238595
0.45517368
0.8049677
0.58603297
0.24414725
0.04348987
0.40520785
0.47940529
0.16989048
0.09575462
0.30999209
0.98976154
0.03517529
0.75181417
0.98365968
0.85174741
0.52845142
0.77517907
0.5872743
0.00959781
0.63181405
0.00924434
0.38953801
0.47230689
0.29818454
0.75772942
0.88460663
0.15355633
0.341838
0.01703112
0.04778306
0.110784
0.10102537
0.29586271
0.76234017
0.47345626
0.74531624
0.08831496
0.41976372
0.15170642
0.08346684
0.21775335
0.43155452
0.24920672
0.95794601
0.46672578
0.47298872
0.60430017
0.61793761
0.02367456
0.27030524
0.04822944
0.33757704
0.94456564
0.0557621
0.60739101
0.06661463
0.74191907
0.95010495
0.51215874
0.93207233
0.33110478
0.09438799
0.29774127
0.30465139
0.39458846
0.61199561
0.58235271
0.78263913
0.92562113
0.62909106
0.42053393
0.73006583
0.52022015
0.26113665
0.72306697
0.64549114
0.86391356
0.67158801
0.66350348
0.61213848
0.58682871
0.31756044
0.90035305
0.59540443
0.88435916
0.24042321
0.45447876
0.81143296
0.67751006
0.43101687
0.00014393
0.92173375
0.32630877
0.42749428
0.73336363
0.18601415
0.85387669
0.40684562
0.94669587
0.06352659
0.7020722
0.00402748
0.16875617
0.24249987
0.32617395
0.98672486
0.88024267
0.23274234
0.57689034
0.66346452
0.74537314
0.29938643
0.80279322
0.90502403
0.50518305
0.81834234
0.8344867
0.83553093
0.80440875
0.23408619
0.57477445
0.77176042
0.03396461
0.18165363
0.2911556
0.15928735
0.32909986
0.46628681
0.03455649
0.69345645
0.88636463
0.09300961
0.87373254
0.78926302
0.3216552
0.290788
0.71296897
0.80887443
0.58796072
0.58714073
0.51768967
0.74686772
0.47999157
0.26330497
0.35230014
0.45545131
0.15981862
0.22430488
0.77137313
0.68527593
0.81902802
0.27403738
0.77369201
0.922202
0.2177662
0.59264575
0.12084824
0.80281606
0.42651063
0.83465101
0.10576068
0.47972592
0.97184334
0.92446547
0.49756675
0.48030932
0.68976619
0.76109151
0.59635453
0.11277182
0.2081922
0.30292848
0.4859757
0.58502019
0.29263765
0.0442932
0.47471574
0.47089182
0.83807954
0.6802203
0.84652364
0.19188908
0.33501361
0.76830569
0.13305121
0.72242103
0.98773065
0.66639512
0.26541199
0.80201909
0.78383404
0.98982332
0.42835183
0.02380506
0.49820689
0.73124362
0.119909
0.46420331
0.07248341
0.19323346
0.2542968
0.74033356
0.6935041
0.58501769
0.821782
0.38756351
0.71383161
0.33840572
0.49415658
0.91298409
0.1211322
0.58143866
0.65661226
0.64031395
0.48071386
0.75800096
0.77044576
0.37275765
0.54804963
0.76030406
0.14353637
0.44659899
0.71835933
0.79308623
0.01110394
0.31242468
0.1107969
0.04425768
0.69677374
0.04661439
0.52437005
0.33807221
0.76838844
0.08537122
0.82868206
0.30809131
0.98531486
0.60434442
0.44060047
0.44432573
0.56255755
0.26873195
0.07973353
0.18681149
0.07353649
0.18776784
0.88209423
0.29053709
0.68497974
0.21805892
0.09428117
0.45783983
0.77221352
0.41029545
0.4107197
0.00526852
0.15567919
0.19502761
0.1052284
0.76468767
0.69461849
0.76374426
0.89666104
0.45183342
0.08415039
0.6778641
0.19653421
0.8970517
0.28413763
0.02494899
0.5733342
0.2415318
0.63295605
0.17101039
0.84008616
0.80735614
0.48760318
0.48248836
0.16811889
0.51989121
0.46664123
0.62057922
0.90317523
0.17727228
0.02766529
0.18368013
0.04869221
0.38162663
0.13535372
0.46452008
0.4417972
0.18954864
0.33491696
0.81649223
0.18243447
0.78255247
0.39034245
0.82436646
0.2337023
0.16389691
0.50102287
0.83525554
0.42379662
0.65204108
0.04937161
0.12841179
0.64780247
0.67531226
0.09254587
0.17051016
0.85889281
0.61278376
0.57598083
0.11967044
0.73504498
0.3530119
0.74472082
0.93648995
0.27276353
0.14123038
0.31478304
0.71820298
0.46512902
0.96202164
0.77952934
0.78687954
0.78544079
0.30541967
0.23024775
0.2488835
0.61368108
0.32942388
0.93159513
0.3414175
0.2001125
0.37517112
0.72964492
0.35078878
0.57486535
0.85487211
0.84271752
0.56382836
0.82013706
0.74171397
0.26782915
0.88803388
0.80598902
0.88270616
0.4117146
0.73960307
0.89960829
0.30494972
0.21172355
0.01802478
0.57967416
0.24830346
0.33671551
0.89365648
0.87302224
0.35321707
0.19461763
0.13960276
0.63722506
0.78388366
0.60068369
0.46090643
0.96477901
0.80129513
0.09677335
0.27529147
0.68122241
0.60716307
0.3081273
0.9718726
0.10332983
0.18633017
0.25311169
0.45506749
0.51181535
0.9478888
0.60647944
0.36319507
0.26377225
0.64923849
0.94487989
0.36680084
0.71196332
0.11620729
0.92811656
0.65772273
0.89121304
0.29803282
0.72219414
0.80209059
0.31887631
0.82610623
0.12952753
0.10484997
0.29159091
0.62220837
0.09554016
0.05513033
0.4553162
0.41147438
0.40952459
0.6414886
0.80151883
0.68622502
0.26061996
0.0214934
0.39196876
0.03908842
0.50635282
0.06972708
0.2106265
0.53045173
0.97038537
0.41511756
0.78429359
0.33528362
0.00661675
0.31860511
0.22222018
0.02773499
0.48634835
0.52102506
0.30839596
0.63512521
0.94836278
0.20991745
0.55414987
0.29363415
0.39784146
0.43184019
0.38715417
0.91615042
0.44658243
0.42683235
0.8717733
0.2962312
0.55570738
0.82022237
0.36628652
0.11562472
0.63632955
0.43824502
0.28910922
0.42557323
0.41320116
0.34368952
0.08422924
0.06241667
0.69403737
0.71815511
0.03904273
0.89010032
0.1470007
0.94551609
0.06100931
0.94767361
0.03402931
0.75525254
0.70681335
0.36624246
0.36516283
0.25735338
0.49927799
0.15748986
0.87794519
0.23440956
0.72626059
0.74865613
0.59109027
0.09830112
0.982793
0.14282658
0.6901425
0.14397248
0.52289274
0.05464938
0.22608245
0.46875884
0.45680624
0.5168069
0.23008615
0.4749893
0.91592856
0.01809507
0.41527652
0.69854438
0.32674921
0.38584787
0.79237448
0.24665458
0.78236337
0.60250568
0.00180848
0.60066514
0.68046785
0.31902166
0.59697183
0.75701636
0.70735028
0.61554248
0.08504578
0.71712396
0.97779443
0.33241388
0.08603179
0.32340136
0.68969156
0.78119054
0.90038977
0.6585003
0.72611885
0.42384879
0.81872796
0.11166921
0.81679156
0.19763032
0.98980229
0.79594557
0.63137212
0.32344467
0.80850813
0.38960291
0.2666172
0.64584636
0.9159347
0.91306975
0.75100377
0.76482179
0.12994609
0.75868102
0.14653652
0.04160824
0.88808748
0.82677055
0.41427845
0.37317235
0.70594847
0.4729848
0.95907621
0.56840059
0.84478767
0.12726208
0.94530162
0.82506514
0.50283489
0.8349144
0.82150482
0.55368877
0.41865035
0.79711158
0.81609198
0.75185817
0.13047494
0.78668427
0.38869273
0.69305854
0.34274063
0.24078595
0.28584584
0.84215675
0.43291814
0.92156869
0.27014949
0.64799267
0.4633207
0.50011571
0.35544195
0.51355864
0.78946957
0.15170268
0.26632015
0.26691811
0.34825281
0.5267432
0.97292599
0.20072677
0.45564445
0.53402061
0.06183109
0.69484174
0.53280875
0.44036183
0.17273998
0.8809331
0.64663191
0.80698689
0.7187885
0.34958552
0.4396728
0.88060473
0.78623418
0.65409163
0.17565609
0.48631437
0.72787888
0.26756475
0.05987739
0.64444683
0.97590929
0.54815509
0.19553141
0.09930646
0.7722943
0.75313296
0.6624315
0.88090668
0.02693635
0.66707447
0.23715541
0.00734132
0.60787094
0.66546825
0.9203787
0.58282409
0.13320534
0.53023319
0.32123907
0.66151293
0.19434332
0.77576605
0.16080488
0.05836063
0.05189242
0.78394436
0.53381472
0.30431629
0.40023082
0.82448087
0.57160345
0.5897622
0.50213489
0.02236721
0.74370532
0.96514693
0.25011592
0.45908979
0.28706867
0.82967123
0.71174658
0.00953735
0.68066905
0.72843055
0.14586269
0.06627894
0.17767666
0.812544
0.60002669
0.81402888
0.59902721
0.84055191
0.26133594
0.61513367
0.42746223
0.19081693
0.56540029
0.92161181
0.69787487
0.83481384
0.90916722
0.24839772
0.54766244
0.03987402
0.7884234
0.42933778
0.25704267
0.71830368
0.06843973
0.3896983
0.93018564
0.96396662
0.81912018
0.73237469
0.29387417
0.52642013
0.71300937
0.77327279
0.76272146
0.88501086
0.08343367
0.15103766
0.77083465
0.45547784
0.38349849
0.78594035
0.45935418
0.75718425
0.40360746
0.89578703
0.86613869
0.40655778
0.56651046
0.21543537
0.25263863
0.76575116
0.20431125
0.28284327
0.0566934
0.05644906
0.24993881
0.90793775
0.55704716
0.94091395
0.46635651
0.9229454
0.62961954
0.08311103
0.55898359
0.49088062
0.10853911
0.65257039
0.75361178
0.86234239
0.88690303
0.76480352
0.29752441
0.37011395
0.40762125
0.64913647
0.07258768
0.31530646
0.64736488
0.48769501
0.85954493
0.03216799
0.02319001
0.54210973
0.03678369
0.09850434
0.94458211
0.05849928
0.49597821
0.22087705
0.76653663
0.72709464
0.13166427
0.4265904
0.18724192
0.64279993
0.13068252
0.00845784
0.38135279
0.53929669
0.85960623
0.4712015
0.73954823
0.41583829
0.56680619
0.12072787
0.1970261
0.68364556
0.08624871
0.41967631
0.4173814
0.25723361
0.91359272
0.59624749
0.8321416
0.76769917
0.57091079
0.87271718
0.57705149
0.98171383
0.0464031
0.76768249
0.29642655
0.67044088
0.00984569
0.07443525
0.20010183
0.97824604
0.01378808
0.45317578
0.52522793
0.36032023
0.8344028
0.28260718
0.66001957
0.42997975
0.29614853
0.01213363
0.59430063
0.33127626
0.81098345
0.28491447
0.04394737
0.55516416
0.64225764
0.55294711
0.83658058
0.05779683
0.79415619
0.24651586
0.27218963
0.90211071
0.09440618
0.36256566
0.71531256
0.67031969
0.85877233
0.91422331
0.86626522
0.5163697
0.44353809
0.95052463
0.3694019
0.63617865
0.50786588
0.76481718
0.29826945
0.51014334
0.44634169
0.98188474
0.515508
0.72858719
0.67027838
0.90724866
0.1126828
0.13516006
0.4885598
0.33846271
0.03880885
0.80526955
0.25674144
0.19531657
0.51801321
0.08874349
0.20141415
0.9312103
0.28043463
0.59012196
0.7305149
0.32547464
0.63771087
0.01812302
0.93574333
0.9486323
0.29987232
0.44926352
0.75019053
0.96036808
0.00635388
0.59975526
0.85890427
0.68056634
0.32330205
0.40444596
0.95501239
0.33202057
0.78200851
0.72087013
0.52990032
0.76218602
0.12832713
0.1385845
0.85761175
0.50081976
0.20496874
0.71961335
0.54157745
0.52412726
0.58690354
0.91415112
0.34031955
0.59542684
0.81673746
0.85471733
0.82166017
0.19217642
0.40303622
0.09425004
0.31491956
0.977418
0.68737583
0.14224663
0.08168515
0.58735747
0.36935687
0.53026451
0.71827833
0.92242351
0.48591252
0.76861067
0.02371697
0.37430117
0.10310707
0.03812248
0.7134631
0.96177239
0.50195299
0.61389475
0.66323399
0.69912732
0.11056104
0.93844628
0.06584024
0.64418713
0.47675894
0.69214745
0.06515931
0.23581137
0.62363244
0.74663157
0.7818227
0.74923299
0.55895211
0.72609508
0.00760851
0.90922793
0.00969759
0.47407928
0.87098907
0.79712676
0.41475276
0.57415173
0.07707312
0.12787239
0.20160228
0.54784607
0.47147739
0.14399954
0.60486097
0.1980285
0.66321699
0.05474271
0.15422772
0.68910953
0.71799074
0.63914048
0.78321445
0.5025451
0.81753201
0.00753192
0.55803349
0.19726649
0.24325845
0.10886821
0.4861434
0.66851346
0.94112257
0.70963946
0.49375493
0.10491
0.7520248
0.56958966
0.95002229
0.35867103
0.13217262
0.11729754
0.67813849
0.31747553
0.10462808
0.05359136
0.46316963
0.45084265
0.37684646
0.23979053
0.37494884
0.13088941
0.7625769
0.47470374
0.58274947
0.40990409
0.39738756
0.04028606
0.10334516
0.93947008
0.45763994
0.21079009
0.46903846
0.20924832
0.75956533
0.86199248
0.3464108
0.15177647
0.15045317
0.15058144
0.84160484
0.77936901
0.2833955
0.60855256
0.31916416
0.2311562
0.80023484
0.39236613
0.08595599
0.85869476
0.11213897
0.19087749
0.97407258
0.43395872
0.5843741
0.79188798
0.19539365
0.16833969
0.35528178
0.23470339
0.14846836
0.46561678
0.05505006
0.97193399
0.19150605
0.53268926
0.13753433
0.47561846
0.56115618
0.48439798
0.66573348
0.48431581
0.36109436
0.35811416
0.0519729
0.19219173
0.46029675
0.53636542
0.26446263
0.17920663
0.78790791
0.64431486
0.49599137
0.35287721
0.07319893
0.35139199
0.24165424
0.34916205
0.48499968
0.93399259
0.36577494
0.05727191
0.04923901
0.77870371
0.10404942
0.95094678
0.35603043
0.57177033
0.73469579
0.54160522
0.10636722
0.86045719
0.1432634
0.4363928
0.0307752
0.95234696
0.20617232
0.20744127
0.02369049
0.50528952
0.44821565
0.6858799
0.21866923
0.82606971
0.81699767
0.08368986
0.20241491
0.15867692
0.94662765
0.28504431
0.51544009
0.35485186
0.55095303
0.01887821
0.64967176
0.17230029
0.27526638
0.25532201
0.19298182
0.30687881
0.49390838
0.53860495
0.83767123
0.9557124
0.06440774
0.38088847
0.88856965
0.63906476
0.465472
0.80006806
0.76361175
0.55649853
0.18234948
0.29778551
0.58879528
0.08227563
0.477934
0.00485835
0.87382021
0.37666198
0.19348721
0.80416592
0.14454724
0.42043322
0.21107046
0.45044806
0.88843108
0.55151666
0.67499756
0.42063766
0.47140149
0.57902934
0.05657053
0.14652988
0.35703953
0.92766579
0.3654417
0.11249797
0.2615905
0.48368642
0.20260521
0.39106392
0.19493505
0.87351191
0.82461515
0.62800701
0.30524039
0.86647337
0.44858042
0.01098143
0.47113152
0.2500015
0.87078489
0.87665206
0.22819027
0.35224178
0.91100351
0.69751484
0.00488135
0.86872897
0.50679315
0.92150236
0.71057298
0.01764557
0.6361734
0.82445829
0.88347896
0.40482056
0.3642507
0.66108011
0.18258369
0.03937829
0.98511604
0.19562637
0.87675093
0.02404736
0.94502429
0.12415732
0.70631416
0.29124846
0.70427211
0.57535191
0.19253606
0.7879259
0.43157474
0.79899833
0.6661413
0.97978163
0.58875273
0.89137515
0.68315964
0.0305894
0.75221933
0.37058648
0.51423836
0.41708527
0.72244613
0.76675087
0.5255862
0.31143564
0.65112363
0.83255474
0.19774157
0.72155073
0.74014644
0.43401053
0.07409637
0.22060924
0.86282392
0.35061294
0.02391341
0.18735213
0.00860574
0.56213534
0.06536974
0.20619406
0.32900406
0.48741192
0.19350828
0.06050593
0.38056689
0.18253665
0.20061538
0.52225181
0.34652281
0.87561753
0.30585895
0.35871429
0.50126097
0.67710711
0.6708025
0.70148721
0.63107857
0.5934214
0.76143292
0.75236449
0.13853364
0.37141176
0.4656245
0.11346795
0.24080301
0.12415545
0.68940367
0.45773484
0.06959997
0.79841123
0.04022577
0.28096168
0.81475188
0.04220556
0.13641828
0.76994647
0.0667002
0.33555456
0.87581249
0.34537423
0.76250548
0.62948683
0.29175218
0.36873524
0.32005131
0.08387376
0.4228908
0.96299772
0.45231255
0.3909291
0.40532825
0.50207816
0.01358849
0.90952765
0.5207817
0.79475828
0.63245325
0.47786486
0.77168737
0.46184557
0.88095315
0.50003355
0.27780835
0.40412011
0.08657941
0.49132548
0.94792723
0.04362672
0.90587285
0.83301394
0.56879673
0.14571892
0.09983242
0.1242934
0.38620252
0.70489544
0.84933883
0.08442774
0.27058733
0.59359715
0.97365834
0.26479067
0.34880145
0.16230961
0.23331417
0.48534019
0.76898938
0.28641903
0.40033318
0.10654321
0.38657716
0.897455
0.43135138
0.47392501
0.60167815
0.55112591
0.40690053
0.0017656
0.80772701
0.66397639
0.12596752
0.9161597
0.69952915
0.86268116
0.18765564
0.20967824
0.85234126
0.68151163
0.28969409
0.78168952
0.01317105
0.46183743
0.38878247
0.0078371
0.84140408
0.03629852
0.26879988
0.1607028
0.56005337
0.7559499
0.9147104
0.6695195
0.18576231
0.53452117
0.28028241
0.79942905
0.93503953
0.66327703
0.02292973
0.82207048
0.85451159
0.10261737
0.7236405
0.17020454
0.02774509
0.62867505
0.07174433
0.8095556
0.60811111
0.54836545
0.78493232
0.5763514
0.81487532
0.73815175
0.81786124
0.42871716
0.88712329
0.92007983
0.29530125
0.94616204
0.17054229
0.46964703
0.90380859
0.88278225
0.02357874
0.58606873
0.38918088
0.58359574
0.22781914
0.39629741
0.65200317
0.86968256
0.63439559
0.47333716
0.84082845
0.03875521
0.03544678
0.9729503
0.5166082
0.12705615
0.24551435
0.38248507
0.19291847
0.55244624
0.68610811
0.62115946
0.91736529
0.62259733
0.07162275
0.23076274
0.80990999
0.57129091
0.32568118
0.54450921
0.02144549
0.8882692
0.39415737
0.13196598
0.55184875
0.3507989
0.56708569
0.9231903
0.67240276
0.86459656
0.94709092
0.12399856
0.37028169
0.70051554
0.40017169
0.14790079
0.78365953
0.40616215
0.51127087
0.17911864
0.21851791
0.43272351
0.94738167
0.49205566
0.40995643
0.3194085
0.53024379
0.66362074
0.36936038
0.18867588
0.70416993
0.16711475
0.48821832
0.06854147
0.58722862
0.9825445
0.84749889
0.05962861
0.93866768
0.5201608
0.25212937
0.03571719
0.04828746
0.83912305
0.7611695
0.6324911
0.08639177
0.67572303
0.7525763
0.39461203
0.97227347
0.5684671
0.22930694
0.15465622
0.65113145
0.40343165
0.70080921
0.294654
0.26631437
0.24557096
0.11794394
0.9203582
0.82515524
0.81128099
0.54718105
0.37663611
0.64757776
0.5302789
0.13878818
0.00953246
0.08212041
0.68078858
0.73360604
0.9863796
0.70641704
0.1018808
0.0531143
0.68735336
0.4361804
0.40790998
0.27061094
0.55510891
0.65950674
0.95732553
0.27135009
0.84664924
0.58234642
0.28235926
0.3290376
0.91734764
0.21395247
0.0595592
0.0413799
0.59399584
0.55253248
0.17247278
0.81632747
0.10159484
0.56059037
0.66047609
0.39269468
0.32919035
0.12473468
0.91633297
0.4870161
0.83024251
0.68070988
0.79868945
0.94487455
0.17811016
0.11854999
0.07573681
0.94713227
0.75729635
0.64304942
0.04713207
0.89165351
0.97016716
0.07360798
0.42482097
0.23172352
0.95345283
0.57934372
0.47198118
0.34418762
0.64341177
0.13138612
0.91110093
0.51583089
0.20160228
0.19733205
0.63659867
0.3238883
0.88973247
0.53065219
0.06257653
0.50125804
0.48593213
0.12127743
0.92987751
0.7902515
0.25676739
0.00841243
0.1855716
0.54445071
0.83236129
0.60122445
0.56584355
0.16287332
0.92373306
0.3803108
0.11828057
0.11597342
0.86936298
0.18125005
0.3859927
0.72462312
0.60043397
0.1703245
0.32084201
0.49856515
0.95822117
0.7307376
0.20716247
0.19990461
0.82110245
0.16700603
0.08061057
0.50378476
0.00681784
0.51991073
0.29199948
0.84085475
0.43056149
0.54175981
0.43819472
0.72132758
0.0421525
0.28327292
0.8397228
0.03255903
0.08115466
0.78292834
0.78938629
0.1710747
0.23059413
0.20049345
0.54815334
0.0681028
0.50726814
0.75540118
0.61207411
0.64012249
0.93720801
0.94044081
0.38485022
0.93432147
0.5101047
0.83605201
0.72529741
0.59972449
0.92584375
0.05926311
0.86658744
0.68412888
0.14002874
0.02675913
0.0104155
0.49356834
0.62924397
0.40621787
0.83738662
0.97873974
0.7932853
0.92449065
0.33423846
0.90243399
0.04358734
0.32669075
0.38944517
0.3597302
0.74242059
0.30647362
0.72390666
0.4163912
0.73997397
0.05906417
0.03191804
0.54633534
0.06468805
0.60876819
0.69812436
0.12994992
0.5278033
0.6641032
0.35783319
0.9012866
0.26540149
0.8380572
0.44938253
0.32562248
0.57487014
0.72470062
0.83968458
0.06850142
0.25726957
0.03323001
0.19001802
0.15120109
0.11642358
0.19805168
0.84644374
0.1183566
0.40354212
0.52403363
0.64735522
0.7872802
0.86565229
0.35357985
0.32847579
0.17174029
0.21778415
0.38208105
0.17062753
0.93645938
0.34448119
0.94065461
0.00889527
0.85220599
0.86371874
0.81810876
0.46398132
0.79096021
0.33797411
0.42986611
0.38478163
0.89930955
0.03040799
0.19249581
0.08733474
0.23902638
0.65680899
0.70985982
0.76120301
0.03044158
0.16977987
0.53435937
0.15569346
0.00378419
0.20456609
0.81706558
0.53007629
0.2583354
0.31611278
0.55689142
0.53263222
0.81762731
0.39744658
0.4878763
0.61080994
0.97403528
0.25224683
0.36654863
0.76151229
0.78780519
0.16649553
0.46129704
0.1914212
0.66302675
0.27508233
0.82987086
0.24979824
0.96743182
0.95411185
0.5816984
0.24751652
0.60029356
0.32699083
0.06461831
0.11909696
0.54913281
0.78988096
0.43179961
0.42815746
0.70577979
0.73492365
0.30672156
0.01922041
0.09905571
0.01378926
0.44559535
0.36271287
0.68612622
0.27787525
0.75295837
0.79809953
0.81425245
0.58356413
0.41564954
0.22147356
0.42720291
0.28784889
0.48927748
0.52207208
0.04070883
0.06074282
0.55358603
0.67011408
0.08396425
0.63126318
0.73894372
0.07074623
0.7918816
0.96051778
0.8548517
0.51235427
0.92012209
0.01869365
0.42060746
0.35445554
0.31526128
0.58537798
0.14270323
0.23321973
0.59792654
0.92132838
0.59653601
0.66863345
0.84606589
0.62926166
0.9435196
0.70088857
0.95589832
0.2182541
0.25416114
0.51648202
0.32150364
0.3169684
0.62453147
0.21314237
0.05657384
0.77327397
0.95195335
0.63412546
0.45790164
0.92307745
0.98513867
0.09807417
0.56625673
0.30342086
0.85439543
0.86699576
0.01526976
0.49562693
0.8069737
0.34043937
0.44738733
0.52404616
0.12257656
0.55268144
0.89090739
0.92393046
0.8467408
0.49269682
0.64940089
0.67323166
0.78573924
0.59181287
0.78304651
0.88821424
0.30776735
0.28634239
0.91354991
0.27420349
0.83851215
0.91153065
0.96326102
0.64544349
0.62436025
0.10972296
0.61551939
0.11020691
0.08950042
0.82629777
0.74284812
0.73665376
0.03894567
0.3904947
0.84277403
0.8835622
0.0462995
0.23337267
0.91806212
0.43987818
0.20127272
0.64154282
0.3445344
0.54626548
0.02687561
0.79515914
0.13445069
0.65642239
0.98542393
0.75592411
0.88749397
0.4483127
0.17188947
0.55306047
0.53659031
0.3936466
0.0691762
0.62663509
0.90133927
0.20930717
0.53563262
0.8164106
0.9847509
0.47528269
0.15354375
0.61139164
0.13086588
0.16957946
0.69525837
0.97406849
0.60093993
0.13752376
0.53529138
0.16661571
0.48596046
0.33250306
0.25290815
0.8215763
0.98739627
0.30752988
0.16936585
0.20656959
0.07559721
0.16538083
0.26086846
0.86184664
0.74827722
0.25785886
0.65358408
0.21867237
0.2264245
0.35475663
0.29718846
0.51576559
0.90176316
0.01401155
0.96749284
0.11506048
0.9102063
0.55345057
0.24115309
0.49477574
0.23991594
0.61379266
0.88674152
0.65527752
0.12442308
0.89204241
0.6783774
0.93123498
0.76082224
0.08221768
0.55950159
0.8874215
0.16890587
0.80563384
0.68779847
0.52744527
0.2619589
0.79923989
0.23050556
0.49040872
0.43086583
0.01190004
0.28039426
0.73449427
0.90141799
0.43607003
0.28454737
0.54449454
0.74172156
0.12679517
0.2995788
0.74811533
0.56487307
0.35928906
0.96411777
0.62959264
0.08693685
0.97281514
0.73470831
0.48605642
0.49644923
0.64483514
0.60538247
0.17140283
0.15727843
0.04237476
0.21515166
0.51247317
0.869355
0.76669967
0.98692882
0.28586648
0.70914147
0.37860686
0.46533992
0.71091313
0.78867705
0.63904025
0.21196759
0.13433258
0.59983434
0.37518069
0.39646226
0.80016169
0.41551914
0.00775186
0.47000201
0.15596038
0.79042507
0.74436563
0.52356031
0.65905479
0.52632696
0.35697323
0.84122577
0.50319075
0.95886505
0.05109043
0.79706556
0.89628399
0.70509347
0.5902734
0.55421328
0.09855709
0.58782783
0.16892791
0.81526115
0.97595185
0.6182636
0.38846744
0.05892567
0.31237586
0.50166658
0.93542914
0.95367931
0.58212544
0.10459553
0.83869753
0.05425184
0.43201456
0.59296084
0.9124312
0.05338135
0.0239944
0.95522233
0.66006783
0.80294278
0.73541414
0.93270912
0.78657246
0.30933032
0.64516503
0.22827749
0.47785633
0.92435642
0.25766834
0.84639495
0.90578389
0.75550982
0.78555332
0.29375861
0.39493596
0.24919288
0.81207015
0.3283491
0.98595968
0.30619851
0.66092679
0.9838974
0.60520475
0.24109192
0.28784152
0.96096837
0.93819332
0.58778646
0.0893126
0.59750953
0.83926922
0.86828309
0.93683345
0.10491198
0.62519232
0.40731958
0.66781271
0.31545092
0.85761352
0.3543054
0.42889996
0.64098944
0.1979997
0.59854075
0.40955314
0.69324454
0.60871887
0.36419928
0.19652254
0.84232386
0.15408856
0.00639734
0.21475848
0.04990813
0.69650032
0.57622139
0.81742472
0.70737872
0.90495278
0.19156685
0.29179841
0.69663479
0.34309127
0.96305469
0.70386471
0.18792144
0.58642533
0.62830671
0.30238719
0.35786059
0.58519929
0.98389289
0.8017708
0.66546244
0.88089245
0.0800426
0.14810808
0.36199306
0.78126845
0.57738522
0.88271226
0.80558898
0.67986396
0.80300329
0.09833648
0.37784212
0.03435031
0.20224217
0.95134996
0.29840475
0.02257701
0.07061434
0.0219227
0.5490309
0.18714938
0.91297828
0.04565571
0.56678762
0.40223426
0.07190197
0.23410074
0.72802015
0.8926621
0.15641908
0.74229237
0.59800542
0.18658814
0.96222219
0.63400833
0.02830626
0.89953507
0.7125789
0.97716333
0.32880244
0.12172101
0.90609878
0.90670849
0.91214391
0.6918631
0.07865331
0.86943767
0.55302316
0.00799507
0.61090644
0.72775397
0.55294323
0.93195338
0.59662002
0.25112517
0.06853227
0.55027539
0.95084635
0.74912766
0.93948627
0.06489138
0.68455069
0.15161615
0.77425664
0.74504709
0.72969766
0.95022839
0.71783905
0.43096772
0.91067636
0.85610435
0.09221818
0.50461345
0.03626955
0.64670053
0.58019317
0.6219736
0.00815258
0.19841693
0.07018016
0.89510941
0.11446021
0.74858662
0.18210701
0.46370079
0.93869136
0.22919339
0.30522201
0.57852832
0.96563069
0.35931154
0.01537548
0.06391235
0.69924173
0.26681487
0.67284536
0.61854919
0.42324795
0.58632128
0.14311949
0.50783909
0.96774849
0.09399506
0.72068913
0.35988125
0.49811435
0.6514872
0.69593759
0.97876169
0.37603787
0.15543467
0.41389024
0.38545567
0.3516839
0.73917259
0.96990304
0.6914893
0.20893127
0.6837035
0.66552806
0.11981909
0.51723923
0.31151488
0.166811
0.11212722
0.09813037
0.76330092
0.2315382
0.08289947
0.93665974
0.35415772
0.34568589
0.71446766
0.72212704
0.70227117
0.22049392
0.87924468
0.30412404
0.85680585
0.70653291
0.3578285
0.17080699
0.43964638
0.14999774
0.53854706
0.72243731
0.5366951
0.93972903
0.93630586
0.86754011
0.59791827
0.40712778
0.60712953
0.82576036
0.22171656
0.9478236
0.89212709
0.09438037
0.21007079
0.05150698
0.43722449
0.12741688
0.67168706
0.66183614
0.33091511
0.53784205
0.23309057
0.93329466
0.11329459
0.76739086
0.26403965
0.12573703
0.24288914
0.48514572
0.16753123
0.63111857
0.93896798
0.76203659
0.59487597
0.83090823
0.29423779
0.93503893
0.72393262
0.90146938
0.20842622
0.98800121
0.48020078
0.9827668
0.15901322
0.41527569
0.29651483
0.92628141
0.79637047
0.70742957
0.66724591
0.31248533
0.49469556
0.66101959
0.46654761
0.05846216
0.90788686
0.61946687
0.73184757
0.03315785
0.00195794
0.77881477
0.10859412
0.2813418
0.48852371
0.90758819
0.26115898
0.42560429
0.64877866
0.03488049
0.04696983
0.47038796
0.51275461
0.7148481
0.20840861
0.38780195
0.91997843
0.12615579
0.13468233
0.6407994
0.64323571
0.8770241
0.53597236
0.21642292
0.86295041
0.15734562
0.29966455
0.4258689
0.06630329
0.62981938
0.1306522
0.90605848
0.62381906
0.52872885
0.24218666
0.28114621
0.47850934
0.52829635
0.75499178
0.90061891
0.00265926
0.54683627
0.76990999
0.94803055
0.66882995
0.57848578
0.8472946
0.07423038
0.87831645
0.80986564
0.79468695
0.03858402
0.33258791
0.71337886
0.58974214
0.6711412
0.78981305
0.09265698
0.17239082
0.21323109
0.29643229
0.40883858
0.90834304
0.63499643
0.56823329
0.53084953
0.22774663
0.6714789
0.96374253
0.33808299
0.65395295
0.44454198
0.82980475
0.91602526
0.56473381
0.30740283
0.88119921
0.59914263
0.44099936
0.41848993
0.60829689
0.65797284
0.70240255
0.01905904
0.14823901
0.2384394
0.31374491
0.5106937
0.45222156
0.48063055
0.34662923
0.34649196
0.42226572
0.63793466
0.35242475
0.22998923
0.74168176
0.83981951
0.07030018
0.37891994
0.93828793
0.86053679
0.61250547
0.76423102
0.85514628
0.2363513
0.32189546
0.62491676
0.22293555
0.84825726
0.45162249
0.86806408
0.90389912
0.07209461
0.69191356
0.72068594
0.77227979
0.78753412
0.43299028
0.11250683
0.56199929
0.91000512
0.89801132
0.10874645
0.75966029
0.60526286
0.21341595
0.04649767
0.89215726
0.91127885
0.35389807
0.05568609
0.97312326
0.43107261
0.66894997
0.55549808
0.90075677
0.10926719
0.87246271
0.22918112
0.76334686
0.05089756
0.29183584
0.11869683
0.46523193
0.35071139
0.82724752
0.32938969
0.77923114
0.09834237
0.34001121
0.65710623
0.60055972
0.45521149
0.02545887
0.97732493
0.16593987
0.95537111
0.8252702
0.93530257
0.6019342
0.70218889
0.50750052
0.86070869
0.16679738
0.46891897
0.62118225
0.88846058
0.14704355
0.14493366
0.92759913
0.57605809
0.36031242
0.53943601
0.01900393
0.86310918
0.52845967
0.22902646
0.30943328
0.38223611
0.23281944
0.13107898
0.76280909
0.51393244
0.61264995
0.5811691
0.84293042
0.92401067
0.5858761
0.18842923
0.9459341
0.58418967
0.02405352
0.71723512
0.15698408
0.20582023
0.20473262
0.70039039
0.39719225
0.82383199
0.35444279
0.02110124
0.22277717
0.69629438
0.06925754
0.03351959
0.50778211
0.37843703
0.87273085
0.79560519
0.77725352
0.54907235
0.97434396
0.57241302
0.87828522
0.01042704
0.04594358
0.42557962
0.63672485
0.56926886
0.78612478
0.83515405
0.29800111
0.15196804
0.45022595
0.43856593
0.9348995
0.95460881
0.55224472
0.0939825
0.84555027
0.96914059
0.57151808
0.68333107
0.71302466
0.17245757
0.27580318
0.77601295
0.78162233
0.94657538
0.06755234
0.3468658
0.8426054
0.09936885
0.66051856
0.62401488
0.79470897
0.01487288
0.67311308
0.38530517
0.59290606
0.28304013
0.83441511
0.72471354
0.33911593
0.01517822
0.08816692
0.06225445
0.84319043
0.72421809
0.0233077
0.32297842
0.22291379
0.40677909
0.36556208
0.66773375
0.05166325
0.81174132
0.54305273
0.23963096
0.6463613
0.35972457
0.47445379
0.18940245
0.77944035
0.34948403
0.18628091
0.19949158
0.37408483
0.07509338
0.85626065
0.03349018
0.03378798
0.48293687
0.71368952
0.12200845
0.38671991
0.61717629
0.95075383
0.89625841
0.70921349
0.46520301
0.03621746
0.04387558
0.1880764
0.15177617
0.57310218
0.40183712
0.6447869
0.00508904
0.97719839
0.42875683
0.96388109
0.69589097
0.03367472
0.02349893
0.722004
0.08644626
0.6205009
0.12622954
0.42875517
0.49024159
0.82134259
0.42194544
0.96644649
0.41135491
0.62867751
0.13223041
0.76090769
0.27625985
0.403706
0.11033486
0.87074638
0.38081793
0.15219495
0.56003152
0.30134538
0.5737159
0.1154749
0.0915245
0.20326279
0.28491784
0.66779734
0.72229767
0.75654016
0.38078558
0.62257052
0.84778056
0.51712424
0.33353307
0.35902649
0.24007703
0.39866943
0.89693351
0.18114364
0.76816346
0.15331758
0.13990156
0.2098228
0.74693334
0.64989682
0.78095231
0.91127701
0.84705231
0.48382345
0.28433377
0.26741852
0.69069054
0.39326358
0.79039879
0.30272542
0.89326181
0.19061813
0.82379905
0.59635366
0.37031837
0.90341485
0.66330779
0.4684563
0.97870943
0.80094819
0.53878852
0.25735001
0.14234947
0.71853637
0.6866001
0.97999804
0.96531233
0.98425804
0.17057771
0.05844597
0.90023787
0.6185208
0.10330036
0.38268903
0.24387655
0.33277718
0.5880177
0.15506469
0.69428035
0.82723413
0.97369095
0.30824673
0.51225213
0.90697805
0.08126793
0.58003542
0.95397752
0.1147857
0.16377191
0.27823068
0.51784112
0.62378242
0.78739529
0.42621152
0.60905856
0.21032512
0.90386908
0.35709291
0.73512544
0.31117307
0.3172103
0.27712505
0.56126452
0.38959028
0.57055188
0.77163834
0.36752865
0.02363226
0.68165687
0.79520501
0.98705871
0.96545388
0.12874369
0.36488416
0.83890885
0.56343124
0.13496262
0.70112169
0.01724274
0.53619327
0.95979432
0.14341548
0.45084717
0.57770619
0.63660103
0.50785457
0.30220255
0.90511179
0.21755941
0.58640762
0.386126
0.15802786
0.48190451
0.58953354
0.98265331
0.62406404
0.4424858
0.53994884
0.18423285
0.35546198
0.85349521
0.08689361
0.82041271
0.67625082
0.45271649
0.73958238
0.39517024
0.6321591
0.59638526
0.42346972
0.45901065
0.81752028
0.14961936
0.72575042
0.4259936
0.74700982
0.37838952
0.42788477
0.02930805
0.66537812
0.72371866
0.45150545
0.57699929
0.79245694
0.08009457
0.57073305
0.58632783
0.15965669
0.33774821
0.04850248
0.85826548
0.03607082
0.62635026
0.77358189
0.48302659
0.25138247
0.44718573
0.83378539
0.41243153
0.58945259
0.6583439
0.82388016
0.73580611
0.32083913
0.66102996
0.11119109
0.83146603
0.46507669
0.48902921
0.12412389
0.32683088
0.18421649
0.20125759
0.23644607
0.33757551
0.55582452
0.37062323
0.02718213
0.42066138
0.65090193
0.35402988
0.2656281
0.24079498
0.09808392
0.40467976
0.69104832
0.68082402
0.51777014
0.6891025
0.28263054
0.55264832
0.2628834
0.44674332
0.11915225
0.8259916
0.34562504
0.70157842
0.98993286
0.09198737
0.45625635
0.26842701
0.7197288
0.73457396
0.01238214
0.66025305
0.98859975
0.92634781
0.46452049
0.43338118
0.8408117
0.03709655
0.32977811
0.98032612
0.37622851
0.68589907
0.28008333
0.64307433
0.95319901
0.95453658
0.94717978
0.59387027
0.61899269
0.86490804
0.58290203
0.68979296
0.77911717
0.83096402
0.35647661
0.16531538
0.54396849
0.58951672
0.86548162
0.6682573
0.11813
0.41279402
0.8304482
0.78271447
0.23934673
0.59723808
0.79031879
0.95881488
0.01524612
0.01235684
0.62904482
0.03644394
0.91470565
0.97685633
0.55026136
0.4113007
0.90716272
0.04296141
0.49244073
0.01016964
0.18287833
0.64034097
0.0811979
0.58191873
0.92776759
0.09630923
0.32871557
0.24972472
0.31989335
0.42435102
0.43850199
0.35817923
0.23715064
0.30804095
0.7309119
0.28007178
0.8914638
0.79198608
0.97262062
0.51160345
0.30627328
0.20608458
0.51816098
0.54138058
0.42858652
0.38394361
0.90050666
0.85905811
0.38411872
0.86642703
0.59945828
0.17850426
0.96345709
0.46853257
0.37068578
0.87653436
0.24107135
0.59831397
0.51489277
0.79421264
0.26772781
0.4695414
0.3053107
0.92811498
0.9893168
0.09508741
0.73797373
0.27045899
0.37064257
0.20246757
0.50685387
0.06876937
0.8623471
0.08037396
0.82058378
0.46420575
0.78640921
0.68047871
0.98383116
0.40520637
0.87965163
0.41662581
0.44980584
0.15206923
0.60987292
0.62878245
0.23488274
0.17168067
0.48158716
0.98745471
0.24577898
0.05312098
0.30715423
0.83015519
0.05455384
0.98488109
0.3934376
0.11738332
0.34451687
0.84714282
0.47095158
0.58966025
0.93415204
0.11990743
0.73348918
0.97519715
0.66119625
0.93236631
0.23345602
0.87322115
0.63445791
0.35300455
0.1158794
0.78450872
0.91940832
0.49071285
0.53434004
0.294024
0.89789453
0.77410548
0.41362924
0.7822302
0.9055151
0.27337239
0.06350139
0.43431969
0.85292258
0.21051473
0.81605068
0.10798374
0.02652589
0.80374081
0.08696008
0.20675071
0.60330885
0.45850906
0.57621597
0.33114657
0.79749804
0.45813619
0.34656202
0.05459884
0.22218478
0.25340773
0.32212041
0.04739345
0.64335594
0.58319259
0.14651319
0.75783727
0.04590541
0.90565542
0.93420794
0.89166909
0.24966316
0.47090584
0.48722912
0.97503811
0.16318006
0.35544922
0.68495078
0.84240979
0.11492002
0.10039143
0.09086967
0.30266155
0.4440514
0.11961282
0.06172897
0.08653924
0.66934275
0.4474614
0.53369548
0.63091384
0.25922584
0.05643716
0.19918065
0.979348
0.16781014
0.5210089
0.2641652
0.43432935
0.34131596
0.92177093
0.05866865
0.35784021
0.77257789
0.48489782
0.64684609
0.86735448
0.47935303
0.38619364
0.35035431
0.10296773
0.36852718
0.25094729
0.82884158
0.17627267
0.51443467
0.22466499
0.40805624
0.31380933
0.84000863
0.03141518
0.6892656
0.87764536
0.82372866
0.90442269
0.98877286
0.59351866
0.36741458
0.21083378
0.49274216
0.81158315
0.88390312
0.83866458
0.05271388
0.19384833
0.56273017
0.89181118
0.49409676
0.16862832
0.23099458
0.92171179
0.09973791
0.6645231
0.32263049
0.27635681
0.85576477
0.66987948
0.74230812
0.58140332
0.97657671
0.61627368
0.10710236
0.13266568
0.81095561
0.35349898
0.19850198
0.17457559
0.41116401
0.55800554
0.79458262
0.57561439
0.65257152
0.2675468
0.59686272
0.28917812
0.70555002
0.37992599
0.21851907
0.90853446
0.94298199
0.45787383
0.35099354
0.69700142
0.13066558
0.44294418
0.55466899
0.45455709
0.03644591
0.90897199
0.58899599
0.77689303
0.27305559
0.10393983
0.4892045
0.68798871
0.19267735
0.86198682
0.87308762
0.29808281
0.02201118
0.90426342
0.49571752
0.84417893
0.02992336
0.42363519
0.2936104
0.50441308
0.80545483
0.27762678
0.13445644
0.79244948
0.65880825
0.2496962
0.70290632
0.31061184
0.33346307
0.85263555
0.02851047
0.60335819
0.57039973
0.16037647
0.59141053
0.25728119
0.5639041
0.88104126
0.8879204
0.90739052
0.21013188
0.8181029
0.59672562
0.30107871
0.52389184
0.57548831
0.70863578
0.36659347
0.97697105
0.3688097
0.38655534
0.79462361
0.63698211
0.54636632
0.24848285
0.8632696
0.21516512
0.41708404
0.14336377
0.62535868
0.21746105
0.23957142
0.73102574
0.59816376
0.59691408
0.25086285
0.72377967
0.37077059
0.47377111
0.61863213
0.77089525
0.20088977
0.0105109
0.16434723
0.13304327
0.68106982
0.86430453
0.23307344
0.37358525
0.9504109
0.11511404
0.9263965
0.37222135
0.10563153
0.58170012
0.06635112
0.39481676
0.14602001
0.9537206
0.28283936
0.13244673
0.21071604
0.24180553
0.28064797
0.2231487
0.74438584
0.06455824
0.70850923
0.2281018
0.06097172
0.53169549
0.38771121
0.74003877
0.35714553
0.16739498
0.59209752
0.28051302
0.39707187
0.19463548
0.53155298
0.62122263
0.96275131
0.97295135
0.74280087
0.27731836
0.7068465
0.84401347
0.70733601
0.08611802
0.39661388
0.73350235
0.34228507
0.9707989
0.07485708
0.50896681
0.22489774
0.13793225
0.20287457
0.16719863
0.16484092
0.38977398
0.1307655
0.39720061
0.42731653
0.54019786
0.12256897
0.65974569
0.17305444
0.54718903
0.85066712
0.03190357
0.56727534
0.39071414
0.88269506
0.18728331
0.22019112
0.63082679
0.28133836
0.76951087
0.72957308
0.05113016
0.54854643
0.78109458
0.18260364
0.37883778
0.47819137
0.79945607
0.89032272
0.50124146
0.18214164
0.21519141
0.70380534
0.12076267
0.38927392
0.66542617
0.64947241
0.46228528
0.56183795
0.17761296
0.44754764
0.0990688
0.12584885
0.30478058
0.56459305
0.57673183
0.07232129
0.29902122
0.73825261
0.69574418
0.63820861
0.41513852
0.73569269
0.82525787
0.11897684
0.23457943
0.97702745
0.5917792
0.0297486
0.72918593
0.88153286
0.34464315
0.81911977
0.0578094
0.53613457
0.15495052
0.37789313
0.8088988
0.8064049
0.98622962
0.59419445
0.44774777
0.53832325
0.04108955
0.24576693
0.03836328
0.73195576
0.91640872
0.34245613
0.3101919
0.31539924
0.44376897
0.3053813
0.0310375
0.80792897
0.31313546
0.52865319
0.04179748
0.97960052
0.56515125
0.89777354
0.76397175
0.1442172
0.17207882
0.8556679
0.40633719
0.57727688
0.74141474
0.61480125
0.13501091
0.18798788
0.31049575
0.45166004
0.80064291
0.14109695
0.90605234
0.91578545
0.5767169
0.95066515
0.16361187
0.67099641
0.40389451
0.62946749
0.26374295
0.51705337
0.12068583
0.31103265
0.65544406
0.42130012
0.93488519
0.92745664
0.58710579
0.8333941
0.56767824
0.54458666
0.33905231
0.38596723
0.83269992
0.84658439
0.66965582
0.41837349
0.23730523
0.56722328
0.66673551
0.64683205
0.13297968
0.77692695
0.2225233
0.02416371
0.62567559
0.03423886
0.45605128
0.80586474
0.75937401
0.73289907
0.34148341
0.89196035
0.68277567
0.25705269
0.45313501
0.43692089
0.19778738
0.32521379
0.38099382
0.30360763
0.4465673
0.29697877
0.58648646
0.75948516
0.29960053
0.50187168
0.14324863
0.7999767
0.52566057
0.07817799
0.43461322
0.35937097
0.57442589
0.30496117
0.07440648
0.76806298
0.05258457
0.42989506
0.76987043
0.24860215
0.07985642
0.28026841
0.00655783
0.86165556
0.45455977
0.64930083
0.07090688
0.75020311
0.32644924
0.50266172
0.38600645
0.65098322
0.43906997
0.8691436
0.77625174
0.31535062
0.60943191
0.94562653
0.45475388
0.26862392
0.57949645
0.56436274
0.77901591
0.02343183
0.82042769
0.29115861
0.15491024
0.47460156
0.02521089
0.94891931
0.9589769
0.92524886
0.51827174
0.56297678
0.81643363
0.63738251
0.58430954
0.48312284
0.66514448
0.07736267
0.87892198
0.52954396
0.00559428
0.17354519
0.36919451
0.88354772
0.14882678
0.67657115
0.83300893
0.41751296
0.77301203
0.12200845
0.96144885
0.05187949
0.61258253
0.77233471
0.95675048
0.0969184
0.07640215
0.98867188
0.32498363
0.23321551
0.44635625
0.1405236
0.06869694
0.03705472
0.19182882
0.25746549
0.57087007
0.33153866
0.89058639
0.81214412
0.48517682
0.83561083
0.31179795
0.07155639
0.14329681
0.75710344
0.30985916
0.04131716
0.82784479
0.15728596
0.22296431
0.52041146
0.08537594
0.40805674
0.2079662
0.91161031
0.67814891
0.75041728
0.63035508
0.2468634
0.02116011
0.42262088
0.88201188
0.71637176
0.98125965
0.62627599
0.53035248
0.29612028
0.67387495
0.82551217
0.35032795
0.56767687
0.56775241
0.74123179
0.7384869
0.57373269
0.77737739
0.35056528
0.80119914
0.89823128
0.43022812
0.68018041
0.03101443
0.09413012
0.14151703
0.7851697
0.69956228
0.10042334
0.78307576
0.88915452
0.81254845
0.01052184
0.90325204
0.32290001
0.54865893
0.55651198
0.24094018
0.41573856
0.23889015
0.02902568
0.5987046
0.25835138
0.69575728
0.91450789
0.14416163
0.60625803
0.7966789
0.12528115
0.14773731
0.09226376
0.52006244
0.04054056
0.41600289
0.15314209
0.41695812
0.7967193
0.97115043
0.3766157
0.67596899
0.36699313
0.24515001
0.97048034
0.52744559
0.27722605
0.8802485
0.55870753
0.03657479
0.61180353
0.94994781
0.73757365
0.69460187
0.73826214
0.36398313
0.51872657
0.1409109
0.228758
0.04768342
0.58267608
0.43391599
0.9323102
0.41497485
0.31925177
0.77157906
0.08805752
0.46998596
0.65542041
0.80269617
0.41183435
0.28143354
0.2246919
0.16994635
0.22243591
0.81773755
0.75844275
0.75207513
0.58859884
0.90795407
0.5368714
0.97623016
0.65911157
0.31282199
0.86313855
0.35466109
0.63728017
0.32070296
0.51039002
0.10513201
0.49075984
0.72967318
0.49462199
0.18617222
0.59215544
0.31498612
0.31205945
0.4092153
0.20272109
0.10997688
0.81053392
0.28857862
0.29502491
0.34386971
0.76031822
0.23527093
0.77273044
0.31513421
0.03990058
0.84725159
0.58785449
0.36607272
0.1047122
0.231695
0.92003645
0.28965849
0.33354858
0.66575422
0.32016024
0.89168106
0.75280727
0.61711565
0.39126196
0.17480505
0.62887985
0.61887913
0.72009275
0.43167417
0.71485299
0.603708
0.38041706
0.04282699
0.6173421
0.18586485
0.83141702
0.85686589
0.05837588
0.90878474
0.96092897
0.60054178
0.44241375
0.61153166
0.94154337
0.92615605
0.9230752
0.89166068
0.79646688
0.01308022
0.31155508
0.14013601
0.68338086
0.29258739
0.07760686
0.71966062
0.5149331
0.46315012
0.81098252
0.22297979
0.2856866
0.08932347
0.04494351
0.01389934
0.48475307
0.43542665
0.35354852
0.8166872
0.14567443
0.82462013
0.1372314
0.87550998
0.55748825
0.21351495
0.5752933
0.16251683
0.41855077
0.1208551
0.84085603
0.94403505
0.20899189
0.74007331
0.292009
0.04081354
0.57628128
0.78114077
0.66854647
0.77166016
0.42897498
0.69325482
0.1594825
0.61990494
0.7178246
0.14494859
0.35073524
0.55612961
0.07864156
0.50399315
0.025312
0.01305768
0.41217766
0.46498123
0.68883617
0.851436
0.93171913
0.51576911
0.16446607
0.60141112
0.40342871
0.76034043
0.2407531
0.02085795
0.4682474
0.98195938
0.00973246
0.61677802
0.37997932
0.19176839
0.67821066
0.32754203
0.97067704
0.47629606
0.12219747
0.13943671
0.08259744
0.54031391
0.16364951
0.92610591
0.56936891
0.33430074
0.57549701
0.89747731
0.36440847
0.39869014
0.06285573
0.11062539
0.0953233
0.69625019
0.74650679
0.45115953
0.97734713
0.38993496
0.12226229
0.26049479
0.31204803
0.21741151
0.27688844
0.02442779
0.18246825
0.93453176
0.95182817
0.15945932
0.38157964
0.32396418
0.30367307
0.20490749
0.44182523
0.4019197
0.01623726
0.30865366
0.55853496
0.12034993
0.87655056
0.76093076
0.13893085
0.66608151
0.39958916
0.08868336
0.12826272
0.64979059
0.4243314
0.20629388
0.02283851
0.44650947
0.93035823
0.16028831
0.64942526
0.14738193
0.68477026
0.08171722
0.17223973
0.23654169
0.84240814
0.92782207
0.83447485
0.08331779
0.98039083
0.29782015
0.52041499
0.47075563
0.40012446
0.23088498
0.28186666
0.28657889
0.59400879
0.32776422
0.39594869
0.86355067
0.46183293
0.64793736
0.6543502
0.55155439
0.10144793
0.97076786
0.36713705
0.07941253
0.31850204
0.50367858
0.40398961
0.9302989
0.44818661
0.25692957
0.83065349
0.00858587
0.06986864
0.917651
0.4204221
0.083999
0.75817778
0.18231947
0.6973861
0.00150841
0.68675444
0.00776215
0.27560609
0.81396994
0.25711848
0.58307832
0.41201368
0.38237662
0.15291204
0.20214272
0.23942931
0.15356708
0.4631858
0.79221544
0.8812743
0.83700945
0.22673496
0.36932828
0.65678452
0.86542785
0.4470823
0.7631008
0.71017303
0.55944805
0.04721176
0.27574918
0.36867576
0.93876399
0.46841437
0.88529153
0.21512088
0.95819223
0.85700492
0.87996738
0.08941412
0.9001865
0.95981202
0.2921589
0.41655755
0.76414131
0.73050237
0.258208
0.62670245
0.63002456
0.81859966
0.46986758
0.88880686
0.38308387
0.65619897
0.29001331
0.58838032
0.04923379
0.16429036
0.04196182
0.60562295
0.14407572
0.9028931
0.60408855
0.11033733
0.75255267
0.60490167
0.25228753
0.54516891
0.42529518
0.48545607
0.46827995
0.42945271
0.62790961
0.89918978
0.04323457
0.0627394
0.93776018
0.55809409
0.78531242
0.88176885
0.3068976
0.30999232
0.8028246
0.00068035
0.05468237
0.38279598
0.96474771
0.27508554
0.85974942
0.20043186
0.7370381
0.55977408
0.90684649
0.60989968
0.01569232
0.32397205
0.6745116
0.54210512
0.16409838
0.92145425
0.23868676
0.46042779
0.10455231
0.38235345
0.39222898
0.40506005
0.80446231
0.67008517
0.47294661
0.72834393
0.70210849
0.62209605
0.35999004
0.16333523
0.95776178
0.52182797
0.53339336
0.42794515
0.14280694
0.63632989
0.63896958
0.89769715
0.82671623
0.48815116
0.79672904
0.88685829
0.83833176
0.55013808
0.90905101
0.37704133
0.35218995
0.00862779
0.79478397
0.25936317
0.74496394
0.65015477
0.80361753
0.08679964
0.98403162
0.8817176
0.73491499
0.80312974
0.33345105
0.3870614
0.8146548
0.39684911
0.72267801
0.40989323
0.19756143
0.22070748
0.68481391
0.08472557
0.72711155
0.77570565
0.8277
0.59084346
0.81042541
0.73620228
0.58760154
0.39684723
0.55497702
0.75534581
0.89861303
0.08384945
0.59771017
0.12352717
0.81548952
0.89590253
0.85645629
0.35559757
0.9143811
0.27383835
0.13068419
0.46653626
0.66711771
0.80912409
0.02151878
0.65468452
0.58964834
0.57955922
0.10982675
0.08500753
0.49516947
0.48053345
0.23977013
0.47456215
0.62634668
0.2090091
0.70932275
0.22779049
0.11639491
0.39589096
0.60789291
0.43506893
0.72177964
0.07528947
0.81434758
0.68609282
0.61889733
0.28958667
0.48523324
0.01590232
0.80201039
0.61872876
0.75218172
0.40497765
0.25447065
0.75847483
0.93851964
0.13403323
0.35159969
0.6466914
0.98843455
0.04958653
0.92121518
0.60962397
0.02034538
0.11820535
0.8916093
0.3684221
0.73059932
0.11757619
0.10481759
0.61479397
0.54148279
0.36093505
0.87828628
0.81408702
0.80711668
0.21629547
0.15940832
0.81219686
0.13048857
0.98569612
0.93730796
0.97240017
0.44083329
0.79851771
0.50307943
0.33793738
0.47381493
0.7237931
0.63655784
0.37706351
0.41584942
0.07097005
0.46047751
0.28992899
0.88766248
0.20212459
0.8873064
0.14071044
0.20894632
0.76584179
0.78863464
0.5887597
0.44023299
0.46969043
0.93463509
0.76504519
0.33249323
0.15113907
0.48242112
0.34040014
0.20410257
0.31060532
0.97932397
0.07706738
0.07542319
0.919287
0.07606856
0.85525048
0.44013898
0.87386206
0.16845599
0.24099411
0.148744
0.71951259
0.20327307
0.01641911
0.28570924
0.60962322
0.63356757
0.90881906
0.22780208
0.19364955
0.35027153
0.93771562
0.76788702
0.5105242
0.87244228
0.29918308
0.06449654
0.65040199
0.40136794
0.923084
0.50669997
0.18200404
0.13414851
0.23521837
0.53242421
0.25839757
0.92013028
0.3932318
0.38469279
0.25850441
0.15136315
0.3031498
0.37153543
0.38201409
0.40863188
0.37960628
0.78766009
0.31151381
0.74128514
0.86785255
0.89984575
0.68387782
0.88670117
0.92087172
0.7369002
0.5551092
0.16519478
0.83530987
0.40905599
0.87194697
0.12593826
0.85937493
0.04611368
0.74996744
0.07913811
0.98282508
0.73303402
0.40811859
0.65457122
0.83917357
0.64232139
0.51882649
0.2810853
0.92554063
0.02100324
0.96103875
0.56405149
0.21576904
0.04026386
0.66260441
0.04258321
0.35590488
0.94075593
0.25189138
0.12977656
0.7080418
0.09033994
0.63946841
0.15966952
0.55957459
0.96620416
0.14146963
0.10368265
0.42372291
0.38262898
0.22356871
0.05493136
0.78598464
0.77707662
0.94818524
0.94144249
0.39900448
0.88300365
0.79448028
0.5298482
0.03475328
0.86801021
0.20730372
0.26492402
0.08032452
0.56243179
0.95556705
0.79818838
0.74771322
0.71372122
0.91316149
0.10397632
0.29168665
0.88678849
0.7042013
0.69587375
0.83800284
0.22093212
0.90010183
0.19147636
0.875388
0.09835833
0.14743662
0.60954406
0.98788574
0.34526463
0.33776287
0.74062573
0.75011871
0.00079535
0.5334119
0.00169729
0.35209162
0.02610205
0.27209739
0.80950972
0.41016858
0.01865133
0.62056446
0.70061278
0.44666574
0.3494692
0.18750619
0.20375585
0.8100149
0.07886505
0.35912892
0.23801241
0.07329858
0.50837386
0.48221494
0.21143621
0.22329653
0.9389717
0.39791228
0.83374999
0.20328946
0.70941627
0.22611687
0.36658343
0.43004529
0.96193041
0.89436095
0.37325647
0.95822225
0.37763236
0.24919301
0.95387551
0.17549138
0.49868416
0.50241013
0.68235998
0.20995568
0.01994657
0.27115797
0.63572957
0.86237404
0.08627522
0.40603203
0.6980455
0.70997807
0.77247113
0.03974264
0.05970242
0.25665434
0.59016202
0.97734308
0.32224143
0.85322328
0.27594896
0.17570291
0.16331785
0.16652673
0.49715701
0.69084551
0.04664897
0.13163841
0.95955693
0.6275739
0.05862495
0.51764086
0.07888417
0.54787619
0.94653062
0.1175093
0.75266669
0.28236435
0.59183926
0.3859126
0.61098541
0.61323406
0.2808758
0.54556032
0.76578936
0.88428243
0.83296917
0.57475147
0.72851932
0.34190866
0.31883361
0.13462127
0.01094655
0.0428354
0.52971187
0.14718995
0.41698806
0.59281337
0.17961904
0.15138495
0.93460514
0.47679508
0.74182109
0.38286463
0.04373617
0.35626789
0.86533501
0.78220021
0.29949775
0.69560046
0.98592881
0.72299973
0.52198038
0.15421653
0.83001944
0.02157524
0.01574405
0.24506128
0.63501917
0.16182572
0.30831268
0.64880583
0.07927941
0.85302128
0.60923152
0.82004807
0.0978559
0.67882192
0.13360508
0.01498726
0.36401637
0.20682358
0.42994342
0.08379004
0.18912955
0.96954305
0.38778643
0.37276834
0.86084749
0.41462086
0.51272567
0.88884814
0.78587422
0.90731064
0.7721968
0.40167657
0.65460176
0.21554811
0.94252734
0.13320685
0.64941395
0.39688971
0.36322285
0.18592171
0.98007512
0.81402397
0.33600891
0.42070165
0.29041328
0.28713496
0.61342221
0.31230234
0.41424815
0.93132925
0.34291277
0.71863734
0.40007116
0.51102651
0.08770103
0.52394147
0.35628654
0.96084886
0.89541845
0.91899613
0.09841212
0.37482327
0.21263833
0.1410215
0.28549334
0.74513838
0.17134649
0.50054447
0.1671762
0.29226328
0.98543921
0.58646692
0.57269688
0.23945167
0.52298918
0.39793812
0.38655479
0.86048855
0.3227042
0.56859831
0.02221441
0.88119634
0.07267478
0.00364568
0.06486227
0.7337728
0.97688613
0.05420398
0.22106916
0.68524831
0.33100831
0.23127781
0.20943259
0.58751181
0.94813737
0.65301298
0.65376198
0.62384522
0.59345834
0.18819192
0.88363536
0.42341848
0.83469957
0.69610846
0.72596695
0.47075191
0.52441789
0.85209378
0.82559119
0.60194554
0.09249433
0.69879205
0.98733669
0.51348981
0.39372526
0.36984473
0.02358107
0.10949897
0.20690083
0.67236053
0.42547012
0.18880335
0.7568936
0.24193849
0.31308809
0.65047657
0.63777786
0.69086823
0.55367642
0.88786177
0.93807532
0.07706905
0.27146414
0.55637126
0.75512278
0.08269337
0.37222562
0.27258002
0.53300132
0.36480598
0.37131246
0.81388611
0.78264578
0.16879559
0.84561499
0.76366458
0.41737518
0.30855264
0.22414417
0.74808871
0.88306824
0.68792208
0.97035354
0.74884125
0.38987239
0.81052511
0.96449859
0.68410622
0.01027459
0.32365834
0.03659066
0.87367561
0.75928962
0.54074717
0.64290845
0.48774956
0.15989839
0.26538264
0.9849244
0.46582459
0.43365318
0.06851322
0.2682384
0.3130669
0.95874525
0.82740254
0.90071784
0.6104971
0.81081633
0.66432035
0.52134968
0.84014151
0.66644644
0.41293158
0.53950587
0.95385011
0.4538254
0.30780681
0.12947584
0.43554311
0.15010664
0.5760634
0.38120792
0.8944944
0.77054209
0.80873287
0.45506515
0.69657187
0.16131071
0.78756749
0.591036
0.15459484
0.61476627
0.87844398
0.15369664
0.32324388
0.18804299
0.03044865
0.2683617
0.88420404
0.08128996
0.60294974
0.30942922
0.78158731
0.34519723
0.13917899
0.7905776
0.80859512
0.84335152
0.34868477
0.75055397
0.9011706
0.66713167
0.79657
0.49233118
0.82435901
0.7767145
0.3732009
0.13193194
0.70253998
0.15885022
0.58198132
0.38601327
0.47401887
0.04115496
0.55145083
0.73322478
0.91272244
0.55055884
0.51409369
0.51221619
0.77432449
0.45109954
0.6071637
0.52961195
0.54678223
0.51480732
0.94403389
0.62714152
0.74619832
0.19562915
0.05812917
0.41743708
0.14057455
0.64791144
0.17631112
0.41637584
0.23911798
0.98619839
0.48365963
0.55498094
0.10192881
0.63992067
0.24264955
0.16964419
0.16954927
0.93915899
0.13048937
0.32002781
0.07278933
0.52626377
0.10419175
0.00182393
0.97201558
0.00495186
0.31761229
0.46152359
0.21365715
0.35489625
0.6189992
0.48423194
0.63496282
0.43980534
0.92348809
0.28861449
0.51895467
0.45948986
0.89407573
0.68044529
0.71942758
0.74429116
0.24423066
0.57215216
0.49970301
0.30587162
0.7038478
0.83363369
0.60014018
0.63594188
0.03793163
0.39897135
0.07507576
0.84987212
0.70964648
0.56309442
0.52324643
0.93869675
0.02184446
0.60002291
0.77263373
0.17522239
0.88033105
0.48213189
0.85616536
0.46652453
0.93210381
0.29225765
0.69545343
0.25520932
0.76121425
0.49315734
0.08348857
0.72036429
0.47314727
0.34530054
