0.20833333
0.52934091
0.58468541
0.06842775
0.59030759
0.67828704
0.86170404
0.80914027
0.86468437
0.17010884
0.36423071
0.33440633
0.88904255
0.3073602
0.60726208
0.34778007
0.56405225
0.61707956
0.46294894
0.95517344
0.80575201
0.86591415
0.13310072
0.27657789
0.45417484
0.52300041
0.48799548
0.35391582
0.08281096
0.22306931
0.3838991
0.70605133
0.41577145
0.71246874
0.97107136
0.08107602
0.14918214
0.81311968
0.79840452
0.42888979
0.04116557
0.04994466
0.17300243
0.71076258
0.20631919
0.02905129
0.05565692
0.7834757
0.16831125
0.92216339
0.00688302
0.63883021
0.88024723
0.21644007
0.29152664
0.36999876
0.31149943
0.23233958
0.90264521
0.47334114
0.29236685
0.41710224
0.68983375
0.75413275
0.7631599
0.45604972
0.13550597
0.70681557
0.61236402
0.57745054
0.3441579
0.09800133
0.01735502
0.14189936
0.66567617
0.32743626
0.48854455
0.05279693
0.77138307
0.93101339
0.67511499
0.80043704
0.91349874
0.97342379
0.39426105
0.39713068
0.08413584
0.35642067
0.15300243
0.85833476
0.36478103
0.91564094
0.62981439
0.73375813
0.81035965
0.98989394
0.65981499
0.95085343
0.22630362
0.95462386
0.83470323
0.80217493
0.93690335
0.69089694
0.09524561
0.71484502
0.55293975
0.75025625
0.97349265
0.2765182
0.93809483
0.84048856
0.79265879
0.43166268
0.80706796
0.86002619
0.83560815
0.84096249
0.30689911
0.6479903
0.14033672
0.58909374
0.31265541
0.54825287
0.93757684
0.26397874
0.74890972
0.54889703
0.92811745
0.41210101
0.32420605
0.33451238
0.39999589
0.1369519
0.28658961
0.00793973
0.29516783
0.97470927
0.31275482
0.60581121
0.10155728
0.15200382
0.31681121
0.49455514
0.45897526
0.86456618
0.47543315
0.71371239
0.55104067
0.62827299
0.68487432
0.83395313
0.81815236
0.93432449
0.86915447
0.01866961
0.19872301
0.40564199
0.8956056
0.07268068
0.15969325
0.30547121
0.46390225
0.94814655
0.62581645
0.58841701
0.30061366
0.01123031
0.90335849
0.29847908
0.5120358
0.77104984
0.35414545
0.49274197
0.80595198
0.95070511
0.73261368
0.91831367
0.57196507
0.66097671
0.76644294
0.8586095
0.18836081
0.77791386
0.42243914
0.83828966
0.87101873
0.45002042
0.30947357
0.25685228
0.52635995
0.11507012
0.61571863
0.94869163
0.78898391
0.25276516
0.93884594
0.08758192
0.98568224
0.707774
0.15035937
0.42287529
0.79989852
0.07926257
0.2231877
0.21895054
0.45339082
0.577548
0.79078007
0.83161761
0.04634725
0.3034879
0.39963414
0.9210816
0.31548206
0.06061629
0.98065989
0.70089092
0.64544628
0.73831717
0.4545041
0.92861627
0.87447777
0.02346074
0.85369017
0.72404828
0.64229448
0.78316354
0.06909908
0.1670574
0.44334378
0.95186029
0.46817515
0.30628932
0.17008882
0.23862661
0.65385274
0.19680172
0.42697063
0.20819705
0.97139883
0.67464862
0.27805291
0.83582234
0.46919596
0.48019404
0.29259634
0.63957304
0.12227256
0.6063879
0.42186434
0.22620976
0.65497622
0.85475961
0.63223818
0.20272297
0.09747493
0.84456586
0.29749423
0.36676296
0.83054027
0.77930721
0.97435182
0.91486729
0.89910945
0.79590831
0.36639585
0.09036936
0.78648369
0.69268161
0.19073528
0.4467444
0.49230513
0.46389633
0.30703074
0.15948893
0.09131705
0.34118715
0.76429719
0.45170911
0.21945869
0.80728686
0.26435831
0.49405762
0.04996153
0.2469694
0.93423506
0.11244258
0.45669514
0.79056346
0.4891443
0.24887604
0.18557714
0.12778776
0.47429471
0.80743633
0.42758631
0.60716408
0.67467943
0.04233943
0.05089754
0.5333171
0.11275212
0.98183766
0.91646152
0.46381433
0.28374357
0.64133599
0.4359938
0.68548497
0.70188612
0.22258291
0.61235747
0.00233604
0.70471007
0.91611332
0.68085673
0.36552753
0.37602265
0.6022947
0.2268734
0.78198668
0.5888035
0.68779071
0.31926942
0.44070934
0.88304584
0.95665405
0.30132503
0.00510773
0.88790887
0.86912216
0.37068807
0.18104387
0.3635173
0.77496937
0.1016341
0.50322414
0.64053725
0.88010595
0.58283457
0.65483387
0.49523237
0.50924768
0.35845191
0.54608853
0.11406021
0.8208151
0.94513729
0.06585774
0.52614485
0.03081241
0.32051044
0.53520325
0.93428015
0.56137595
0.04158623
0.5441293
0.61013898
0.52479018
0.52813757
0.26015072
0.97118981
0.27128102
0.84968222
0.14429982
0.18311661
0.71267217
0.9725618
0.66959234
0.75051575
0.19870374
0.14192441
0.82467508
0.49777098
0.89739532
0.61162884
0.90588025
0.68785563
0.86301488
0.53974499
0.56216914
0.79071996
0.20424755
0.02440745
0.27897106
0.79625162
0.45439588
0.35764506
0.48474412
0.91937207
0.70705434
0.37960957
0.21519393
0.94736769
0.29564064
0.97211102
0.05881165
0.85484477
0.82033911
0.83473662
0.58963716
0.4557336
0.80725864
0.52921424
0.13319138
0.83757867
0.27309804
0.98542128
0.78348878
0.82043959
0.45122761
0.25817488
0.64409592
0.76469458
0.00416375
0.51900441
0.39221563
0.10677072
0.29743977
0.94483995
0.64375034
0.41806928
0.77870333
0.61151445
0.64795879
0.59862254
0.65513326
0.35129595
0.11242613
0.05310319
0.23003603
0.60619811
0.88268872
0.38242713
0.87254849
0.24302402
0.94324609
0.79944309
0.97298226
0.49994628
0.25506534
0.72953763
0.08164385
0.04971268
0.80968313
0.71472114
0.70249678
0.00286309
0.85872929
0.77732632
0.83434051
0.55025995
0.31956061
0.73011288
0.82198737
0.7566901
0.03366555
0.82305149
0.41548305
0.24535075
0.66114841
0.14732036
0.92176795
0.87405314
0.49045917
0.17189234
0.89376678
0.97899541
0.47834163
0.36670073
0.8787327
0.55449007
0.55129617
0.83532502
0.44199953
0.06757246
0.27328673
0.88892457
0.13975709
0.44837056
0.8250721
0.92362807
0.29219539
0.98511058
0.55274829
0.09412573
0.5477108
0.0956191
0.70117181
0.92325761
0.14941495
0.62308873
0.39207509
0.02856511
0.0359737
0.26569418
0.92701529
0.25903519
0.09517153
0.02999972
0.51320964
0.6589672
0.08251734
0.7973085
0.21230816
0.35448279
0.71117111
0.31249879
0.89304104
0.98900663
0.27587172
0.92363851
0.33697902
0.19163117
0.61966198
0.89109284
0.17275692
0.70843414
0.71877902
0.80547086
0.96208831
0.31507347
0.94086501
0.89161639
0.80818186
0.08152194
0.67120645
0.36892432
0.58033442
0.9461025
0.9502449
0.84981544
0.16832186
0.34173346
0.22651716
0.03251111
0.73335155
0.36019245
0.50247661
0.58354711
0.51764444
0.3026572
0.68097056
0.22801812
0.64564727
0.9334371
0.85053571
0.23993594
0.0336708
0.13850969
0.62148252
0.31553572
0.30600797
0.65918954
0.02707011
0.60394156
0.58815985
0.48919599
0.36900356
0.80855417
0.5519948
0.55579418
0.56219185
0.80070051
0.90111212
0.6501979
0.54537442
0.83349223
0.66010958
0.41932032
0.20899526
0.34806715
0.98211414
0.13789592
0.1877631
0.89872685
0.61243355
0.57478556
0.23972194
0.95490505
0.17702925
0.62601744
0.17023348
0.52446887
0.91347249
0.57173383
0.70143042
0.65907106
0.91832002
0.65455533
0.23606443
0.90631852
0.43346426
0.80345747
0.92052047
0.11851699
0.23056846
0.38248911
0.44930918
0.03336554
0.85941422
0.60841326
0.4395459
0.83137512
0.75811656
0.23263409
0.27533866
0.62910974
0.45342727
0.29461405
0.47773217
0.41402922
0.37862001
0.65739453
0.38412972
0.0870186
0.42717826
0.29235364
0.84152998
0.37837676
0.17476612
0.64392664
0.33716151
0.08649853
0.98580899
0.8528654
0.41265801
0.68960552
0.69357802
0.41598869
0.85535276
0.49986309
0.67460085
0.24544207
0.48066932
0.46880203
0.64375666
0.3957273
0.69908204
0.58629089
0.70928276
0.08860407
0.94250353
0.37822312
0.30040152
0.08988977
0.62257757
0.30835386
0.69756363
0.74929612
0.61882131
0.15977623
0.85652673
0.04762924
0.6639629
0.70393216
0.26925267
0.28191574
0.9263627
0.49572918
0.50917959
0.09410739
0.9528045
0.47507031
0.41346488
0.49554575
0.79661286
0.04691572
0.33698053
0.13526485
0.89084319
0.90325769
0.33759634
0.44599406
0.05959227
0.16353507
0.84432548
0.53930601
0.06310657
0.15151472
0.40272016
0.04888583
0.22742446
0.51416475
0.60095361
0.80741699
0.70030525
0.14517287
0.34762995
0.18060939
0.96858924
0.71617625
0.42156326
0.80320139
0.01624423
0.36630348
0.75437095
0.17862954
0.49692907
0.40318403
0.37181712
0.8934898
0.27450706
0.57890192
0.01870456
0.54911345
0.76857076
0.53574384
0.22171713
0.31386595
0.50620125
0.26456673
0.23025776
0.06781567
0.1788209
0.50269755
0.50206354
0.80841825
0.68112912
0.93153842
0.46399896
0.56176665
0.14081481
0.69431254
0.00057296
0.47176953
0.95001919
0.96309298
0.87102712
0.18475322
0.83551483
0.84483337
0.17110631
0.28340991
0.48417284
0.02924625
0.51840893
0.30821168
0.32216027
0.98744324
0.11480663
0.10965224
0.04819001
0.59264195
0.6323219
0.97159417
0.07404967
0.45467829
0.57630154
0.56673163
0.76853979
0.46063507
0.17240918
0.14529432
0.72091161
0.3363858
0.01692103
0.90848163
0.97928313
0.59465349
0.90518056
0.68634642
0.61854811
0.46900062
0.098707
0.82062859
0.87671134
0.68430101
0.95093816
0.08951183
0.32238578
0.30413793
0.40547107
0.83408341
0.38480416
0.35336667
0.48387133
0.42721443
0.30779469
0.19679147
0.19794672
0.57701866
0.73752943
0.1319752
0.04025331
0.18633289
0.0546057
0.30148592
0.82690215
0.07400194
0.52825711
0.03920212
0.44050254
0.44084302
0.11581509
0.81131908
0.07136006
0.50210572
0.04312557
0.40934366
0.98950592
0.68991071
0.02819484
0.47836735
0.71749315
0.22902208
0.07743215
0.13219132
0.12699823
0.55744398
0.38416695
0.23449897
0.66316012
0.13486318
0.60959327
0.079247
0.30794686
0.56184231
0.70222856
0.5665784
0.44823232
0.28325603
0.31334512
0.16583059
0.04016046
0.75170925
0.52122134
0.37877679
0.26768788
0.49178831
0.24456254
0.03399732
0.81808322
0.90967594
0.87905866
0.76525119
0.46935317
0.06321292
0.76258567
0.81469414
0.3803672
0.05160479
0.95324127
0.93764289
0.87201911
0.80225488
0.27191454
0.79325778
0.87823388
0.52806751
0.96786071
0.03474702
0.13345528
0.77537223
0.14165952
0.71881456
0.66214657
0.83058004
0.1725129
0.30552895
0.18416264
0.83397782
0.00383354
0.26824086
0.52399849
0.78241019
0.14906342
0.24452214
0.39847971
0.03366973
0.16650001
0.17757273
0.36433882
0.38064169
0.72441273
0.36241416
0.97275968
0.55084785
0.55484045
0.18011171
0.30424323
0.82009906
0.73158104
0.79680107
0.37611599
0.88094694
0.65403337
0.22453814
0.45443254
0.86876059
0.1692219
0.91406072
0.7302705
0.75612501
0.93927164
0.65016687
0.37911603
0.55984085
0.92501447
0.49430045
0.23636398
0.1570826
0.51231618
0.36841947
0.24415794
0.0087538
0.39650017
0.42741071
0.53454803
0.96708485
0.5281807
0.34741189
0.19271983
0.95046163
0.76328373
0.05997008
0.46799371
0.1691068
0.36261144
0.27950535
0.80233182
0.90116584
0.07511769
0.8275065
0.36954476
0.16611311
0.83114775
0.29276433
0.30939039
0.06918311
0.97686036
0.48288412
0.87331492
0.47721455
0.08648173
0.88571146
0.13116787
0.9653556
0.23643591
0.00357154
0.22847707
0.78430358
0.04784148
0.71905612
0.09693574
0.15251375
0.24078978
0.10638868
0.88294754
0.13830953
0.74701383
0.95838515
0.61803824
0.11554632
0.42063595
0.07119693
0.51939125
0.58966238
0.26620407
0.89099665
0.41779987
0.58400905
0.59073026
0.847565
0.09814282
0.59121048
0.27391427
0.40358826
0.84411298
0.74689672
0.88281171
0.11024116
0.70345144
0.48672872
0.24907783
0.78358054
0.48333776
0.75098673
0.12509406
0.65065772
0.79465858
0.49664713
0.14999556
0.64300078
0.07960842
0.51804159
0.89143023
0.37968085
0.67488315
0.83040669
0.57264429
0.83785258
0.75723967
0.01761049
0.03777548
0.88206389
0.62345545
0.10414081
0.19709144
0.19191613
0.87708334
0.28058449
0.68314257
0.54325054
0.49356578
0.02202065
0.25112208
0.81475835
0.76341841
0.36679609
0.75468382
0.44765334
0.37364545
0.52119708
0.05477171
0.1065587
0.29152289
0.75613782
0.94483903
0.43064679
0.19831263
0.23075208
0.9784352
0.80223267
0.61378846
0.37024814
0.10512471
0.07255783
0.28960678
0.105995
0.35169414
0.78233624
0.09028433
0.11949717
0.93677249
0.04959265
0.06331568
0.76494687
0.53541409
0.73172376
0.61926582
0.47665722
0.02577545
0.75342474
0.60175504
0.51776805
0.02026833
0.59389493
0.05244598
0.89839927
0.87452618
0.80973805
0.35670081
0.03655032
0.46975271
0.17573785
0.79562324
0.89457567
0.56445864
0.43517293
0.16518429
0.18190331
0.45545357
0.29232198
0.62251267
0.02427819
0.47438835
0.95535049
0.09427554
0.43580028
0.3932251
0.05727106
0.5085936
0.29928441
0.47528431
0.89318381
0.22342155
0.44517495
0.86368396
0.46958499
0.63630826
0.88343475
0.30498878
0.7548471
0.65493959
0.13533328
0.13269741
0.84169345
0.38039719
0.50184189
0.64957711
0.51496865
0.7145213
0.24709171
0.21050303
0.29252136
0.03311537
0.54501325
0.17709514
0.42193344
0.41370299
0.75550904
0.16001236
0.50371238
0.5338456
0.89848759
0.97391422
0.57049515
0.3374878
0.77203375
0.02191474
0.59677456
0.05455475
0.5359527
0.33970711
0.05325474
0.2695538
0.10738476
0.40384296
0.5322485
0.28480408
0.03523785
0.23829898
0.58738348
0.16311833
0.38147447
0.08299856
0.4428008
0.45453257
0.65619788
0.15952881
0.50391733
0.54866538
0.40808512
0.33486942
0.35276024
0.64340229
0.81780194
0.26545112
0.36696867
0.89955074
0.52480822
0.1392008
0.68257486
0.32861538
0.54928417
0.22233393
0.36142491
0.03147195
0.78721852
0.49405704
0.08506918
0.08243011
0.61670569
0.80627733
0.36372421
0.70068084
0.90629186
0.95251871
0.11961194
0.54270913
0.6288431
0.41467301
0.48057135
0.56347502
0.61686663
0.29797162
0.84178254
0.95186964
0.73789265
0.12739079
0.91631888
0.7396189
0.895888
0.9589373
0.16241876
0.1745044
0.83828606
0.42925592
0.43254237
0.35778306
0.88531954
0.06558047
0.71083056
0.073034
0.31242084
0.5373404
0.0870606
0.26999765
0.32835473
0.52735642
0.81432494
0.15621914
0.46889906
0.98462277
0.41393909
0.29397737
0.34139799
0.75346793
0.85654013
0.53654585
0.31826463
0.78415165
0.57984211
0.58708198
0.56637757
0.43796656
0.20713696
0.82694804
0.8665295
0.22461123
0.411065
0.54713414
0.35391337
0.98856016
0.85659228
0.59055332
0.32475525
0.46851976
0.32879677
0.51914134
0.76869685
0.45787049
0.1775373
0.58375308
0.61881152
0.94505966
0.98922958
0.3293656
0.88479232
0.56461058
0.55313657
0.76062739
0.11503465
0.78000775
0.87837645
0.80688973
0.28974373
0.95760387
0.43642728
0.75252916
0.69328837
0.62243675
0.76757543
0.02181626
0.82065161
0.68853394
0.41402493
0.08828133
0.34840143
0.24134469
0.40861788
0.37838277
0.77320071
0.31951397
0.45432756
0.12398659
0.17574712
0.51035132
0.42880298
0.48076755
0.90736106
0.34041645
0.72749387
0.83468427
0.42176162
0.78984567
0.67602058
0.92408604
0.89005165
0.46270364
0.58238296
0.09628559
0.05705538
0.04058183
0.82961962
0.18501422
0.40329243
0.04754071
0.97456989
0.47200544
0.81493715
0.44232157
0.33186055
0.71779057
0.35128201
0.2321433
0.05204615
0.59743882
0.90986069
0.10084513
0.04025585
0.94571048
0.38788161
0.54308384
0.4569768
0.05263869
0.77097143
0.11873078
0.51051765
0.52046636
0.68482407
0.10406575
0.55718195
0.08003838
0.86263464
0.87081309
0.28907248
0.86657959
0.16644773
0.10324724
0.49031607
0.80308228
0.34125683
0.9173306
0.86770342
0.4392208
0.88099543
0.94551257
0.73955442
0.70908898
0.25044261
0.82251561
0.54296284
0.04525553
0.8912445
0.63440051
0.63603196
0.29870504
0.5226555
0.41542959
0.71674323
0.62698093
0.76556357
0.24601692
0.66417737
0.1434953
0.95934703
0.64407062
0.82032524
0.53778826
0.51478976
0.31251401
0.22642015
0.88127884
0.48566773
0.57547132
0.21838239
0.69760926
0.46785981
0.37047961
0.55381958
0.0620504
0.95555977
0.85770302
0.2964566
0.76073009
0.77989389
0.82979972
0.76349972
0.79222045
0.41446824
0.1487166
0.12127111
0.09558
0.57522538
0.52029997
0.15273758
0.51111794
0.86922289
0.02538809
0.87466722
0.30468343
0.75226872
0.38155966
0.82767208
0.14445634
0.84449842
0.76293172
0.75519815
0.51593317
0.06885372
0.87961351
0.20077282
0.07951405
0.72062835
0.35464565
0.76953785
0.36296183
0.76477049
0.75879185
0.39358234
0.19568411
0.56897722
0.13746714
0.2914799
0.69125837
0.68121561
0.65287276
0.95234373
0.03600318
0.54371664
0.75535416
0.83316706
0.59247699
0.38298031
0.07534752
0.31974793
0.95466872
0.04900449
0.23905019
0.48068817
0.04335032
0.2057353
0.02730281
0.84925221
0.09691257
0.46654003
0.28348399
0.36782766
0.71437078
0.03694131
0.8911553
0.78893452
0.05306005
0.46960031
0.34919067
0.67667763
0.7608608
0.82318874
0.12274106
0.53811651
0.02040872
0.26211334
0.39753829
0.84971649
0.70947404
0.64084929
0.76873795
0.42539185
0.57377514
0.92726681
0.79200361
0.08142211
0.08229001
0.61524915
0.51914759
0.60330944
0.91128309
0.93660756
0.58118606
0.94870113
0.68723906
0.95139386
0.89151732
0.07382334
0.84439739
0.52062605
0.54507991
0.51284932
0.72059693
0.34342094
0.98618022
0.55652182
0.35742715
0.96630164
0.49047575
0.31015692
0.13350542
0.929371
0.77124338
0.66943615
0.42172319
0.45800945
0.40820092
0.40041433
0.2004273
0.39521027
0.4857033
0.1087887
0.20133526
0.42023973
0.94024907
0.02638972
0.86211895
0.28319399
0.63640878
0.33852908
0.7519149
0.19591268
0.45499121
0.62736625
0.9879815
0.59355967
0.74454218
0.2620172
0.92837947
0.15090662
0.88519211
0.27315411
0.45907484
0.29123981
0.51956153
0.95127763
0.65904888
0.77445955
0.54156916
0.35882894
0.24088397
0.86252272
0.86090781
0.88042235
0.79114227
0.30665738
0.44964377
0.76436076
0.35616555
0.7026543
0.38877527
0.76246565
0.59328131
0.44275152
0.8517092
0.93211329
0.005672
0.75903727
0.52848673
0.6341264
0.6910641
0.51927367
0.95600161
0.59144924
0.3562598
0.65838136
0.23050515
0.44306832
0.70533691
0.02867278
0.62643556
0.46779731
0.45171031
0.76807527
0.73755628
0.03351784
0.13680523
0.44105193
0.91618842
0.58013293
0.62524811
0.58928264
0.13093731
0.56946122
0.58336241
0.60957614
0.92487176
0.04000805
0.66713398
0.57170301
0.78586588
0.78935443
0.47340674
0.87028846
0.02426434
0.36576063
0.78288343
0.85499445
0.97150857
0.71114155
0.92083691
0.45331275
0.41894445
0.1167257
0.88821017
0.03626029
0.08691772
0.8077332
0.68653483
0.13129235
0.63043821
0.62198029
0.64000009
0.17381883
0.11624467
0.26081479
0.90365439
0.85324313
0.28788735
0.73530715
0.50568913
0.07191448
0.23090365
0.02020042
0.67919241
0.63459218
0.48226608
0.16036749
0.40870956
0.73247972
0.76069645
0.91062209
0.46444987
0.25272922
0.61221706
0.26977861
0.63704441
0.07179319
0.16296807
0.29653385
0.710321
0.65235301
0.50476874
0.94539793
0.17026001
0.73403204
0.08088291
0.21276281
0.65981718
0.30460707
0.48865274
0.30511031
0.69537449
0.83366838
0.52052505
0.30100326
0.36658795
0.20187783
0.69993816
0.05218924
0.61061614
0.16611246
0.74113194
0.42437916
0.18441937
0.68692218
0.32486412
0.73200652
0.28949559
0.94825913
0.68534812
0.26337805
0.5915533
0.53741117
0.75557034
0.9172622
0.53613572
0.41282273
0.78547605
0.22712384
0.79116926
0.8688394
0.45832001
0.27963043
0.40485706
0.10389499
0.19710366
0.02981413
0.15220445
0.65292321
0.45389425
0.44063756
0.65270455
0.05610477
0.74192543
0.32600648
0.57975754
0.8439117
0.25489649
0.47184438
0.71593366
0.03592233
0.15291705
0.76553212
0.59022135
0.44712025
0.92886525
0.67978043
0.05827095
0.23492229
0.50783065
0.52212957
0.93770049
0.25988561
0.37476527
0.51520117
0.23423993
0.64219005
0.80953556
0.13170762
0.15596468
0.00451045
0.35178306
0.81559198
0.90551901
0.01700873
0.63103018
0.3463229
0.22506041
0.878805
0.78288325
0.62966339
0.84744436
0.12343936
0.17026733
0.76179612
0.51779036
0.07888685
0.42947825
0.51492139
0.57751141
0.61048586
0.40052561
0.6410659
0.88744356
0.43914861
0.11386905
0.68472586
0.62193266
0.7397844
0.23390532
0.20027438
0.72635058
0.88531592
0.37671177
0.48420976
0.15627317
0.22368772
0.25663636
0.77866237
0.54327551
0.0352616
0.91966398
0.86264366
0.88322977
0.4951344
0.57914105
0.55350206
0.47815232
0.02058271
0.93479704
0.24627827
0.12795579
0.48905742
0.12766672
0.34131192
0.31050845
0.02283331
0.8922089
0.67870365
0.49225963
0.45017092
0.36481411
0.92083234
0.5935869
0.93845009
0.70885471
0.54559067
0.9005995
0.41133165
0.3981053
0.51002581
0.40680422
0.51907694
0.03431602
0.12386522
0.98879813
0.73144109
0.14529276
0.47153674
0.25250205
0.66153461
0.51628547
0.43815925
0.28157063
0.74992399
0.67495783
0.29529386
0.32743518
0.08191285
0.72050881
0.49185139
0.97725867
0.88795928
0.65744878
0.35549674
0.2587076
0.7869734
0.93047974
0.64000209
0.49016104
0.05533479
0.23830076
0.27709589
0.57340868
0.97237958
0.90994851
0.13769276
0.64678125
0.80442176
0.91781567
0.10564617
0.12063904
0.93848658
0.89287856
0.12656582
0.52358493
0.78489879
0.52091753
0.76481581
0.67705214
0.23717382
0.08646976
0.14229175
0.65185912
0.80096679
0.00182438
0.13807465
0.44547553
0.66911231
0.06238004
0.59107098
0.61738021
0.92969499
0.60564579
0.71379317
0.21929479
0.51488926
0.31029836
0.57741355
0.51598659
0.49535215
0.18524566
0.86877598
0.41964291
0.41920339
0.41404592
0.80066515
0.41655336
0.47937846
0.33974788
0.49860886
0.32905419
0.81304456
0.59067884
0.15131725
0.79254815
0.24245843
0.12908538
0.86023966
0.21239532
0.36128475
0.09670318
0.84284035
0.98997691
0.84526867
0.0444305
0.53962224
0.06289674
0.0670204
0.90258909
0.11171886
0.52715086
0.09266776
0.43837796
0.4073213
0.40024949
0.70971587
0.35583065
0.28776158
0.64454242
0.58290202
0.57065618
0.04327445
0.56313656
0.92671907
0.33516284
0.14316024
0.69604782
0.31222349
0.75712417
0.59385741
0.81001983
0.3127864
0.71699289
0.93660071
0.58392337
0.22162422
0.12538301
0.80311141
0.06089609
0.65954944
0.22893487
0.39881687
0.6214226
0.48865418
0.05249315
0.33897925
0.09389045
0.52429385
0.21551192
0.64917771
0.5024096
0.72027662
0.43920534
0.78043949
0.08152597
0.16074201
0.82591488
0.93257874
0.77528576
0.37451093
0.72175148
0.06055523
0.08500683
0.93502077
0.65275238
0.644157
0.12471264
0.15471125
0.32866799
0.98166397
0.75314349
0.32679993
0.76395475
0.38178903
0.70969497
0.97735432
0.49350375
0.91875821
0.84235938
0.55060897
0.1792545
0.33811545
0.07450055
0.10940049
0.54377937
0.79811652
0.08529869
0.96560282
0.53451587
0.29055606
0.19161138
0.17625349
0.94582979
0.43659515
0.58661101
0.07235896
0.95316225
0.05296751
0.24804933
0.61951984
0.20276946
0.495747
0.26468204
0.43068199
0.56400096
0.64015892
0.56120594
0.72302741
0.82963833
0.2414212
0.23057577
0.55020263
0.17893852
0.60182133
0.93467758
0.13754822
0.24718437
0.33366918
0.67385716
0.61974627
0.7132892
0.98427098
0.02931097
0.5353246
0.98569702
0.95290313
0.88031408
0.65706299
0.94667344
0.04100191
0.5300986
0.49054363
0.43556261
0.35555667
0.73708915
0.80016093
0.34574362
0.30174074
0.41340149
0.83859798
0.82697151
0.65807849
0.71582447
0.87697613
0.21018033
0.71296464
0.58382948
0.97711939
0.28908191
0.79293368
0.44821377
0.28094431
0.0852951
0.74001659
0.54194582
5.162e-05
0.55708268
0.95325943
0.95410979
0.87581973
0.07820424
0.50167067
0.45596018
0.7004914
0.39468016
0.86727093
0.90407096
0.17014345
0.85353664
0.1324843
0.22598102
0.34676319
0.93681597
0.51216056
0.02861785
0.12661495
0.91750099
0.26165037
0.46372706
0.83122127
0.41553679
0.13538338
0.82799061
0.92816717
0.30151221
0.93382067
0.10737828
0.23165488
0.37595114
0.06732919
0.11508252
0.2406394
0.60222931
0.75717417
0.12772616
0.38373368
0.15744659
0.78524312
0.50555547
0.29815382
0.91006511
0.75420914
0.53980117
0.20594501
0.97570526
0.70195936
0.15570277
0.73436295
0.78284628
0.67191089
0.35743506
0.24251413
0.86550217
0.56814859
0.49558958
0.29971906
0.14207879
0.42081441
0.68679849
0.22633467
0.13133328
0.04889572
0.76724196
0.93717607
0.22480507
0.31535906
0.60741644
0.41202794
0.23741807
0.18798424
0.74251253
0.58832352
0.19259027
0.37456095
0.77833381
0.69584271
0.95538207
0.36603406
0.90054363
0.78586404
0.56436097
0.42694471
0.03155275
0.97502062
0.98732111
0.68986505
0.08023914
0.13301863
0.56342083
0.4015117
0.57906689
0.74376036
0.68236262
0.3148337
0.50358463
0.89640584
0.19279255
0.84806042
0.41261335
0.92285541
0.67608008
0.65037778
0.36745622
0.54138001
0.26909578
0.31895464
0.51134619
0.00465999
0.7726904
0.06172971
0.47280338
0.89166
0.7021776
0.02552862
0.21530613
0.29096074
0.12620589
0.18510311
0.50463216
0.37738612
0.13299559
0.71571078
0.21458635
0.59093462
0.53194976
0.97114006
0.3169673
0.7523885
0.92351767
0.13343319
0.23345239
0.9124386
0.67034233
0.54155558
0.60766579
0.42826818
0.58839978
0.08579717
0.67877377
0.0114824
0.78006069
0.01238662
0.00292042
0.75109904
0.80623207
0.25023902
0.55419694
0.3788614
0.95239324
0.8321064
0.20524524
0.6276836
0.78556369
0.64796061
0.67706001
0.98411736
0.92831769
0.97140506
0.48426056
0.62201044
0.874112
0.12521613
0.43037157
0.257481
0.87026028
0.46821428
0.40832403
0.57923743
0.43658895
0.54792945
0.14650332
0.85852638
0.31244578
0.43404153
0.94599481
0.90707723
0.95663658
0.23430555
0.18006834
0.9008137
0.42995916
0.05813048
0.65049423
0.12618985
0.93234586
0.15249082
0.2168377
0.18517158
0.15831334
0.989427
0.72903651
0.70204442
0.14749627
0.29250394
0.14118271
0.00632968
0.0145679
0.6472382
0.5902389
0.8631085
0.226014
0.33462438
0.45867751
0.70682734
0.52422082
0.74870458
0.06295278
0.56524503
0.92149816
0.86257948
0.89193942
0.95746152
0.60322455
0.47748898
0.49575376
0.23708715
0.21902145
0.71739036
0.35510391
0.4713293
0.43441974
0.31260545
0.68450338
0.48635973
0.82079502
0.04695705
0.71591912
0.13818934
0.41048714
0.28378504
0.77525908
0.53334191
0.4089739
0.31236272
0.49640372
0.25591597
0.61674064
0.03863957
0.92819693
0.90199763
0.86083022
0.85894396
0.39677078
0.39492495
0.50808032
0.44627618
0.04510175
0.54411509
0.27220599
0.21478425
0.91748864
0.38316366
0.90790385
0.03125557
0.42460632
0.21387587
0.58378272
0.97387026
0.22821732
0.47945955
0.253596
0.8368593
0.0922187
0.25065579
0.34791738
0.88994366
0.80906524
0.74019211
0.00246405
0.24317239
0.64817119
0.44366709
0.96307042
0.67027577
0.79881274
0.59873416
0.7551397
0.57127464
0.39282683
0.35899402
0.66027864
0.0137566
0.38857562
0.51360561
0.70153745
0.16817415
0.34252472
0.54074498
0.39570059
0.50773805
0.60707865
0.83982466
0.5046195
0.11288885
0.03372279
0.50024815
0.29577173
0.04599585
0.46103072
0.95302744
0.84751471
0.83389309
0.18741422
0.46674008
0.02964522
0.93636627
0.55640062
0.69599957
0.36079067
0.31812667
0.48417026
0.25216775
0.52077189
0.9398305
0.59923616
0.90828211
0.95860922
0.63861627
0.82197317
0.43644316
0.95291612
0.76962272
0.59036111
0.9230269
0.1155289
0.23854989
0.34419492
0.70482769
0.32062126
0.0026647
0.31176767
0.18912921
0.82953449
0.97162971
0.01185343
0.0824362
0.4929066
0.43513658
0.72793247
0.44713317
0.20944602
0.57665711
0.5916386
0.94044733
0.96451331
0.52933988
0.23797989
0.91229633
0.56767111
0.57030283
0.48401589
0.03967534
0.09933379
0.9196472
0.52972567
0.47275233
0.91587124
0.73452649
0.10737047
0.38795486
0.15793957
0.33591368
0.40831621
0.12283997
0.37112152
0.82145826
0.22936882
0.41763809
0.70018967
0.53826445
0.39173535
0.54561262
0.21950122
0.13142171
0.94829806
0.98661301
0.37482149
0.22072347
0.46490027
0.5664878
0.46681131
0.40499651
0.18701221
0.83392836
0.19962832
0.34311068
0.98515466
0.74312305
0.66059735
0.11239517
0.36038508
0.09488809
0.69636341
0.76610932
0.91637618
0.68286866
0.78470083
0.02512518
0.88609491
0.37117059
0.83273974
0.3370046
0.43534602
0.00707426
0.91608525
0.74598623
0.40031649
0.85191704
0.35097316
0.83290346
0.20039632
0.33642133
0.19363937
0.53623069
0.08303166
0.56969342
0.94505525
0.05409968
0.87398522
0.88062894
0.89943346
0.03718542
0.49185717
0.68366818
0.1052858
0.67171807
0.55971202
0.61318672
0.97722264
0.62989071
0.18200363
0.49367501
0.07865596
0.78892547
0.86817646
0.80388952
0.60017023
0.38719557
0.01720574
0.36760604
0.45088961
0.24110446
0.76556692
0.34363774
0.2498548
0.96792821
0.51664862
0.88659283
0.68173552
0.50617094
0.72718408
0.2874174
0.34471653
0.43175976
0.59871975
0.78488654
0.60589459
0.86267556
0.87240581
0.90676671
0.37003468
0.59859717
0.32196778
0.69050414
0.29942767
0.52049849
0.87913448
0.4413563
0.79603403
0.18173082
0.39996259
0.83426061
0.04348611
0.41610169
0.83022659
0.35795144
0.88374251
0.48148917
0.98946208
0.51763574
0.44492569
0.94215695
0.75883091
0.40548314
0.43297679
0.2540394
0.3723765
0.16111088
0.27874311
0.71089294
0.53115919
0.17221372
0.78701215
0.77147064
0.19548327
0.81039529
0.07726763
0.67674501
0.50011603
0.42990431
0.90992805
0.56310981
0.79741977
0.86485447
0.34567415
0.47637982
0.20920188
0.42108669
0.59194622
0.50923786
0.53624591
0.94433944
0.62434888
0.70971491
0.11544197
0.70289615
0.32151532
0.32174886
0.15892708
0.62558372
0.11004153
0.55429981
0.05558153
0.28460176
0.21009534
0.86047861
0.80813649
0.88468112
0.21432879
0.02584281
0.36965569
0.7516095
0.15955959
0.95341816
0.8168001
0.10387661
0.95999344
0.34763049
0.0028684
0.87877031
0.50105823
0.15079211
0.10488049
0.21584015
0.65433251
0.25648607
0.96989816
0.04439188
0.85595481
0.75087021
0.0521689
0.79533831
0.25803664
0.03265165
0.22756437
0.50594016
0.33894989
0.65982465
0.74863178
0.45857665
0.30501069
0.01314872
0.95607156
0.0809643
0.89665113
0.84553092
0.94236808
0.63973022
0.00685671
0.72622831
0.68157552
0.7856729
0.41582292
0.40643528
0.79653663
0.50175021
0.97901091
0.61863908
0.28824088
0.10399616
0.289171
0.88940055
0.87146826
0.49311247
0.09453069
0.58310726
0.06053373
0.45491609
0.05392479
0.15361487
0.14491794
0.94871131
0.51212017
0.29142402
0.64115643
0.9514158
0.34339035
0.54919594
0.95890136
0.60458675
0.00248156
0.63164475
0.74263926
0.97698203
0.29501238
0.07411876
0.4081412
0.6412835
0.77436624
0.36213597
0.51822901
0.80901459
0.54003633
0.53189582
0.88045577
0.89847559
0.54659137
0.29928076
0.4123143
0.45942926
0.62951157
0.83629938
0.43412645
0.65681979
0.44323068
0.77632124
0.02553715
0.77053951
0.4681619
0.15015775
0.75632285
0.76157526
0.84859521
0.34746852
0.89101909
0.97530129
0.58349163
0.76570231
0.62138526
0.60103671
0.93894559
0.78950747
0.04602999
0.90426251
0.25734299
0.37384688
0.00965708
0.48380958
0.67149429
0.81634321
0.41976993
0.62180166
0.24397056
0.93885697
0.74833462
0.36733439
0.18165045
0.90788203
0.95466605
0.11809457
0.09160245
0.54820497
0.36668167
0.70393498
0.29877865
0.17032963
0.9872515
0.56570317
0.85568425
0.11482017
0.17101316
0.60172166
0.73665184
0.48305807
0.44690861
0.07151294
0.01685136
0.915851
0.86092985
0.55458226
0.55251237
0.13856913
0.91609242
0.52055758
0.17181026
0.41695734
0.36196199
0.84816847
0.42338807
0.50749623
0.76136506
0.29296654
0.61784297
0.21191162
0.137505
0.75536578
0.75819274
0.786281
0.52916793
0.42790122
0.68491712
0.08132181
0.1668107
0.40395375
0.01608299
0.59594667
0.51133184
0.97933981
0.34869264
0.23290828
0.98549013
0.93430859
0.63588247
0.67881754
0.03220183
0.1574151
0.71022039
0.71556226
0.27092974
0.87753114
0.63462793
0.3575113
0.60328954
0.50777235
0.57546734
0.21618972
0.42802769
0.87342065
0.30282585
0.0711832
0.39798648
0.18599762
0.52164346
0.47234799
0.10058382
0.76944159
0.46044933
0.38157949
0.91362773
0.06245318
0.84611118
0.38713673
0.47001743
0.78893696
0.15597353
0.21635425
0.37494458
0.92040893
0.90268863
0.44104715
0.64263634
0.53587317
0.68494127
0.25099828
0.34816658
0.06020295
0.88404603
0.4404129
0.71108484
0.7354294
0.19736856
0.66811014
0.27902488
0.43142652
0.32219269
0.90464626
0.82790737
0.11872495
0.50189315
0.21500674
0.10142199
0.15026299
0.97635477
0.0598496
0.6661432
0.71182459
0.20369907
0.18845319
0.84619962
0.44478095
0.4129978
0.77328581
0.9664073
0.32664447
0.66412885
0.21651645
0.98429251
0.04426696
0.48511222
0.5913775
0.11998115
0.9173094
0.54292695
0.21790942
0.42386861
0.47387467
0.75289362
0.32252799
0.30403675
0.26233863
0.95412844
0.67691994
0.66597308
0.10106234
0.7779125
0.58543697
0.01253799
0.22956582
0.13890872
0.74879659
0.33979338
0.14289628
0.40517257
0.48606495
0.29396731
0.5589305
0.13309406
0.81906999
0.45432809
0.57022386
0.85036854
0.14684968
0.57851883
0.06471241
0.23327561
0.73660187
0.1152471
0.86369755
0.36028382
0.39319703
0.90017028
0.54089114
0.75547875
0.43312119
0.91739902
0.46846717
0.61981923
0.29798519
0.28224522
0.560141
0.55947145
0.60705862
0.9528188
0.87491325
0.98488534
0.80939591
0.98834697
0.95230655
0.85623023
0.45468514
0.28287368
0.42151834
0.64992353
0.53736996
0.98929344
0.56466042
0.79688618
0.85828632
0.65587098
0.0771901
0.97107929
0.46613902
0.47028631
0.25003274
0.90999643
0.56812831
0.59971553
0.44199448
0.18804036
0.06467853
0.4311633
0.66472862
0.95607319
0.16957185
0.41886516
0.41321626
0.43660095
0.3632233
0.74368805
0.78321089
0.31442223
0.2971398
0.98950921
0.53750038
0.85283282
0.22314382
0.02629217
0.87919142
0.65138489
0.04472426
0.69771132
0.41548913
0.03379059
0.17658376
0.26742126
0.37350588
0.87589784
0.21115974
0.00698702
0.62764627
0.96054012
0.07174996
0.26467708
0.41208338
0.64677037
0.17140561
0.76813191
0.2713552
0.53511448
0.54144995
0.39358577
0.02603394
0.97414329
0.15756958
0.22135081
0.87184765
0.30675804
0.54621855
0.79727115
0.22557147
0.67894531
0.34886744
0.38340041
0.68585409
0.38524297
0.77324844
0.38406239
0.29624062
0.97776527
0.04477096
0.14426844
0.05227486
0.93398755
0.28843374
0.34449926
0.39696017
0.86545191
0.60547452
0.70521634
0.43059858
0.50932049
0.38573122
0.06031691
0.95661011
0.43901847
0.04232661
0.82581705
0.25484202
0.11263426
0.24271723
0.52355048
0.85595225
0.91001461
0.78053508
0.1214551
0.98312322
0.08116357
0.74098141
0.21228729
0.52651557
0.82916534
0.02209852
0.66137368
0.88936025
0.36154318
0.59622276
0.11130932
0.30785893
0.50690213
0.77493841
0.88991846
0.55927551
0.96831908
0.83179555
0.51008796
0.1635359
0.38253884
0.87812003
0.34967606
0.41388297
0.35543905
0.67103119
0.31987312
0.46455809
0.66977549
0.1168214
0.43763079
0.36384893
0.17097743
0.11462666
0.28300402
0.42957222
0.33639105
0.38390524
0.49362967
0.26241351
0.47341215
0.26705011
0.19437669
0.17213324
0.35436614
0.82939166
0.25231558
0.29787923
0.85046679
0.09290181
0.87145955
0.82394025
0.61280292
0.76956758
0.41187792
0.615558
0.72578048
0.96166395
0.95829353
0.01132646
0.41243827
0.80706106
0.2352576
0.85493823
0.81959122
0.3308433
0.70017489
0.82097931
0.02936168
0.42637296
0.79685641
0.09514683
0.47844579
0.65283006
0.13301798
0.17828222
0.08992831
0.08107939
0.66838544
0.63186542
0.91531776
0.18049408
0.36911877
0.54786533
0.37137199
0.32020883
0.47782783
0.88626416
0.47764932
0.38386177
0.57906005
0.94394184
0.68455736
0.94183023
0.20786337
0.20725613
0.27230069
0.21346757
0.24261603
0.42509973
0.3237967
0.00495572
0.58851573
0.50653908
0.00357011
0.77982139
0.22137664
0.92822432
0.63566883
0.38487402
0.88017419
0.12228274
0.74982272
0.08297365
0.76700596
0.97359356
0.02302383
0.39287528
0.13733199
0.62634689
0.89753644
0.97550861
0.5026109
0.59683276
0.51678436
0.19247617
0.93737273
0.12882377
0.48785825
0.17876601
0.92756667
0.21827075
0.77846631
0.3411693
0.74859309
0.75972672
0.05106367
0.140347
0.31724546
0.49607983
0.79900846
0.66550573
0.63473644
0.19880003
0.44716772
0.02604725
0.82651633
0.7942887
0.88280398
0.28073945
0.25851031
0.56290316
0.69724378
0.51016865
0.23979835
0.85339737
0.67486299
0.06932264
0.34590213
0.8126006
0.70258604
0.08874753
0.36234619
0.6993661
0.95299033
0.00614236
0.96921008
0.64106312
0.02127441
0.13615507
0.5838767
0.47231305
0.55263929
0.38914396
0.08730697
0.13638485
0.11491759
0.46790854
0.58931039
0.45411746
0.98250912
0.23418941
0.80009228
0.82547709
0.96295201
0.16414627
0.66251393
0.00753008
0.19422667
0.18651733
0.23630279
0.24437079
0.00686254
0.74034277
0.32175402
0.69513404
0.67909832
0.41304923
0.97408251
0.69130068
0.23819543
0.37623925
0.42087118
0.63699287
0.83724579
0.12418168
0.50996567
0.36727086
0.94690793
0.33398106
0.78385729
0.66668255
0.49679375
0.46521009
0.96270561
0.61504605
0.5534668
0.18195712
0.79441293
0.97508533
0.55535529
0.49520297
0.5003589
0.77595298
0.29538327
0.90296595
0.10750033
0.6651732
0.12336758
0.12484511
0.93695801
0.25354642
0.73622744
0.43614185
0.87543669
0.23632626
0.08689234
0.22054403
0.77464808
0.94578349
0.59738266
0.24580726
0.35414977
0.64248329
0.02815246
0.05340216
0.11162069
0.63987434
0.33571367
0.12072409
0.93071691
0.88622065
0.50452103
0.53244055
0.81848877
0.41194091
0.18449431
0.0773919
0.36457244
0.57574048
0.29398065
0.88938254
0.75265154
0.83736966
0.74087271
0.53402059
0.72377046
0.49404218
0.51479212
0.93160325
0.65391941
0.70725945
0.94385509
0.86150724
0.90904442
0.05821068
0.04407196
0.21863611
0.771849
0.72877237
0.33730346
0.28701086
0.4406198
0.49405765
0.3620233
0.12843546
0.01933269
0.6114852
0.03214489
0.56351822
0.682623
0.86783061
0.06916174
0.69422782
0.08053806
0.66225895
0.3911891
0.89947634
0.3507692
0.55997306
0.72823079
0.57836511
0.41621427
0.67405761
0.801302
0.89613967
0.72024092
0.47765806
0.60028138
0.26451113
0.30164024
0.88624675
0.03311448
0.0001747
0.70014855
0.80371568
0.9049367
0.02990253
0.29867392
0.78986851
0.77854619
0.62327543
0.77167651
0.82325827
0.11073655
0.61119137
0.64753723
0.05792196
0.96449229
0.51630614
0.71665113
0.84320399
0.88321582
0.78234233
0.96705099
0.78067028
0.86061219
0.23322232
0.53988499
0.75407108
0.62384564
0.25756523
0.29237277
0.73205263
0.50825119
0.90781265
0.57118583
0.19902309
0.92368607
0.28942119
0.23221941
0.79472539
0.77465262
0.40454
0.56686479
0.74786959
0.50991295
0.95256086
0.64570923
0.77411372
0.33410296
0.13372721
0.27928006
0.5417558
0.88837341
0.7262622
0.21683368
0.84866967
0.71298951
0.09332124
0.71891264
0.08473777
0.0508075
0.31535851
0.29359197
0.85100221
0.4917465
0.32883304
0.57981407
0.57782374
0.3874434
0.30735588
0.18875882
0.20802648
0.6614927
0.22663051
0.06925778
0.49490762
0.03859642
0.3433255
0.52342808
0.32405325
0.17283542
0.51414647
0.97551048
0.62097688
0.46824786
0.52148538
0.65297803
0.51898173
0.82027529
0.48361259
0.24511187
0.62026061
0.22239644
0.44759632
0.63745655
0.4992036
0.73135616
0.23368571
0.28666759
0.02049824
0.95551959
0.61552863
0.74427726
0.74928244
0.38073582
0.42956001
0.48034204
0.93626541
0.14144158
0.8220831
0.2071429
0.63806886
0.23065278
0.9532385
0.75830666
0.23625434
0.05683297
0.62193897
0.64178272
0.97711964
0.14272996
0.96508519
0.11386545
0.87688911
0.70266001
0.25128192
0.12753333
0.51005946
0.97554865
0.78396356
0.73981091
0.73523425
0.43731883
0.85174246
0.35636465
0.02956542
0.26276228
0.51510631
0.97249712
0.76269677
0.47850745
0.18350997
0.23652562
0.12648093
0.11769113
0.09895529
0.49766266
0.95715057
0.07230087
0.10267064
0.45802577
0.75872812
0.05779826
0.52963823
0.78807223
0.84053255
0.43372804
0.56746584
0.23419285
0.66953045
0.84931429
0.23646018
0.67332372
0.5304665
0.64855996
0.87988545
0.37686442
0.39251985
0.71065686
0.39847774
0.75502382
0.83264813
0.1835182
0.08379596
0.3586327
0.32151308
0.2200108
0.30675881
0.96255301
0.14871208
0.12768818
0.28670269
0.47697118
0.55463875
0.16521774
0.69494479
0.34707761
0.13342924
0.20574338
0.03041799
0.08425679
0.2340266
0.46468525
0.78672599
0.79366992
0.77514745
0.50066039
0.95199461
0.38801514
0.58304549
0.96959765
0.28366314
0.30710607
0.43352312
0.49299316
0.53956613
0.09373624
0.88637225
0.87526925
0.06509246
0.13814332
0.35393839
0.18170482
0.44305362
0.45057059
0.66832104
0.18679092
0.11471758
0.59689206
0.74154121
0.74853146
0.7031332
0.07584136
0.295595
0.09538708
0.58890962
0.06406645
0.04600819
0.41710447
0.00601055
0.81114393
0.09275902
0.9696505
0.60745318
0.65970521
0.06160984
0.95396276
0.20447452
0.19041594
0.70993055
0.45119658
0.85863974
0.13945951
0.86762939
0.8731774
0.86781265
0.7148943
0.13085363
0.27250705
0.97387237
0.60119862
0.36915556
0.33150369
0.84197345
0.38378979
0.17986481
0.28842957
0.2598322
0.60474168
0.75909884
0.42472789
0.24038581
0.55563528
0.19660691
0.60549344
0.49064132
0.3760313
0.10903514
0.37349657
0.77998309
0.72877927
0.56455345
0.09234466
0.61033645
0.61062393
0.98404617
0.87147026
0.19887339
0.04568981
0.13185723
0.45104431
0.08977925
0.04865509
0.68705872
0.61943096
0.54631613
0.1196876
0.54512489
0.69823253
0.65808229
0.91566647
0.09004286
0.39102892
0.68169468
0.57895132
0.31537976
0.9565205
0.36853183
0.19486575
0.31693006
0.72827946
0.15658893
0.13566947
0.04861642
0.67219841
0.04914311
0.4972482
0.30216743
0.38502503
0.57102683
0.84584326
0.03159466
0.4432199
0.43530833
0.61818762
0.60157191
0.87617006
0.61499744
0.85147531
0.51219878
0.12956443
