0.65945609
0.04420714
0.90963771
0.22608209
0.28160964
0.48771535
0.89395365
0.32352399
0.39513469
0.79729393
0.96420454
0.74166362
0.97609742
0.81283473
0.48694862
0.20135526
0.70471393
0.96955561
0.70836582
0.43905751
0.34049876
0.96485289
0.81206513
0.61955155
0.14372804
0.8238626
0.30776635
0.14375554
0.29212167
0.3102581
0.91408418
0.47877812
0.68759697
0.21130143
0.79196596
0.45744782
0.52914422
0.95875849
0.97443092
0.97790714
0.80211439
0.05003821
0.46631427
0.2825936
0.19937052
0.54266245
0.36173077
0.26940075
0.63143432
0.53553664
0.60057532
0.13378892
0.91628292
0.02048661
0.15540046
0.9863979
0.3256221
0.01597592
0.02825013
0.36888046
0.38753493
0.98119921
0.72620988
0.83210307
0.79632037
0.8145069
0.53947779
0.09935284
0.06743386
0.79603906
0.70096318
0.622629
0.46856709
0.57399461
0.14352393
0.45871792
0.90513034
0.27339826
0.6432812
0.04991652
0.63992964
0.49451838
0.8755039
0.98866995
0.36496031
0.14017366
0.33897266
0.95756073
0.41033406
0.04673844
0.49233094
0.91348665
0.3059101
0.8184443
0.1580693
0.75826518
0.9191896
0.38115759
0.25667506
0.18403223
0.95556059
0.48343651
0.65622052
0.86511565
0.09357315
0.44626692
0.23132765
0.41145262
0.49655669
0.64276877
0.15432808
0.74085388
0.10529134
0.83603714
0.66466563
0.68045124
0.36200831
0.349699
0.91598174
0.82666358
0.94902417
0.63852665
0.9191981
0.74865188
0.9094534
0.2458001
0.21827976
0.96233552
0.78308787
0.67258062
0.17590293
0.76445984
0.64267849
0.09470864
0.03576931
0.40014132
0.35491256
0.18496851
0.7102457
0.46867465
0.81084724
0.92354453
0.42709432
0.17476914
0.60490512
0.02573494
0.79820141
0.08522848
0.94042277
0.7090399
0.39919871
0.30710655
0.52983683
0.6717885
0.34266122
0.52293339
0.91264085
0.16490994
0.50468461
0.21530349
0.63849915
0.20364347
0.93883919
0.03064089
0.08506586
0.6629272
0.6681994
0.12532549
0.79112875
0.68532703
0.76892258
0.59793588
0.8461578
0.65963197
0.06377319
0.50019406
0.7835297
0.3630074
0.35623789
0.12383242
0.15264991
0.79461414
0.16927763
0.88195513
0.37152747
0.32008337
0.55682121
0.15287733
0.94787455
0.12489396
0.19136377
0.43291159
0.0901157
0.92413027
0.01907716
0.72033886
0.1325402
0.38164741
0.80575013
0.19862601
0.4143674
0.81980048
0.37742892
0.30180269
0.51313606
0.34314715
0.94430223
0.65231029
0.02636868
0.28395808
0.47820375
0.55380564
0.8931381
0.36981986
0.30307541
0.26201152
0.69624986
0.3881392
0.12738461
0.11151822
0.78664113
0.86763569
0.59251766
0.44976659
0.33193775
0.30162672
0.54746931
0.44266724
0.37146291
0.59858991
0.91737878
0.94443198
0.14089182
0.75887178
0.78964409
0.04685921
0.68165772
0.02764081
0.09445508
0.75044589
0.37328321
0.07135213
0.93114218
0.13460575
0.03726503
0.12768509
0.67729068
0.12938599
0.02348653
0.1930669
0.17730084
0.58460519
0.22879454
0.72403803
0.54220753
0.77970532
0.21203064
0.95306904
0.94089622
0.22876575
0.49844613
0.32513066
0.58477918
0.00582882
0.19687897
0.24702989
0.49380457
0.55023512
0.54736089
0.71482089
0.96553915
0.17451941
0.09570213
0.37952123
0.87714856
0.08267855
0.0944723
0.32538508
0.13465545
0.92478447
0.11751554
0.56348031
0.68281247
0.45219061
0.39354483
0.10525689
0.24506121
0.80462845
0.00961106
0.3854221
0.7873201
0.00479617
0.67659657
0.84917227
0.58142578
0.83478454
0.40417773
0.03382661
0.4867068
0.60067895
0.76411875
0.18623341
0.76081324
0.20579427
0.07768303
0.94095148
0.31521968
0.43469537
0.58151632
0.50798588
0.97886778
0.46941313
0.3764635
0.81655657
0.97094016
0.1858297
0.66845092
0.02928001
0.84204632
0.25900911
0.82442934
0.29435136
0.51790623
0.91186044
0.45301504
0.44333732
0.26048263
0.76569322
0.24045602
0.75893748
0.89004786
0.96002529
0.57702919
0.23807193
0.11316117
0.94878602
0.72886804
0.75136385
0.87094016
0.39158995
0.14526448
0.49342152
0.78678189
0.7828257
0.74083176
0.53292218
0.09428022
0.21674594
0.13708013
0.96643902
0.57530898
0.13637432
0.20679754
0.65242398
0.36766397
0.85201404
0.47534186
0.18846033
0.95431838
0.26657156
0.21746257
0.90147454
0.81096037
0.06973988
0.77027459
0.13335931
0.844561
0.64272903
0.13574106
0.03961458
0.11445745
0.62624894
0.93309718
0.86958825
0.31080908
0.2855917
0.47679863
0.06397379
0.85781827
0.07493159
0.08219605
0.4282101
0.36537769
0.36404205
0.26376119
0.50310557
0.46950543
0.61841408
0.03759769
0.58525881
0.30729563
0.59399148
0.55336344
0.72508768
0.37003561
0.4703712
0.05844716
0.34218649
0.10352566
0.73559696
0.39067359
0.08613523
0.69366357
0.16006668
0.66716586
0.84061208
0.07409265
0.56540151
0.71770466
0.92300269
0.25935209
0.5698364
0.87485007
0.96694032
0.78970939
0.021039
0.86025306
0.89027594
0.78077657
0.6359728
0.41024796
0.98227622
0.12337795
0.69242475
0.16289137
0.72383616
0.98978285
0.63533311
0.29092394
0.33567174
0.88473527
0.7526122
0.93570526
0.97496825
0.36600813
0.74920527
0.5027841
0.62027495
0.42826761
0.57888416
0.59086338
0.76912758
0.1641109
0.39328815
0.94641832
0.4513452
0.24866116
0.05348836
0.18439354
0.02734151
0.75979564
0.14079104
0.38743245
0.38616245
0.74859287
0.52402984
0.68947673
0.24477978
0.4558447
0.33965347
0.30084558
0.5546225
0.23767745
0.29532222
0.33232908
0.56965267
0.89720259
0.30271285
0.70607339
0.06452211
0.26789646
0.82541177
0.35999428
0.61370674
0.03208561
0.79344886
0.67006176
0.93036586
0.75007505
0.07180527
0.92103212
0.589835
0.28875856
0.88875583
0.65964288
0.94243993
0.3858554
0.97867952
0.01401685
0.55453155
0.58363645
0.72584821
0.07598124
0.80016771
0.00160043
0.32268251
0.51021729
0.87052197
0.2098894
0.62643912
0.28356199
0.17735306
0.10145893
0.15506107
0.48842076
0.05353565
0.25196778
0.11198376
0.63919588
0.48895891
0.34563046
0.04379559
0.38121811
0.56999546
0.32901236
0.40775928
0.98118714
0.43333432
0.38387852
0.28871799
0.57405649
0.34844935
0.80043659
0.42044218
0.98375691
0.243409
0.3987615
0.19645912
0.07695226
0.83355994
0.5332511
0.32471331
0.66652534
0.97841013
0.37678065
0.83706748
0.82186391
0.75381187
0.50275233
0.37393782
0.89379034
0.03427788
0.38135092
0.44707048
0.95533131
0.7738789
0.00471309
0.87104881
0.43041918
0.80823595
0.54938808
0.59857318
0.0313433
0.30243086
0.62003066
0.46787553
0.54601275
0.60477239
0.51791849
0.57477039
0.3591315
0.04920075
0.71436851
0.25067665
0.20471773
0.79862213
0.50558438
0.26523558
0.53045192
0.12579938
0.55179045
0.5311959
0.40003609
0.24489421
0.63564849
0.88589159
0.89184217
0.16660393
0.24746219
0.05849627
0.77914324
0.56332524
0.61665653
0.41477013
0.87747744
0.09079138
0.1326387
0.05046138
0.62009148
0.43539587
0.72917266
0.92623951
0.69277786
0.15924613
0.37683188
0.09442603
0.03064533
0.46219361
0.8414685
0.1582442
0.95694003
0.37822074
0.83086921
0.56639493
0.46599043
0.10536694
0.20836918
0.30693874
0.65703758
0.83475775
0.48844627
0.83348769
0.61146271
0.19676028
0.08242883
0.8463106
0.60044586
0.31124742
0.00250668
0.35600657
0.31038493
0.8716954
0.88956269
0.17893444
0.75702438
0.16225043
0.72087115
0.56457533
0.42231375
0.91561335
0.51673903
0.98123964
0.69513723
0.83303935
0.11252846
0.9207613
0.09350902
0.4357948
0.89766651
0.72849653
0.05801354
0.40345296
0.49802417
0.89590511
0.83365361
0.52578892
0.00286194
0.38327515
0.08364839
0.06152137
0.43681482
0.27943599
0.32337453
0.72939231
0.12723194
0.46578099
0.66585785
0.96359141
0.51108681
0.28816604
0.02499541
0.07587696
0.05409097
0.5934284
0.55155307
0.85151016
0.80928264
0.30556049
0.92017687
0.89900171
0.27106379
0.54950645
0.74699328
0.39718516
0.79704504
0.22266577
0.59121741
0.7437612
0.25521855
0.28249718
0.38606356
0.77406236
0.23032895
0.5157777
0.37018329
0.09616329
0.0884855
0.4088914
0.75615193
0.34422964
0.43750824
0.20812966
0.21075036
0.55065814
0.86700131
0.10837435
0.44182995
0.48975982
0.14982838
0.42111718
0.10665374
0.45877679
0.03518046
0.2670332
0.09921248
0.81764343
0.622223
0.54771417
0.98985888
0.45112758
0.84998747
0.28080613
0.81203928
0.56270115
0.02390141
0.11054628
0.70116793
0.81696372
0.03194532
0.91143017
0.70531681
0.49707652
0.28195335
0.78976915
0.29760348
0.20605849
0.80494234
0.48350024
0.74019486
0.26502263
0.72795514
0.17761199
0.45858092
0.50564357
0.70050644
0.25560478
0.76038478
0.98923006
0.62286966
0.70591873
0.06562305
0.48581353
0.25178399
0.9625607
0.76238115
0.35005363
0.15858804
0.71212192
0.57878102
0.88659132
0.85786515
0.28194794
0.06405378
0.48006451
0.6750976
0.2637743
0.15043925
0.16174805
0.18983312
0.28695385
0.17001863
0.47543988
0.69890517
0.19266136
0.17940933
0.0954652
0.74904006
0.35814964
0.98419071
0.84620133
0.54548503
0.51089864
0.51629409
0.54115401
0.31846447
0.88026976
0.28539768
0.27799718
0.91439227
0.73135208
0.57489954
0.22181894
0.56875919
0.92172555
0.23536312
0.02933505
0.71481125
0.91761481
0.40481032
0.61746129
0.10288002
0.27057762
0.9464388
0.46588942
0.57293615
0.88168839
0.30976051
0.37548008
0.15870176
0.38199167
0.38907842
0.77648725
0.71179385
0.61725259
0.96504002
0.96538708
0.27426623
0.19595574
0.11181568
0.05943445
0.32620707
0.89561681
0.07188846
0.02456624
0.5210718
0.30783611
0.24809582
0.12307557
0.44721174
0.18106302
0.53163461
0.39675905
0.29630678
0.02546209
0.60625589
0.26667127
0.83193784
0.49860308
0.5760962
0.47866797
0.36993688
0.2295378
0.91099294
0.92029104
0.81829078
0.85698645
0.48921298
0.45474431
0.19653829
0.7437593
0.89792526
0.91328507
0.95154432
0.8657704
0.97926194
0.16261573
0.8968875
0.58245784
0.53178734
0.26849976
0.04338144
0.00764734
0.44789467
0.15220106
0.5871073
0.72026194
0.28675767
0.60079268
0.53717288
0.62522959
0.9698526
0.59351742
0.34994622
0.28350834
0.59942201
0.72740201
0.21746927
0.13694772
0.47299124
0.16871188
0.75723948
0.49011509
0.22476069
0.30730377
0.21902
0.41236681
0.34288487
0.684279
0.97203394
0.72809215
0.25729855
0.25214238
0.30317175
0.04040818
0.19837916
0.0340727
0.44676594
0.3047109
0.02130344
0.50514834
0.89987295
0.4871355
0.39970408
0.67182949
0.3425356
0.77041689
0.44363342
0.30400681
0.94157852
0.36469816
0.08441817
0.1005894
0.34258763
0.76555739
0.20204354
0.17435755
0.31474007
0.55189527
0.06505362
0.47231141
0.61537355
0.35776701
0.03522222
0.7525977
0.67622675
0.69149155
0.64955107
0.15668456
0.94433386
0.10030471
0.29157772
0.67176507
0.45808786
0.34813155
0.08423993
0.01467826
0.91832416
0.08459977
0.69379288
0.34650735
0.00869823
0.02992312
0.50806742
0.1897415
0.84669367
0.38089855
0.51255548
0.16368512
0.17587077
0.216872
0.90191254
0.28710409
0.58825056
0.8530082
0.35929748
0.03066025
0.43386393
0.19630167
0.44855166
0.16416205
0.32893537
0.18836968
0.60308283
0.29978472
0.31290939
0.02104585
0.13307212
0.93240975
0.34523198
0.70816917
0.00867905
0.80223916
0.6246005
0.28540769
0.12436039
0.85354898
0.05292485
0.87333811
0.98410199
0.3924152
0.01838559
0.62389049
0.05266993
0.02639137
0.84546194
0.86970105
0.35926812
0.27153824
0.76965871
0.64269188
0.17279468
0.6902295
0.32569815
0.47011358
0.18547278
0.24280191
0.5325555
0.94040855
0.67115964
0.81226885
0.07411636
0.68845078
0.87889327
0.70138137
0.36453578
0.56416794
0.7315942
0.62893389
0.27979289
0.21274596
0.88658821
0.35721305
0.85849943
0.34501865
0.74632737
0.48755476
0.93315328
0.55918643
0.03178535
0.68752412
0.19399281
0.97351812
0.7731406
0.89761322
0.67580371
0.11069066
0.56163291
0.65414617
0.41362984
0.94547466
0.97810165
0.54694756
0.14403201
0.66891544
0.48965898
0.84118203
0.13095386
0.75091391
0.04846506
0.48183399
0.79032412
0.53525645
0.41054272
0.14986213
0.48815451
0.47569024
0.47555295
0.86171245
0.61110058
0.37149682
0.51425541
0.44484673
0.59862707
0.29977781
0.24147736
0.65148509
0.57906422
0.39922654
0.6093502
0.36937671
0.61971994
0.45125503
0.94371123
0.1837684
0.18286709
0.81511151
0.26622524
0.21117799
0.34605075
0.97397546
0.91042321
0.95049818
0.80978202
0.36202472
0.98100998
0.69188805
0.87017238
0.87518779
0.34440662
0.52743563
0.19552099
0.77707681
0.6702345
0.7689445
0.96585599
0.40515457
0.36672533
0.37055563
0.03202339
0.52483623
0.963659
0.44680489
0.62918221
0.11818191
0.25914201
0.88396459
0.55658154
0.23541832
0.37973316
0.12006084
0.109465
0.25270147
0.25506742
0.33931987
0.624063
0.33882531
0.79177384
0.96972336
0.60271143
0.49228016
0.44866004
0.17686441
0.90255681
0.19091247
0.72206398
0.81226491
0.82095484
0.94043304
0.03102875
0.88415715
0.5092473
0.39527063
0.08967141
0.89952962
0.1573941
0.01022548
0.50294255
0.45704886
0.68963797
0.64836438
0.66338033
0.19729799
0.57021751
0.37900917
0.46322073
0.55045388
0.79444771
0.22833193
0.69383001
0.53462292
0.77017919
0.75696102
0.46639724
0.0797775
0.75898811
0.83524937
0.55248447
0.4542616
0.97882979
0.73739743
0.95837341
0.0159616
0.89071757
0.52089646
0.97877205
0.39907365
0.2271679
0.94143967
0.18675495
0.54814394
0.32344986
0.75594716
0.18520224
0.75116777
0.41824051
0.7441406
0.14653312
0.91879777
0.6135216
0.24226208
0.77368778
0.84104106
0.4388523
0.79437494
0.58796082
0.51291332
0.01161664
0.388875
0.0522727
0.21558924
0.89842089
0.01912453
0.71304517
0.9850937
0.1212886
0.21660805
0.41245983
0.50893564
0.13272906
0.1279413
0.37716922
0.38217621
0.6418602
0.3096737
0.66476501
0.73192919
0.2577383
0.38717344
0.92958912
0.16725311
0.9851003
0.52713862
0.35223026
0.11477852
0.55741514
0.6649325
0.70467904
0.23464384
0.94978299
0.32061697
0.45324556
0.4433561
0.58992117
0.42626455
0.25923869
0.18294676
0.454949
0.65520465
0.83015809
0.67639336
0.53610929
0.09860556
0.17344708
0.17091816
0.65517714
0.74008046
0.17841091
0.05818796
0.01268292
0.73029725
0.04589701
0.13516727
0.76740666
0.39922848
0.00967804
0.92458448
0.85015017
0.20187555
0.55010157
0.73219037
0.64991483
0.1367462
0.68545096
0.21367997
0.12734366
0.86025537
0.25029391
0.17571398
0.45431263
0.8190353
0.89874965
0.47187179
0.35135173
0.24122875
0.76314421
0.64833659
0.11891129
0.49139293
0.89748141
0.01971773
0.15304083
0.12850517
0.21116671
0.68789248
0.01098129
0.6594788
0.42769991
0.26353597
0.40062553
0.52701552
0.77312404
0.83504019
0.00908617
0.22178188
0.50344641
0.39595034
0.30886356
0.05224875
0.69351414
0.04008719
0.45226478
0.21170239
0.94464637
0.31919297
0.60129394
0.68278285
0.35635553
0.14700697
0.19109619
0.03742477
0.47750717
0.63292866
0.80814655
0.59549709
0.22000113
0.18946478
0.67576543
0.39883831
0.17199923
0.28777248
0.76351323
0.06134151
0.67840478
0.28470676
0.02888445
0.34823572
0.13646713
0.45422721
0.70277884
0.5600555
0.01328662
0.27547715
0.39409265
0.11848373
0.01742987
0.342479
0.83226919
0.69753503
0.97328508
0.3671681
0.64202133
0.88832335
0.81520369
0.81738135
0.5896458
0.61532769
0.47039592
0.4119868
0.495067
0.66362866
0.23924798
0.47788274
0.11267764
0.95950143
0.80033142
0.36004511
0.87323207
0.27706974
0.66034371
0.10764388
0.15581487
0.65434631
0.51525586
0.30029371
0.79335766
0.27889554
0.85988191
0.41586137
0.31221562
0.34946913
0.04385176
0.67754593
0.0344904
0.47082546
0.87118122
0.07268263
0.07366764
0.20429675
0.59994441
0.88879953
0.96502041
0.73870845
0.09644911
0.74038285
0.2547842
0.62676499
0.46828455
0.42221144
0.84650765
0.36936677
0.49228259
0.95432072
0.00068685
0.12403406
0.70835366
0.45698896
0.35776646
0.73490871
0.18070033
0.95518196
0.20059407
0.98450501
0.29671526
0.65862758
0.27522631
0.57594181
0.9869314
0.13386714
0.96753855
0.98754848
0.68910822
0.45844769
0.03351695
0.32118638
0.21808004
0.63706062
0.97700361
0.18181329
0.72274119
0.52164202
0.35396583
0.0516277
0.8655794
0.29723147
0.85384125
0.72181387
0.65041331
0.92117337
0.14712068
0.55013606
0.57825804
0.210224
0.30712845
0.96627767
0.77411672
0.44652612
0.52985824
0.70170076
0.59695904
0.89491521
0.66273257
0.64754523
0.4896839
0.26491974
0.71086889
0.8175839
0.33668912
0.69854276
0.93762398
0.21439692
0.52325789
0.80184701
0.96583812
0.64286593
0.81751523
0.43403023
0.14136339
0.61921502
0.7515846
0.37273118
0.57825664
0.28461994
0.80174255
0.92059386
0.65871852
0.80401882
0.49058002
0.37266198
0.07819701
0.91305487
0.87984209
0.60572201
0.45994387
0.03032755
0.39987161
0.16790671
0.11014627
0.85517548
0.11836099
0.74066955
0.94402211
0.37231109
0.64290589
0.94207802
0.26166563
0.52477286
0.17845661
0.88880321
0.40998128
0.78723395
0.74786717
0.83091277
0.36287461
0.83669346
0.98968753
0.01505345
0.41307254
0.76246328
0.72373667
0.73755615
0.5867281
0.80791809
0.96953003
0.20757479
0.60521901
0.11447621
0.51209684
0.82737799
0.39794434
0.16636495
0.17730816
0.80488115
0.483246
0.24053864
0.02715399
0.3923047
0.22791915
0.47368233
0.07477896
0.02446218
0.89338308
0.58520605
0.09924331
0.83963096
0.3140838
0.49938045
0.08349421
0.42511251
0.41088164
0.59483065
0.78433639
0.45378369
0.78856052
0.09177441
0.48312242
0.93805279
0.14832824
0.15545373
0.34711282
0.15559264
0.25666722
0.6956523
0.78701283
0.20311936
0.01852461
0.22384657
0.75751473
0.63023688
0.92894538
0.94360429
0.86326424
0.45381326
0.17434999
0.24546571
0.94212837
0.96074784
0.36967802
0.61038904
0.04238146
0.45154484
0.94744822
0.04610252
0.22391639
0.80469255
0.06780551
0.28673151
0.67423839
0.66292784
0.20298904
0.24176612
0.16354536
0.73629749
0.0769458
0.69086964
0.1069215
0.09975004
0.57866937
0.45996182
0.62338788
0.14362867
0.76822875
0.42117847
0.19561353
0.49722377
0.79933206
0.50528503
0.38623942
0.29170225
0.29541067
0.71829743
0.93617419
0.07085674
0.25594443
0.37340787
0.75948713
0.61550705
0.9043624
0.29442453
0.1194682
0.9214191
0.4962031
0.06806769
0.17780918
0.21802846
0.74534968
0.74520715
0.65855589
0.61739727
0.13637457
0.7767728
0.31767513
0.60168661
0.95638304
0.6764768
0.32224397
0.34382334
0.32156685
0.1992277
0.23932984
0.1966216
0.41772155
0.70288574
0.07187404
0.78934127
0.71332247
0.86718374
0.52120746
0.3603979
0.78210788
0.59914967
0.49455877
0.40009448
0.13564252
0.08640299
0.24066773
0.70288403
0.79922498
0.74910824
0.72519682
0.43152267
0.10578755
0.67493231
0.8452323
0.2489831
0.96229985
0.53041811
0.29684958
0.65095832
0.54619482
0.7537015
0.60138028
0.9259983
0.13931432
0.75905433
0.5234059
0.89572232
0.60919681
0.90050239
0.16391345
0.90418398
0.47825143
0.37288854
0.40944715
0.05019414
0.50937825
0.2730932
0.91761977
0.48156864
0.33620547
0.32741992
0.16408738
0.03616352
0.75454347
0.88161642
0.28068012
0.86323004
0.1101442
0.13831814
0.62825091
0.80451788
0.58568542
0.41344869
0.89955773
0.9384763
0.75977361
0.57464902
0.81567114
0.91941733
0.58589968
0.47471676
0.20780311
0.49189975
0.39928178
0.48077248
0.35817488
0.57775677
0.00080989
0.00410525
0.56372495
0.25420186
0.17075929
0.86307329
0.34752393
0.61587144
0.11034595
0.72880656
0.58770723
0.47176259
0.53184777
0.7124815
0.09781287
0.27153879
0.62094562
0.47873681
0.76631123
0.61795896
0.59797596
0.29697065
0.13371413
0.80139479
0.12383996
0.4651867
0.18542167
0.48550272
0.34119513
0.33415049
0.55000718
0.90096557
0.70216982
0.74556563
0.57756421
0.17585774
0.29948738
0.22539316
0.45529998
0.58433168
0.87101021
0.56143927
0.57255392
0.90625795
0.17196069
0.44891966
0.11099242
0.70508625
0.29398714
0.67176516
0.75320806
0.22932715
0.27757213
0.95844916
0.57614089
0.67469613
0.13713916
0.37280489
0.28444746
0.46735324
0.25340194
0.57160363
0.23833461
0.61083982
0.4630772
0.32662378
0.5490556
0.11504276
0.36133814
0.72723715
0.16083152
0.11709933
0.69907388
0.36719945
0.04496925
0.779341
0.86844641
0.24054554
0.5043792
0.44860542
0.24589427
0.51119013
0.1531242
0.59788098
0.7647193
0.77874497
0.88341427
0.59240808
0.38074606
0.8423159
0.0574521
0.48750598
0.15488159
0.88247603
0.24914432
0.16703689
0.37959746
0.05559962
0.93316868
0.69403139
0.83822895
0.08278083
0.24461315
0.3150631
0.22095974
0.39067086
0.37148314
0.8699994
0.97190256
0.85132946
0.02294338
0.54804239
0.66263717
0.3768516
0.38028236
0.16236955
0.71025568
0.17277845
0.69626089
0.35804001
0.64453565
0.13852431
0.52649985
0.82617884
0.86375135
0.61775941
0.67253132
0.15657658
0.94495925
0.53712408
0.72580697
0.33593304
0.44460103
0.34394446
0.56324772
0.24190928
0.96879834
0.55893247
0.10678754
0.97870177
0.6032538
0.38920253
0.24442949
0.702315
0.75126632
0.04410097
0.84731619
0.02750668
0.53486265
0.45038003
0.41248564
0.09850798
0.22573608
0.6263109
0.29685043
0.70236088
0.57455177
0.24646766
0.15722524
0.31872878
0.86312906
0.30730944
0.29667996
0.17015417
0.95744065
0.87442719
0.930325
0.11562086
0.66449263
0.33843941
0.29904538
0.76274861
0.48596204
0.20000787
0.77186849
0.54407701
0.44543294
0.12344504
0.6558524
0.36373359
0.40644825
0.56201049
0.16359271
0.78692316
0.27400349
0.11185299
0.01087937
0.65665152
0.8320901
0.21510703
0.49000436
0.78256691
0.5617477
0.39950417
0.36116328
0.77704852
0.69010679
0.70357491
0.00147197
0.8439526
0.52627769
0.94185646
0.93471573
0.85286944
0.10914801
0.55545477
0.6553902
0.02899524
0.38500882
0.98482167
0.32176174
0.01253321
0.95428307
0.48569436
0.93190363
0.24523619
0.23839495
0.43534371
0.90034069
0.92458177
0.75256627
0.14982963
0.72967464
0.03004998
0.35823757
0.1615802
0.95982011
0.48439108
0.32329947
0.78348786
0.42181804
0.94533121
0.3525489
0.43556613
0.82205803
0.13984952
0.67271352
0.57914928
0.42530658
0.85587408
0.07809794
0.44458885
0.08584389
0.51431623
0.1498513
0.96954392
0.17243103
0.17914825
0.61372434
0.44113409
0.3484204
0.50584759
0.34083116
0.96146316
0.24795953
0.15022168
0.52582102
0.10333999
0.15942902
0.2564661
0.62299235
0.24279773
0.51211072
0.44245578
0.18956136
0.9502089
0.87575869
0.40318874
0.49979305
0.79773211
0.37206788
0.23964997
0.08512045
0.41176583
0.26141559
0.82097949
0.10339016
0.45633452
0.70509585
0.85171313
0.30070477
0.43921456
0.8938307
0.55196454
0.89928973
0.31556876
0.53118003
0.31464262
0.14273404
0.08618368
0.90053856
0.42879226
0.6719194
0.64105167
0.4305865
0.72638986
0.36071935
0.85310893
0.79383645
0.75592725
0.52739757
0.19986044
0.03154135
0.17311247
0.87034222
0.25609574
0.46140299
0.5959139
0.45056998
0.4187124
0.56384252
0.23911186
0.19906235
0.2748123
0.00973033
0.66203786
0.94845654
0.28598596
0.26567715
0.49319551
0.51031118
0.43928667
0.35368233
0.34907363
0.63105097
0.34897088
0.82871262
0.31095458
0.44799424
0.69446657
0.33376658
0.63166287
0.60570113
0.66055358
0.30562461
0.72146193
0.14279377
0.55482563
0.5745433
0.80755419
0.5644591
0.89115781
0.17015826
0.36615137
0.38279655
0.95768227
0.57326978
0.22092138
0.58629494
0.82587331
0.27375116
0.71401271
0.02841989
0.6753795
0.6674032
0.78488174
0.94047401
0.25487498
0.1031559
0.90711112
0.73882546
0.31780164
0.13330953
0.22009125
0.95749396
0.43338287
0.60801673
0.45907577
0.88778654
0.77328457
0.15683576
0.75810702
0.98824788
0.45484642
0.0601977
0.11205664
0.04144747
0.43237735
0.14690604
0.93297872
0.68637336
0.85045592
0.67025546
0.28184714
0.92409226
0.53333527
0.0334663
0.66398864
0.30224726
0.32633292
0.88515466
0.4836366
0.57096853
0.27330334
0.94304867
0.554074
0.77328979
0.03335188
0.0547373
0.75242034
0.86019881
0.39451186
0.98208593
0.6341759
0.20590367
0.85556739
0.76343319
0.22126389
0.91832358
0.96514105
0.93237554
0.95726632
0.11188874
0.57606538
0.9310187
0.19615587
0.64991787
0.39176661
0.76608365
0.34095462
0.66702406
0.52038793
0.87619215
0.79984969
0.01367119
0.48661731
0.16114711
0.05730292
0.83971205
0.4675299
0.04648969
0.40009713
0.78522504
0.61823229
0.94295412
0.61981657
0.2427262
0.34192349
0.22512205
0.12938022
0.0270683
0.17379229
0.71116607
0.98720066
0.91815732
0.35011182
0.90315474
0.39744957
0.76961328
0.60064624
0.32950002
0.14397069
0.92749223
0.77689532
0.02017216
0.75835079
0.60374502
0.89446636
0.55871079
0.19321238
0.25679929
0.44757226
0.41738987
0.37801134
0.93230645
0.35055115
0.98608678
0.58063169
0.26242436
0.29533661
0.55943829
0.02257296
0.25348253
0.1922935
0.11834731
0.74589045
0.45758104
0.47752663
0.84218709
0.13742663
0.79850166
0.33289917
0.38015106
0.5156089
0.37953856
0.93312555
0.24430402
0.93388118
0.51030964
0.49873326
0.44864602
0.80151908
0.697509
0.78209124
0.4504488
0.76560041
0.98665232
0.06224012
0.87751101
0.35121032
0.48385159
0.32585562
0.13161767
0.70158118
0.08894898
0.13367765
0.14273586
0.78754129
0.53275844
0.54574812
0.86016132
0.32414696
0.1245868
0.26001332
0.86020087
0.97297546
0.16013083
0.51536036
0.84565499
0.88644117
0.79777312
0.9859429
0.0095585
0.29279262
0.34333318
0.97543872
0.47670871
0.66760288
0.66628899
0.55590355
0.03407878
0.35696017
0.48131348
0.516724
0.95975262
0.36488821
0.24220226
0.09295434
0.70444649
0.78866729
0.14621941
0.59208463
0.61870925
0.12537171
0.45426911
0.09238645
0.63720216
0.10689654
0.02517858
0.23426763
0.65077458
0.81945943
0.57712661
0.73766964
0.81990318
0.51200675
0.66662741
0.24597672
0.42942745
0.69672394
0.17387709
0.42958308
0.05637142
0.08291883
0.15896138
0.09786888
0.3452732
0.49926954
0.92646419
0.88715874
0.0829025
0.72096563
0.62655903
0.47313763
0.57139498
0.22283814
0.02618502
0.49531445
0.58033103
0.92345428
0.112374
0.6947657
0.33183307
0.58908161
0.54285584
0.40629094
0.95368689
0.01627451
0.70657342
0.24722555
0.17381442
0.97954023
0.7966975
0.65702924
0.39845945
0.04747703
0.52676206
0.26597389
0.92005231
0.11215523
0.92947416
0.08722701
0.94765452
0.65748337
0.54108015
0.42103436
0.65938707
0.59983743
0.45174781
0.62131654
0.50801172
0.64107931
0.57000439
0.88503362
0.05741772
0.36993029
0.19352484
0.33429498
0.67939563
0.83369911
0.85383851
0.56995947
0.05312288
0.78387667
0.75770624
0.04785438
0.83951914
0.27258379
0.18579622
0.33239491
0.45120316
0.45533367
0.44354199
0.16973821
0.96849081
0.80458812
0.24524872
0.50170436
0.51294969
0.23108422
0.57159079
0.66103899
0.05838711
0.67186338
0.54686105
0.42216309
0.91647274
0.66886634
0.41710513
0.31940659
0.68582191
0.95838232
0.33317531
0.42806276
0.3506279
0.10263679
0.60448664
0.3935251
0.36044822
0.65068285
0.86020606
0.71212715
0.07832398
0.7465608
0.06632356
0.96456699
0.11750694
0.27338831
0.83573682
0.4388739
0.45150926
0.62419344
0.12542706
0.19911766
0.62084758
0.38569653
0.88949371
0.05316752
0.02481473
0.95102696
0.19170561
0.81673565
0.84862755
0.30624318
0.46582711
0.63108745
0.15406146
0.47096588
0.9798846
0.40597619
0.56052426
0.24693993
0.76627491
0.81314127
0.2258486
0.37660246
0.06892475
0.86419031
0.48302298
0.91342742
0.96640192
0.42344207
0.26697167
0.96631656
0.52581915
0.66804652
0.75613476
0.62207871
0.32385858
0.35626714
0.70960302
0.1508664
0.03309558
0.49815855
0.25626544
0.98640957
0.75738025
0.22860057
0.74610638
0.85505869
0.15320248
0.81541492
0.58972089
0.10028452
0.69640169
0.11233572
0.66015191
0.36693067
0.19481284
0.85806107
0.58913296
0.31341291
0.34707242
0.68471457
0.39672971
0.92101752
0.71010808
0.94819433
0.87542346
0.75187557
0.88705277
0.65674731
0.24237814
0.8544368
0.86434539
0.18271351
0.83684164
0.41936209
0.42909177
0.94817654
0.08551383
0.46621871
0.89908378
0.62805282
0.19408389
0.7853149
0.66514875
0.72543218
0.87987717
0.33388954
0.10534981
0.92033443
0.42644851
0.33061384
0.17342407
0.27526513
0.89484027
0.23096474
0.97789297
0.00346153
0.56743356
0.30294024
0.16625136
0.76301785
0.94323178
0.08905193
0.96745355
0.4441662
0.89721302
0.28623035
0.82421838
0.01631547
0.98412301
0.63080768
0.48147823
0.81078795
0.00174047
0.25987203
0.77704905
0.73833032
0.90893037
0.72231742
0.70290172
0.97534283
0.73166919
0.1366499
0.58045752
0.59636742
0.16161625
0.7887507
0.48967376
0.5778904
0.06404011
0.61131212
0.60608699
0.37733155
0.60694909
0.55979041
0.21806504
0.02166434
0.66612419
0.96482724
0.53622773
0.14853622
0.31053896
0.46127094
0.65842962
0.20580781
0.0497016
0.74881967
0.89901952
0.79674349
0.81417454
0.06644976
0.4099602
0.80600763
0.73322252
0.55253793
0.04360748
0.32736213
0.38392073
0.50353615
0.45117559
0.87807587
0.16041551
0.38877
0.35133018
0.66645624
0.87826393
0.32280032
0.16367858
0.73805136
0.68663306
0.28040405
0.557866
0.71885969
0.28990149
0.0860394
0.23380165
0.72939465
0.21179987
0.50719748
0.06296914
0.15520198
0.02261497
0.37144618
0.61209334
0.46383306
0.42293773
0.29670012
0.03257397
0.07687507
0.37129908
0.38936343
0.79448077
0.21768446
0.34287341
0.19625432
0.41077328
0.40180972
0.19836564
0.79773935
0.26450228
0.72785095
0.62763193
0.11915284
0.75104757
0.31433524
0.16553331
0.57759303
0.53933986
0.30884272
0.60758513
0.77623148
0.86623502
0.96867965
0.86616692
0.33535016
0.96052691
0.42226497
0.3521173
0.60079949
0.18063257
0.16537064
0.9151334
0.90053123
0.79165699
0.73780208
0.11561437
0.6605995
0.11829343
0.42741024
0.67169084
0.03064703
0.46298739
0.47721524
0.54433967
0.12160387
0.09616495
0.42791317
0.70602023
0.10871354
0.23775262
0.4401097
0.29181531
0.29396893
0.35532416
0.40393332
0.27206791
0.28407292
0.44099651
0.09404119
0.86717708
0.2345363
0.02145117
0.81827182
0.27942128
0.8884889
0.17379036
0.48488189
0.45672202
0.18189144
0.87710408
0.66376842
0.24343936
0.59115225
0.26590506
0.11554864
0.96405311
0.36704139
0.01602578
0.96134721
0.8268011
0.75567535
0.19377419
0.64956964
0.92023625
0.03991053
0.9789843
0.50713063
0.23542084
0.66138557
0.1742019
0.4645976
0.47073702
0.34905981
0.75334361
0.63688112
0.85774823
0.35570426
0.12833197
0.05085048
0.5359079
0.11515653
0.60127501
0.84538092
0.85723501
0.77497358
0.68301889
0.26846566
0.78838067
0.67629635
0.39688102
0.66978855
0.67591961
0.41130242
0.36191746
0.09487662
0.73988312
0.44004321
0.2094749
0.08731035
0.92341998
0.75971789
0.01523167
0.91847182
0.71915939
0.553477
0.8212963
0.36340918
0.57537449
0.63834845
0.09220902
0.21995916
0.72519925
0.15543371
0.47473822
0.24800292
0.66425104
0.30060309
0.83623449
0.84573686
0.63352302
0.45014404
0.49780941
0.70557652
0.6833555
0.43548273
0.21452351
0.28757494
0.33964001
0.55964786
0.17267093
0.20771062
0.47362216
0.81348649
0.93553522
0.12635477
0.58979725
0.90124387
0.34047137
0.00285616
0.78188966
0.10332639
0.05329711
0.16322889
0.11746314
0.29225781
0.43358188
0.78790484
0.69973122
0.25364132
0.0645074
0.12124114
0.92431854
0.65729543
0.80176317
0.97411886
0.48287863
0.12605636
0.01904928
0.59589447
0.66292768
0.74478038
0.69275678
0.6486974
0.0785837
0.76853774
0.16752863
0.86085184
0.74986279
0.82435361
0.32755138
0.08864104
0.52696388
0.23997793
0.06693004
0.79510146
0.69472426
0.7397063
0.04874532
0.72180067
0.91521866
0.68403553
0.72088068
0.62707289
0.21062066
0.13126973
0.47496518
0.56537827
0.18397683
0.27488435
0.74575911
0.05121821
0.18995712
0.15594726
0.73673914
0.80157083
0.81765502
0.87305275
0.78967582
0.98861626
0.47892779
0.69251893
0.24344285
0.28550732
0.83427408
0.73757923
0.1271305
0.09052903
0.57130507
0.52213496
0.78137097
0.46061607
0.68376721
0.72936256
0.52170406
0.0281258
0.16057928
0.6932113
0.50207652
0.16481762
0.82322447
0.70217049
0.28484342
0.5080225
0.11717213
0.19452308
0.45772201
0.24727563
0.88781624
0.30376957
0.05108917
0.45650424
0.93209679
0.00955623
0.1742244
0.59338271
0.23429436
0.47012851
0.22902765
0.83611171
0.3848717
0.81772447
0.3460628
0.51045033
0.00953876
0.42183783
0.3504208
0.33307251
0.93400665
0.70196855
0.00541926
0.94831499
0.11869261
0.52147665
0.48603751
0.81853468
0.43553949
0.4645049
0.05489917
0.30944401
0.41435804
0.86284058
0.50414411
0.96419418
0.68358533
0.03674223
0.64856232
0.75273555
0.84555139
0.82760854
0.45095239
0.29355415
0.06560314
0.8301474
0.8444201
0.61869757
0.96618246
0.17975771
0.9503779
0.33328926
0.14143193
0.23097811
0.2228412
0.5223561
0.2576072
0.86226521
0.71218797
0.91742856
0.15088474
0.71918877
0.67283006
0.98414043
0.24020772
0.95330937
0.83429687
0.77069844
0.52985779
0.40577805
0.92087235
0.57950179
0.51211672
0.17542695
0.45312986
0.21148474
0.04726536
0.76808117
0.0256731
0.83039285
0.16373865
0.9457209
0.90073491
0.42568976
0.15221328
0.58165832
0.02177932
0.74375974
0.90228479
0.76644548
0.19884972
0.2927957
0.61311773
0.25639169
0.86228118
0.05923517
0.44118331
0.70568805
0.35591427
0.30935499
0.91567672
0.30436025
0.17076354
0.05783996
0.93527959
0.64591538
0.58210721
0.26962646
0.76658742
0.89431777
0.65394614
0.36468708
0.09085424
0.14531623
0.48991479
0.93453309
0.3114631
0.55315985
0.74243331
0.96815757
0.89457815
0.87414179
0.14144995
0.36885351
0.94834589
0.94898837
0.05921454
0.11561171
0.49749962
0.94642647
0.81419066
0.37179438
0.75076096
0.10900966
0.02623392
0.82464767
0.29651864
0.5796007
0.20388131
0.75109321
0.09663401
0.12509196
0.18991339
0.76797286
0.32335217
0.59181939
0.8529442
0.93609148
0.73332538
0.16098127
0.76791017
0.56489555
0.94876053
0.92163465
0.41046597
0.7360234
0.73940394
0.3028527
0.05829803
0.17036555
0.79487172
0.68851432
0.6235551
0.35132076
0.29273816
0.82403237
0.8784324
0.87738263
0.14918163
0.287276
0.78066127
0.9872742
0.3198723
0.28260259
0.48747348
0.92390256
0.3398039
0.54354457
0.62032332
0.25572442
0.01109157
0.17093821
0.43620611
0.84238596
0.88690883
0.7043974
0.85468643
0.04895556
0.73108866
0.71023436
0.53459999
0.97250098
0.52163092
0.12679681
0.30611066
0.61886089
0.11476404
0.37050999
0.19421664
0.69318819
0.66430048
0.07149216
0.43856036
0.07886341
0.01943057
0.0434868
0.3490227
0.04568788
0.93681367
0.1881212
0.00393225
0.23060207
0.14893478
0.76147281
0.21784722
0.94020791
0.05192674
0.07466325
0.14779971
0.4784711
0.55038174
0.10691111
0.46907086
0.63504263
0.91620813
0.56363003
0.5781696
0.85382595
0.7163002
0.21355653
0.41073065
0.676637
0.82625629
0.0436267
0.76267586
0.78552737
0.07866355
0.81143012
0.40337686
0.80063861
0.14073593
0.64661528
0.88892556
0.22942421
0.67971859
0.16826012
0.94700466
0.1406438
0.27559312
0.93017616
0.40943271
0.26526393
0.83391252
0.52608387
0.70495106
0.74373794
0.02735211
0.34197859
0.7784973
0.08239682
0.79740924
0.35935034
0.06279787
0.40106057
0.33030969
0.71035053
0.18089038
0.24645214
0.67511038
0.73352585
0.60437623
0.37997713
0.9612572
0.55031782
0.54597302
0.26554095
0.08439323
0.53782831
0.31537142
0.78341013
0.92798898
0.61802756
0.67425397
0.86044675
0.66171528
0.21042332
0.96822008
0.17307835
0.42917737
0.35610357
0.06595991
0.84285516
0.0698498
0.3511114
0.41875861
0.84986654
0.77101219
0.25833712
0.49895717
0.28649465
0.43816523
0.16654254
0.85968208
0.96422749
0.70508478
0.97988572
0.97193486
0.75962582
0.42705175
0.0344385
0.1863537
0.20490882
0.68562063
0.63225597
0.94520406
0.73651531
0.10524004
0.77453214
0.5944333
0.53947504
0.2154669
0.08735615
0.82080003
0.31609532
0.10658913
0.95605317
0.28393301
0.72431529
0.85493243
0.18376068
0.94761279
0.19637226
0.76254435
0.53450836
0.24810406
0.58971802
0.29109061
0.47289706
0.0776501
0.35990771
0.98996633
0.79997742
0.32597059
0.25517497
0.77414867
0.03495105
0.59538406
0.77824252
0.9407433
0.13415924
0.45670524
0.26378348
0.89569872
0.36628455
0.50856323
0.25327646
0.67984239
0.6328057
0.06949546
0.00617173
0.24546343
0.18818257
0.21857277
0.08081521
0.87843395
0.41104983
0.79352163
0.97700599
0.82668457
0.47488811
0.68905401
0.15206821
0.72638383
0.52286455
0.41384846
0.72096954
0.46091857
0.71775165
0.97697333
0.51011145
0.72693986
0.78414341
0.39681187
0.90531936
0.84221011
0.8428749
0.982608
0.73771881
0.42643511
0.16358244
0.23937492
0.884338
0.14396251
0.7573071
0.3183166
0.89391103
0.86449838
0.05358279
0.35673043
0.98532302
0.67387066
0.29363445
0.69694245
0.61233581
0.95257978
0.19358325
0.04502983
0.93669806
0.45418836
0.87143222
0.89248086
0.24704339
0.49778299
0.64981304
0.01020908
0.66197365
0.85633276
0.93726271
0.16512207
0.10469527
0.93248634
0.75748349
0.70611152
0.56450685
0.69169862
0.13774072
0.60849965
0.61788169
0.97439391
0.06599309
0.43798468
0.44270612
0.28015038
0.25074551
0.77347003
0.51896839
0.6177679
0.63005206
0.74490235
0.31621229
0.05740539
0.33230635
0.85156332
0.66657676
0.5484154
0.31974759
0.66482274
0.69600239
0.53632811
0.96419108
0.77237161
0.18008432
0.1906274
0.43455942
0.95534479
0.47029018
0.21206896
0.28976385
0.91121443
0.06985211
0.68246694
0.6854097
0.05241289
0.95378786
0.28715127
0.11688881
0.26118967
0.40139672
0.96618609
0.70652233
0.43756945
0.12683491
0.27056125
0.4067221
0.96443326
0.91126881
0.93533702
0.0099095
0.58265526
0.48448052
0.4402868
0.33340622
0.03338769
0.59098996
0.74510886
0.91669174
0.91427249
3.433e-05
0.11995935
0.46151684
0.89091907
0.60507005
0.9118299
0.60442494
0.66824363
0.42789108
0.8596674
0.61025093
0.64139048
0.32484435
0.14481947
0.23853843
0.93228515
0.07726914
0.44141326
0.14304731
0.67707844
0.74735754
0.67446716
0.22066075
0.59318643
0.39269387
0.96100814
0.88271202
0.19432371
0.8174017
0.9120856
0.11739732
0.63622613
0.97698902
0.32532547
0.44431335
0.86993803
0.14968891
0.52296114
0.979336
0.22614965
0.87575423
0.06083359
0.94228817
0.87520961
0.33987498
0.44377537
0.84914742
0.87456028
0.87003507
0.66374116
0.14303634
0.94175331
0.9275636
0.29654151
0.62790149
0.05478991
0.12090925
0.60240379
0.14580564
0.9458946
0.16797587
0.24142954
0.69931962
0.24928216
0.9230992
0.88773954
0.68797289
0.02235744
0.82945053
0.19367516
0.7978221
0.78860038
0.71805152
0.98350114
0.77726921
0.93886297
0.82549077
0.89505664
0.90445467
0.79931029
0.54206521
0.48551691
0.67163143
0.09215914
0.91700412
0.34030521
0.67715085
0.87028902
0.71465734
0.2773425
0.90616769
0.15705122
0.4152937
0.37349054
0.83869789
0.45739343
0.76161978
0.38635478
0.2882425
0.64370275
0.74939585
0.1885362
0.18911784
0.34454534
0.86462763
0.44898834
0.98080442
0.78581549
0.00294891
0.86158555
0.92744909
0.42985231
0.38621013
0.78067483
0.52721464
0.72750606
0.37935388
0.48031273
0.65592018
0.05643212
0.91415895
0.93600219
0.87259594
0.46959397
0.77061037
0.92652859
0.23385747
0.10004598
0.85186028
0.20524607
0.89752161
0.87861025
0.6909718
0.98675374
0.47594791
0.01992631
0.24410402
0.49456155
0.58552249
0.47726395
0.02344447
0.14408627
0.4709099
0.20487303
0.47095997
0.70730579
0.47280806
0.52745988
0.38213016
0.76751315
0.09462362
0.67399822
0.62547801
0.74683065
0.79108727
0.55792021
0.91824694
0.43858466
0.25148186
0.80104528
0.36714271
0.17984948
0.78459262
0.44012924
0.49677323
0.58347806
0.1624374
0.81774413
0.11579439
0.10889231
0.44093334
0.59625718
0.33080239
0.90498121
0.62351989
0.84866909
0.04031033
0.10733913
0.10562384
0.57509556
0.98673186
0.45067357
0.40261226
0.13488828
0.25456794
0.93694531
0.78502339
0.68627944
0.27427667
0.57969036
0.95798705
0.61189167
0.82474501
0.48983555
0.29979645
0.66182805
0.19297418
0.75780293
0.88623411
0.57735911
0.85454476
0.1567801
0.66644971
0.52071974
0.92249012
0.86396447
0.60395137
0.06331583
0.85314865
0.51841399
0.30898709
0.19488031
0.51695089
0.02771676
0.87373787
0.13158038
0.72425901
0.46754144
0.44749014
0.61554257
0.7410932
0.90771919
0.55877321
0.08768308
0.55394035
0.61932872
0.54416216
0.05671863
0.70000504
0.08360858
0.96154399
0.69485324
0.87635015
0.80850273
0.0158246
0.89699479
0.88016658
0.53662155
0.89513164
0.5644688
0.95491052
0.86557519
0.6737305
0.73744817
0.10684615
0.01789031
0.6995712
0.28136669
0.84374497
0.16732081
0.47014322
0.49955747
0.36088544
0.5718389
0.79687916
0.02872028
0.73408545
0.37833445
0.13339639
0.20519991
0.01521714
0.50690292
0.74345554
0.24095367
0.24354698
0.90054521
0.23217725
0.77049751
0.546651
0.80174531
0.14370382
0.49862992
0.01993032
0.91454379
0.85891186
0.02582154
0.77221155
0.22229192
0.28608672
0.09256819
0.74864822
0.15184583
0.5430281
0.77509522
0.95528547
0.0146254
0.20056537
0.42960194
0.82550667
0.1311285
0.83371988
0.17954187
0.45988283
0.97256781
0.02368569
0.05242129
0.06130892
0.76745536
0.09130064
0.45801519
0.42979097
0.26936095
0.53852593
0.77484837
0.20618575
0.98607547
0.39093726
0.84049925
0.07322221
0.90234452
0.34631852
0.28680217
0.83104561
0.11901889
0.5180257
0.90970013
0.55632463
0.46863184
0.63439121
0.37496079
0.94858759
0.46815594
0.72633314
0.38348727
0.54153369
0.32972326
0.20607585
0.33549963
0.84364037
0.75309692
0.31330881
0.57643489
0.77129852
0.11892334
0.91379822
0.65695716
0.56300371
0.15903532
0.59947464
0.05171281
0.88124572
0.38158768
0.83127534
0.82020507
0.04449669
0.04287887
0.30626491
0.61514523
0.95404314
0.9861296
0.43291022
0.81666243
0.62290289
0.21704084
0.1312842
0.91793733
0.57643895
0.31536928
0.22890343
0.3617067
0.52670187
0.67636222
0.97142008
0.0640917
0.18106122
0.58758622
0.42423505
0.62646428
0.52903925
0.34903179
0.39954077
0.71640754
0.9569316
0.93362043
0.82119636
0.61770106
0.15752777
0.81951431
0.22085684
0.15995792
0.4409152
0.06647743
0.09656407
0.64925832
0.76271077
0.44962097
0.15453377
0.67945996
0.36997427
0.89678027
0.42446554
0.34129463
0.37527246
0.61687376
0.61413681
0.68494002
0.89716173
0.24305965
0.55027718
0.13121318
0.09160504
0.85881188
0.24467692
0.92402099
0.11478323
0.21833448
0.66799939
0.257674
0.17284318
0.12793294
0.76755172
0.54725728
0.68555169
0.3668601
0.22916718
0.20035367
0.4470376
0.204741
0.05833502
0.82558659
0.94085829
0.10312982
0.27912727
0.40003039
0.96882073
0.2584049
0.4320553
0.47816253
0.51240956
0.52933816
0.18509958
0.97355687
0.76009949
0.63010023
0.5284656
0.20064341
0.82792927
0.32851977
0.24518779
0.78177488
0.48388053
0.03840721
0.74811619
0.06235902
0.95921318
0.23835933
0.29003315
0.7069096
0.58751929
0.94074748
0.95835462
0.61068196
0.32194328
0.50741701
0.82695693
0.83263296
0.98969803
0.10909171
0.40581186
0.39420448
0.73779078
0.71165702
0.31916895
0.33727638
0.45446379
0.36734082
0.41233958
0.35324031
0.58749967
0.70431125
0.54817524
0.83105108
0.70905529
0.83788547
0.33003108
0.54084068
0.05174893
0.46401141
0.62945167
0.4753057
0.87952686
0.37174415
0.55326519
0.73716628
0.37973224
0.63900857
0.93301189
0.74740065
0.6223655
0.62055424
0.7609643
0.32912934
0.49732868
0.08201798
0.88382196
0.30477354
0.29229218
0.02548599
0.4607263
0.79532855
0.7163262
0.04619133
0.38325543
0.6839381
0.45593913
0.39481318
0.10461964
0.14592603
0.75329559
0.09145234
0.75482047
0.37964321
0.86322154
0.30101003
0.78697977
0.30480217
0.94062869
0.73974303
0.13414969
0.26998516
0.07137536
0.71604943
0.17227897
0.18512894
0.63492926
0.72760648
0.08552328
0.53664281
0.4443786
0.8077698
0.37737461
0.29155334
0.98546984
0.95970072
0.28264139
0.16586556
0.65320652
0.76179051
0.76942407
0.11818031
0.32980252
0.22073363
0.79077724
0.51417075
0.35689039
0.41411474
0.97987542
0.22864579
0.61649659
0.13022997
0.35259853
0.72823641
0.61121532
0.48896329
0.63648128
0.86784881
0.03936551
0.28789037
0.0833017
0.00865217
0.7243958
0.01731993
0.55097848
0.36769786
0.78351177
0.89063654
0.89768262
0.98301201
0.61803178
0.28474716
0.86214438
0.89807588
0.98955739
0.38823842
0.46684982
0.72442811
0.08742089
0.6798221
0.3085642
0.41136213
0.32733022
0.64175657
0.52680921
0.74788541
0.24483313
0.3504077
0.1221528
0.94727627
0.37099572
0.14429866
0.68667485
0.86706802
0.26009298
0.12617796
0.84421566
0.53828039
0.86233221
0.02542922
0.81584432
0.8252703
0.46031633
0.64361719
0.14167176
0.95777748
0.60938814
0.48819956
0.515743
0.60838825
0.82801046
0.58991949
0.70800887
0.16854759
0.63706331
0.53109329
0.36710004
0.0453159
0.33308829
0.51118373
0.81564486
0.30395363
0.57447105
0.65259012
0.71719755
0.7314511
0.71451188
0.39172112
0.3175377
0.62573009
0.5086667
0.50272755
0.66969553
0.38330051
0.0895672
0.41997899
0.25553215
0.49938166
0.85845913
0.7128925
0.00974099
0.90536702
0.39764837
0.22877942
0.45433378
0.33738403
0.03475385
0.08750275
0.38183248
0.07057712
0.30306215
0.1010905
0.50169315
0.9666189
0.9004601
0.57125644
0.82630825
0.4187292
0.4766363
0.96221179
0.11880868
0.97161232
0.79439095
0.59759045
0.74974233
0.11103442
0.58226301
0.58473453
0.66804504
0.78883585
0.85491104
0.45198053
0.62743181
0.06150476
0.14689603
0.64801592
0.08145686
0.0148187
0.55443573
0.41895461
0.35936559
0.6652575
0.53223877
0.64735536
0.83459484
0.91438652
0.48197141
0.86946576
0.17771983
0.42243463
0.32009641
0.41532603
0.09138587
0.13878625
0.38339169
0.16970366
0.0308222
0.63685321
0.71321841
0.68017774
0.70928136
0.65769072
0.29265363
0.86969873
0.91153302
0.10723487
0.7715662
0.07125515
0.51859077
0.44524364
0.56757954
0.54744581
0.50981358
0.87771947
0.29072526
0.1087293
0.351902
0.32503688
0.92956374
0.49068328
0.03430641
0.84623138
0.86820764
0.42014978
0.71970478
0.57334615
0.16955814
0.70494895
0.14046094
0.09151839
0.21790665
0.28094552
0.2469368
0.43995603
0.55409203
0.21945663
0.06516833
0.80928818
0.44262939
0.1007808
0.2247688
0.33441218
0.49364679
0.31586622
0.30771881
0.78513976
0.959023
0.08124612
0.05655992
0.22245855
0.19471678
0.00669801
0.18522921
0.85970969
0.03860719
0.14006858
0.78820527
0.33653467
0.16594391
0.11225878
0.76972453
0.21792197
0.30256677
0.1615373
0.07103355
0.09867672
0.91572385
0.70387539
0.01065743
0.93662331
0.46585839
0.32615911
0.70214949
0.47782053
0.4007976
0.51129269
0.29403348
0.46854582
0.43966485
0.75495833
0.22143833
0.74550779
0.27409357
0.07025314
0.76392778
0.19078964
0.39635446
0.13283224
0.60169838
0.1677769
0.91816076
0.29777555
0.03294375
0.06701596
0.23895261
0.84706817
0.52490207
0.76952642
0.9562586
0.63862331
0.18915287
0.18356429
0.06093952
0.94605776
0.54426611
0.4043588
0.35789308
0.01859551
0.13076516
0.39706656
0.73908887
0.3781354
0.22610967
0.6435789
0.70535558
0.09737416
0.60654245
0.42831515
0.23502398
0.6210926
0.22842119
0.50703433
0.55266446
0.19315038
0.45494328
0.49079869
0.05378086
0.60209496
0.3035756
0.72215476
0.33405363
0.15494013
0.44752948
0.12154087
0.29220508
0.07595521
0.89924662
0.79089204
0.58128945
0.78678072
0.75517415
0.84044723
0.38498935
0.12327674
0.60123485
0.01551412
0.80637675
0.38171332
0.15784956
0.26577303
0.61978618
0.39328543
0.12877906
0.03121119
0.20610861
0.08380618
0.09426779
0.34779297
0.28814227
0.80756424
0.18088746
0.62628488
0.48830271
0.02308514
0.83340284
0.86677158
0.80622373
0.09500943
0.1075906
0.49559196
0.26229843
0.21472981
0.36767362
0.31788965
0.95856849
0.94295808
0.09519416
0.6099299
0.38258132
0.97579236
0.92640969
0.49927677
0.95530174
0.40653148
0.97322058
0.46053427
0.95782425
0.44114126
0.84216244
0.83370367
0.47760133
0.03805833
0.84660403
0.6086705
0.78584236
0.27810206
0.02680507
0.38834139
0.04352103
0.23628552
0.44906552
0.64478883
0.96959488
0.92344538
0.5156996
0.55562047
0.68995378
0.82516673
0.35159558
0.63786728
0.6680972
0.55440141
0.12994005
0.97485174
0.82149611
0.38638148
0.10411516
0.76211405
0.69387918
0.40072608
0.92209422
0.18407151
0.6916198
0.09847604
0.3621708
0.4178292
0.51883194
0.98252473
0.02483039
0.64273557
0.87862245
0.89546784
0.31936936
0.85487371
0.68749399
0.49808871
0.66781123
0.68593618
0.81269059
0.28785984
0.61416829
0.44094442
0.17311017
0.88452512
0.34271063
0.6534806
0.28630684
0.46151349
0.78489279
0.56009916
0.7314467
0.06838717
0.50107532
0.83771402
0.71651017
0.65328554
0.18296069
0.41741853
0.35148524
0.08897191
0.62445045
0.5619203
0.75242545
0.44295536
0.49149351
0.05153664
0.7587729
0.85025074
0.5368169
0.2071444
0.59741234
0.21020053
0.84802598
0.40074588
0.32108122
0.34284912
0.93529779
0.5156288
0.62566528
0.46840141
0.56998348
0.33936449
0.2907384
0.39088835
0.26290033
0.9548341
0.25432053
0.81544004
0.68801139
0.42640198
0.79432787
0.66074135
0.25884232
0.62882941
0.37918437
0.52491416
0.39175878
0.07962665
0.25540342
0.62377603
0.7197466
0.21775279
0.23509812
0.11486835
0.3559064
0.54852385
0.6715405
0.53534399
0.90637796
0.86663953
0.5893638
0.47285868
0.05788621
0.55088256
0.14181081
0.19107603
0.38837155
0.3699542
0.26989875
0.18961384
0.37154873
0.63789571
0.10533079
0.95220005
0.76789788
0.08105615
0.26231247
0.87582767
0.53430536
0.07722644
0.5710012
0.61451587
0.62137765
0.28943822
0.68098907
0.66655576
0.03214562
0.13587095
0.39380527
0.45198819
0.97393957
0.82697395
0.25161394
0.78022231
0.23616439
0.44672871
0.51573424
0.39609948
0.12600079
0.53703711
0.38210156
0.83143098
0.64264892
0.23336645
0.79371431
0.45306504
0.28730962
0.91752045
0.20010038
0.51223629
0.50011325
0.19233971
0.80208243
0.69510669
0.14525798
0.52310139
0.59274656
0.92614614
0.38010436
0.01671462
0.78304165
0.00934171
0.26405329
0.00411864
0.05165201
0.35284456
0.06616898
0.15968466
0.39054141
0.10062759
0.18076225
0.44865809
0.07314489
0.24912427
0.2293085
0.91877549
0.63091516
0.84238272
0.19159421
0.52242455
0.44501737
0.02033413
0.03813807
0.51131638
0.78051086
0.11262764
0.94148625
0.19886495
0.66348887
0.03782537
0.63101441
0.29190304
0.82609581
0.18324265
0.31696131
0.74321353
0.51533838
0.49906053
0.6801826
0.50886956
0.71564684
0.76429363
0.70296625
0.04744431
0.67227549
0.01674105
0.22525866
0.80013542
0.81339619
0.84595443
0.04790893
0.17900139
0.2331842
0.29177413
0.87566145
0.15534775
0.33725965
0.4699347
0.84688533
0.93010598
0.30185303
0.86823067
0.36295066
0.12827053
0.48451639
0.97764502
0.86155939
0.90495415
0.52189764
0.89770528
0.07713169
0.9707772
0.34892834
0.34737387
0.68325129
0.71982364
0.32690239
0.74954847
0.15753833
0.06809021
0.08436139
0.16085415
0.65664443
0.05142405
0.55784866
0.7073335
0.4125063
0.15840037
0.48786722
0.81214986
0.97331452
0.98425457
0.62067901
0.80699693
0.66323952
0.44242134
0.96474579
0.02893442
0.59099825
0.37020394
0.90522766
0.62329252
0.04253518
0.023333
0.20224014
0.86200291
0.56770417
0.36915113
0.69666655
0.84552631
0.74567675
0.59371758
0.88447786
0.643712
0.50782848
0.59648198
0.88851579
0.89410166
0.09114407
0.7508321
0.25520551
0.4773989
0.35634608
0.66170382
0.74713691
0.03915482
0.14827337
0.63542444
0.30097376
0.02044367
0.7040537
0.92216427
0.74061438
0.13651401
0.65253228
0.93222456
0.69590721
0.90618152
0.35726777
0.90836973
0.18362084
0.54527659
0.53374892
0.95205815
0.62679586
0.16808982
0.13092345
0.73043282
0.74277249
0.92208504
0.93275721
0.42327243
0.94447771
0.68128435
0.43822044
0.49218469
0.34318671
0.56958901
0.76756345
0.00729657
0.88413489
0.71931551
0.25520771
0.00737299
0.60196227
0.17494865
0.13137262
0.09608937
0.80228288
0.33052
0.47574893
0.93068958
0.867411
0.55572385
0.79166562
0.95269953
0.11021923
0.43447794
0.69641182
0.33344258
0.59374453
0.24752381
0.82231125
0.00995332
0.82312669
0.28693214
0.6145795
0.32652881
0.00106017
0.12319904
0.09206728
0.42225069
0.18968806
0.61589413
0.31383175
0.38248331
0.82851678
0.95621065
0.96873436
0.58712523
0.29851867
0.57046948
0.66471131
0.89157946
0.50888283
0.0998697
0.97811917
0.44287655
0.53696522
0.89181641
0.13489107
0.9217878
0.75200879
0.3872466
0.11342545
0.10067873
0.20085248
0.42712048
0.26775256
0.87321555
0.92689251
0.8297283
0.74078192
0.42549922
0.2624413
0.60383837
0.71795999
0.80723431
0.36813027
0.5264384
0.94323418
0.27571097
0.3473397
0.01095119
0.58097717
0.02390316
0.58720604
0.2940984
0.86977113
0.16481241
0.00365695
0.26342711
0.53073119
0.94568198
0.27305719
0.96264508
0.52922573
0.37382677
0.27741131
0.19395744
0.10592195
0.1776708
0.5493097
0.05775479
0.50868455
0.62205599
0.61557263
0.54515527
0.31507118
0.60740789
0.77013636
0.04265192
0.8490888
0.06788542
0.38986646
0.52642206
0.31389623
0.87905879
0.58614238
0.81395137
0.73653821
0.81969325
0.27010676
0.73590666
0.40316612
0.07615936
0.15546016
0.10838705
0.23475622
0.92431906
0.11390292
0.05208233
0.67823656
0.72448996
0.93445709
0.56760845
0.38478365
0.28518674
0.09705415
0.46128228
0.25325313
0.23567144
0.88970954
0.21155266
0.84033095
0.01755872
0.80356148
0.60128364
0.17662317
0.49033097
0.82912603
0.55945504
0.14018892
0.87388477
0.90835436
0.39725082
0.06255753
0.03682627
0.87453055
0.07218493
0.08267848
0.26736509
0.4444831
0.60540134
0.47275822
0.56392025
0.22726988
0.20177138
0.93249426
0.47685649
0.94226281
0.7455561
0.38475013
0.63012854
0.11479517
0.49324496
0.10831713
0.60581051
0.61080769
0.56789332
0.87789493
0.01183685
0.37014034
0.91687463
0.86911745
0.61277975
0.63179152
0.23803717
0.45202068
0.75095596
0.42547174
0.46705153
0.38842383
0.48802998
0.85955375
0.87896143
0.37725925
0.72766505
0.19571014
0.81028183
0.14071908
0.44558507
0.9014072
0.85141635
0.98484999
0.27058246
0.91915372
0.26161336
0.66724703
0.53095933
0.611173
0.98358729
0.95909608
0.29166701
0.46762393
0.44724554
0.29465607
0.63408492
0.23643097
0.75187172
0.48742224
0.1973393
0.94795513
0.1339432
0.73927352
0.70353779
0.57324604
0.71440406
0.30341758
0.47443438
0.65469462
0.75150064
0.47754049
0.7004484
0.2612592
0.79490554
0.97752913
0.64508689
0.22163929
0.95927902
0.32039564
0.54191049
0.63057052
0.94237321
0.74391005
0.64167344
0.41457499
0.4920493
0.51459363
0.15265502
0.85438571
0.11335645
0.98872132
0.96913961
0.6119195
0.55210007
0.23087639
0.1946097
0.65724535
0.26112823
0.28085043
0.10543889
0.7166612
0.21294402
0.1567994
0.79683904
0.72208152
0.53664051
0.70343762
0.42947479
0.31945286
0.11108434
0.78319864
0.8708797
0.28924153
0.96308636
0.94040169
0.28585065
0.27653018
0.39532463
0.11371551
0.3133081
0.6669474
0.37708629
0.90684383
0.75872839
0.16691675
0.95334549
0.48502766
0.27143296
0.72617727
0.04466023
0.7638947
0.76274195
0.36538425
0.71167655
0.89074131
0.61530479
0.71595108
0.22374843
0.96464911
0.94609678
0.8961362
0.55347585
0.46086936
0.32708515
0.4458388
0.79905531
0.38281252
0.71905121
0.49226696
0.84937013
0.56352844
0.92142811
0.39470674
0.69506653
0.19577464
0.04013009
0.98848509
0.18544499
0.5188368
0.00882608
0.94104178
0.43073076
0.98543149
0.30780216
0.63125984
0.66924248
0.33502152
0.66211465
0.82504194
0.73559966
0.50356468
0.28484689
0.35488276
0.78019861
0.76236533
0.43387348
0.90540323
0.7566126
0.89514225
0.32272895
0.44091867
0.373503
0.42489812
0.39560904
0.59789454
0.21027565
0.84175905
0.86702285
0.51540042
0.24591501
0.40704141
0.57727145
0.49148084
0.68492402
0.37709458
0.51124391
0.98107243
0.43386038
0.82909938
0.6501346
0.34476346
0.73315909
0.96667961
0.77118502
0.79438986
0.58330827
0.60310724
0.82031481
0.89751145
0.42786257
0.95040514
0.35546663
0.49082883
0.80531927
0.25332406
0.91748087
0.94039066
0.02634504
0.44557628
0.66524049
0.43286172
0.07700548
0.71133361
0.30876689
0.38305382
0.47079964
0.94428008
0.2066466
0.85730324
0.16258942
0.04839864
0.25453948
0.89972754
0.12210454
0.63248496
0.11368135
0.57817784
0.25792469
0.65672687
0.40167901
0.12235389
0.25968334
0.43792122
0.18479355
0.27228518
0.52521097
0.4471022
0.1487223
0.3002419
0.89737822
0.14488998
0.83767561
0.6712802
0.40455191
0.61800351
0.81846646
0.70671131
0.20271793
0.81563262
0.9756855
0.4598042
0.52564091
0.86331537
0.17701793
0.35852807
0.07368137
0.2418931
0.61541494
0.33896078
0.77153779
0.72311355
0.77313091
0.29265943
0.01567082
0.16240071
0.77895333
0.8940332
0.4577699
0.19328713
0.72946406
0.82700082
0.59519795
0.83649552
0.38633354
0.39394013
0.75217521
0.88577703
0.82416134
0.22992031
0.8688294
0.3639939
0.94095153
0.70648529
0.82265482
0.72547734
0.90203058
0.31469481
0.60285856
0.11284881
0.69530704
0.09937936
0.44349759
0.62166264
0.62060412
0.31174126
0.49367283
0.0047714
0.86163276
0.12400489
0.53450461
0.89122032
0.75727503
0.23172553
0.93454207
0.39487716
0.78427757
0.98261994
0.59279652
0.40195655
0.31487983
0.37083986
0.09735996
0.84017699
0.58306229
0.14200916
0.86916965
0.2650052
0.80006661
0.79535154
0.37223372
0.49606492
0.29882242
0.68220233
0.27142271
0.53281384
0.49911674
0.00270807
0.82720713
0.23458627
0.02387192
0.76927395
0.49130135
0.69863736
0.67152642
0.55596243
0.43805093
0.36841441
0.64316506
0.12493083
0.26615815
0.23817965
0.98030128
0.09972763
0.63395216
0.12274195
0.78304894
0.89952813
0.5372544
0.34310512
0.05886009
0.6567377
0.25884307
0.48878373
0.18951118
0.17061791
0.25961637
0.85489855
0.22381118
0.35520955
0.20799377
0.14981838
0.28895631
0.88414302
0.98889558
0.70420985
0.91032495
0.25625645
0.396922
0.00873161
0.1399153
0.81802626
0.22127529
0.84101409
0.77292944
0.7312612
0.72217397
0.66599159
0.05714943
0.57248838
0.77868389
0.6138321
0.87939022
0.76344935
0.12971519
0.50438028
0.68859612
0.01572203
0.15211347
0.72762806
0.87029502
0.94769934
0.33686121
0.35058763
0.19498684
0.01225679
0.83621527
0.64881455
0.86983262
0.37638947
0.14172276
0.15602997
0.47472364
0.00146716
0.49974785
0.2057564
0.49381437
0.37811575
0.86000073
0.65152055
0.16971981
0.44033079
0.45487706
0.84360425
0.66301634
0.93464348
0.76307508
0.03383059
0.79668593
0.39956037
0.52074357
0.19131247
0.55203884
0.46981412
0.71803301
0.72753942
0.79494165
0.8409859
0.5039098
0.88060514
0.74595141
0.54922415
0.77167215
0.39533011
0.46253134
0.32200351
0.52021896
0.74667647
0.78832107
0.23546535
0.51534402
0.29646832
0.04738632
0.35810546
0.1786974
0.9621716
0.71393949
0.39316837
0.37236738
0.35597977
0.84267589
0.04689752
0.61496065
0.66321776
0.49008842
0.16233003
0.42778209
0.42990462
0.22655259
0.60585581
0.11229046
0.8548927
0.20993732
0.92705996
0.26463202
0.25958401
0.07462456
0.93676298
0.58552304
0.40863466
0.48035425
0.21854566
0.73846095
0.72837563
0.76886987
0.28129883
0.30996683
0.03699921
0.67725819
0.94536375
0.28054179
0.73385314
0.1610827
0.63384136
0.66337181
0.29214367
0.1449501
0.06231834
0.86217347
0.81967793
0.94184669
0.18080872
0.51148275
0.79978919
0.61905632
0.07666197
0.32049494
0.90049944
0.30663192
0.29018848
0.84492241
0.21750646
0.28754446
0.27276528
0.37997121
0.70888962
0.16696343
0.12712814
0.53505324
0.00201149
0.76261714
0.35502343
0.29152585
0.88760194
0.31048315
0.25685473
0.60606437
0.98695824
0.09753563
0.31582749
0.61220775
0.25097654
0.82643205
0.04844194
0.34361274
0.15407576
0.07356982
0.39673915
0.33680586
0.88020685
0.8187306
0.23731534
0.52584052
0.36833945
0.71596196
0.89984263
0.79024834
0.51995435
0.83013187
0.7753217
0.01021909
0.03156702
0.2948351
0.56938542
0.20481535
0.40535634
0.93273871
0.87301994
0.26305976
0.30340963
0.12354416
0.68497624
0.48156508
0.22311963
0.76409818
0.24808307
0.80867188
0.82733202
0.02932351
0.46296816
0.53172746
0.89485147
0.47398203
0.02135255
0.96483769
0.93222704
0.36358902
0.85245628
0.6465912
0.0685705
0.86101725
0.75877952
0.75525691
0.73611721
0.24225474
0.58004901
0.31410005
0.39474838
0.56923067
0.09121742
0.35872654
0.39232023
0.68466171
0.7211259
0.49764415
0.80719374
0.39474053
0.96576751
0.73756285
0.08821204
0.04358371
0.39627362
0.10084896
0.98343066
0.28235123
0.4695006
0.09970107
0.27229905
0.36754289
0.76273834
0.60937591
0.64476434
0.12542508
0.17112466
0.5703202
0.04554836
0.72418534
0.44105884
0.55297525
0.72990784
0.76862653
0.91278991
0.78221688
0.31219388
0.86415198
0.3224867
0.31361765
0.97178296
0.7923776
0.55366628
0.58939283
0.53848568
0.36776071
0.06060605
0.21230393
0.42354981
0.17024161
0.15591479
0.91845332
0.88742567
0.22541197
0.46834456
0.40579639
0.30607138
0.26564243
0.34887133
0.61496308
0.27515638
0.41536527
0.66636168
0.45684537
0.44391105
0.89990571
0.31518867
0.54988917
0.87444571
0.32935397
0.56188786
0.1728622
0.56796341
0.65201087
0.93180764
0.79771206
0.36817304
0.39952614
0.53420558
0.31529124
0.25230159
0.35893838
0.37314116
0.0607
0.83200018
0.40476386
0.05812307
0.15263545
0.13563147
0.56958983
0.09586099
0.80484001
0.63953438
0.11615766
0.15360003
0.68768087
0.52839243
0.00950702
0.86952262
0.12039413
0.84229102
0.78558638
0.41422499
0.74614012
0.50545354
0.35733652
0.8376336
0.392269
0.38290038
0.87362452
0.95706993
0.2346735
0.8488099
0.31988042
0.04492272
0.88027385
0.26294213
0.75475337
0.86290807
0.96207232
0.94302899
0.6189562
0.84826818
0.10558643
0.26401169
0.78231677
0.62591859
0.35569323
0.16849959
0.82100325
0.55529218
0.10647942
0.24875691
0.80339056
0.81935981
0.13321482
0.63420255
0.37648037
0.8224133
0.76500462
0.24254943
0.78446476
0.50586944
0.25134414
0.04576925
0.7978037
0.66669952
0.77032596
0.6976533
0.04197819
0.13112423
0.62436955
0.36949441
0.92944888
0.51222152
0.87206696
0.00517856
0.11976843
0.27188551
0.83479632
0.0865657
0.21976321
0.22989562
0.44600067
0.5622641
0.82758591
0.75122506
0.36320433
0.4640489
0.38304145
0.33843025
0.77813537
0.59868539
0.25624454
0.28076553
0.8892516
0.41115823
0.63013323
0.35194352
0.03086168
0.91307226
0.33200998
0.64907192
0.27912883
0.72890997
0.98248487
0.01369192
0.36141135
0.07293263
0.94140981
0.1991599
0.44583325
0.64131553
0.38704044
0.43647891
0.67491785
0.73475686
0.97152082
0.93144179
0.05732382
0.15298468
0.72213887
0.64890835
0.68097089
0.61834185
0.10504672
0.25126549
0.41499992
0.76933673
0.22007216
0.13455097
0.07432054
0.25120921
0.75668708
0.96828794
0.20168157
0.1399703
0.86410462
0.54972749
0.28418835
0.77798824
0.0585762
0.58884212
0.44012049
0.94897952
0.70844333
0.86733195
0.80065952
0.3091144
0.93083401
0.02531833
0.15938455
0.92213158
0.78888918
0.98774337
0.45458174
0.44271625
0.84002948
0.11892579
0.44853737
0.28315079
0.43682664
0.18693816
0.88313587
0.51722004
0.20986819
0.06750214
0.73180867
0.9225631
0.32817889
0.39317428
0.18551717
0.28282283
0.58380867
0.11732786
0.4061926
0.55747817
0.06639952
0.96273193
0.57977974
0.42812001
0.54737165
0.62547429
0.02999689
0.83905495
0.25189527
0.54584496
0.90483988
0.10969375
0.87484737
0.28212889
0.02099155
0.19251632
0.36548837
0.19143771
0.82841699
0.47521016
0.28984193
0.98015081
0.0279852
0.84130201
0.83453234
0.08994555
0.00874713
0.97685451
0.82766296
0.6647396
0.87892411
0.18918731
0.86970804
0.72471804
0.48986617
0.20493215
0.30233022
0.50434012
0.3331988
0.94561955
0.00153034
0.23780682
0.38483077
0.9024447
0.66484436
0.14046917
0.91778555
0.5392091
0.45364012
0.5004284
0.26595531
0.54213784
0.45934241
0.67120135
0.6826842
0.84849096
0.72546049
0.5049165
0.07124138
0.01904196
0.41503841
0.65094779
0.48087719
0.7724674
0.340862
0.93620566
0.04803164
0.59710298
0.51756846
0.61055123
0.47342157
0.0268921
0.43265842
0.21889557
0.70332719
0.0304143
0.18670134
0.83981704
0.9495102
0.50990058
0.20240323
0.3133148
0.53718395
0.24058653
0.87792831
0.633637
0.52860247
0.98940039
0.11564185
0.59445242
0.7666919
0.48943057
0.27118716
0.55158816
0.68553872
0.25100306
0.86547528
0.720953
0.5323767
0.28922183
0.53282677
0.10698395
0.75071078
0.75872448
0.93998088
0.65301396
0.53714571
0.55015959
0.27508725
0.54961931
0.50447522
0.74483779
0.40768579
0.45486122
