0.0951357
0.7610519
0.49464591
0.90257882
0.67210534
0.68774324
0.00702867
0.83409654
0.49858837
0.57691529
0.74841881
0.81583302
0.87542885
0.17398533
0.95597517
0.69036286
0.31988935
0.64845185
0.66940064
0.23481976
0.61806591
0.06527112
0.79015237
0.57237188
0.33224427
0.13813847
0.62088418
0.77854614
0.9545616
0.29236007
0.82845959
0.21526104
0.33232448
0.98403268
0.70290908
0.79218777
0.02903964
0.42654344
0.66585037
0.57671533
0.64917622
0.84599431
0.32145928
0.34763591
0.74784812
0.74410622
0.50627737
0.06451106
0.67111843
0.23393121
0.71833973
0.63423754
0.80511854
0.08440822
0.2405227
0.52679376
0.40203114
0.00902664
0.12487476
0.5431706
0.54121369
0.83923965
0.82867722
0.05977745
0.07478715
0.71653703
0.31540761
0.26137897
0.08628384
0.5609953
0.7936652
0.04482865
0.35650368
0.2089031
0.64206486
0.35903717
0.5802205
0.3538622
0.19953294
0.17614115
0.42479789
0.71516607
0.89630183
0.42146589
0.61184168
0.09410191
0.83268068
0.37049992
0.52043969
0.82144732
0.3558946
0.41505943
0.53370318
0.20668356
0.19716979
0.23577127
0.24653156
0.56334935
0.52528085
0.07248633
0.84193515
0.95919329
0.57592599
0.06023487
0.74912407
0.35185587
0.95853322
0.78592595
0.64131094
0.34706309
0.77744907
0.16083913
0.33833819
0.46407566
0.83095498
0.02368709
0.05058008
0.59092628
0.59401284
0.89153755
0.92128384
0.80756069
0.86370312
0.44880118
0.26443616
0.72741167
0.90703851
0.96840265
0.38138756
0.63092198
0.81074211
0.05694177
0.35193935
0.8222535
0.5146725
0.02229111
0.85175587
0.11459788
0.4314175
0.20980304
0.55358824
0.2248466
0.35753087
0.51636018
0.03494868
0.36236404
0.25177507
0.03900317
0.61192783
0.32375445
0.534343
0.124713
0.56861625
0.14260445
0.39304757
0.25150131
0.62032925
0.46601334
0.45895444
0.94148708
0.80499115
0.1499105
0.55347355
0.68320983
0.90840897
0.42294591
0.98597231
0.296829
0.2799391
0.94191843
0.20935893
0.55587984
0.80842052
0.28612198
0.62704588
0.59076061
0.98381345
0.94047753
0.19860046
0.58062759
0.05692499
0.93745904
0.46978593
0.91246673
0.23534159
0.50554323
0.98629923
0.3372262
0.00121298
0.51756401
0.84826239
0.62520527
0.06252416
0.49395688
0.96403293
0.57777062
0.47155892
0.38847585
0.71557786
0.53216923
0.8417828
0.48168326
0.02846373
0.8823171
0.19034984
0.05165333
0.14557424
0.63025955
0.45921878
0.25655757
0.19298852
0.24664764
0.11298291
0.90969126
0.86137251
0.0218443
0.95218013
0.71462202
0.89855216
0.97282576
0.77595156
0.51865542
0.46452432
0.31953227
0.30605972
0.19333406
0.6249116
0.74327195
0.54901641
0.94905384
0.45487169
0.85099609
0.65380849
0.78973343
0.46767662
0.8016488
0.81106089
0.51631654
0.85713916
0.73008892
0.46645613
0.89924927
0.60962364
0.45182213
0.95664341
0.02377535
0.16369259
0.96373112
0.75421996
0.0648477
0.76873036
0.97735997
0.04180997
0.76833847
0.23562253
0.43278702
0.26979856
0.69590946
0.84513324
0.11496272
0.65490237
0.88399919
0.48197381
0.01783823
0.91509884
0.00906098
0.56200485
0.10663
0.54460508
0.59369221
0.69008072
0.81804643
0.36969127
0.45829405
0.17044128
0.60635086
0.63970908
0.97395036
0.95659976
0.63915156
0.62972496
0.54131724
0.13512714
0.60990933
0.33658851
0.58415683
0.80648142
0.80885452
0.41412496
0.90507773
0.60248308
0.12792491
0.07466384
0.50739369
0.63066891
0.71847684
0.83697661
0.35063323
0.59254439
0.8001064
0.45530632
0.34901454
0.5908807
0.66245535
0.77373093
0.97573348
0.55694672
0.11474257
0.5760671
0.1957954
0.42596879
0.05700689
0.75144141
0.43815525
0.3827542
0.42476703
0.56127417
0.75933328
0.19565991
0.72530602
0.9292657
0.86245632
0.46977098
0.76357155
0.16165976
0.23342251
0.61042685
0.09684758
0.29745153
0.15128076
0.58494298
0.36433207
0.3372841
0.45556469
0.70207333
0.44941014
0.47666239
0.29806457
0.98489609
0.39724855
0.79071446
0.38315638
0.47432436
0.74591819
0.79689737
0.42967083
0.26084473
0.78050762
0.54071018
0.6010415
0.4354083
0.27009386
0.54194625
0.17540424
0.22206189
0.48418624
0.4035491
0.51124284
0.15616338
0.97845134
0.7469858
0.22051967
0.57226274
0.58814298
0.22360612
0.24080106
0.75972608
0.15680039
0.67291755
0.55734176
0.64075909
0.54443747
0.2680428
0.05337944
0.55627802
0.03153187
0.14900107
0.73513028
0.43560262
0.76077606
0.20393686
0.61792275
0.03067208
0.42400936
0.28026077
0.58085749
0.02921827
0.29765362
0.75458044
0.18257018
0.62430151
0.89120951
0.86796685
0.05676047
0.63163925
0.73853722
0.4123635
0.97074918
0.50252472
0.13399778
0.57501666
0.79228283
0.16194486
0.93825661
0.52669989
0.13952277
0.17675884
0.587783
0.5023055
0.14083745
0.17719691
0.43768231
0.45052528
0.61128607
0.20862315
0.79472484
0.91658623
0.60754235
0.85668401
0.05646773
0.07372382
0.12778689
0.6621248
0.50239039
0.78720904
0.7518837
0.51416693
0.04146689
0.17833254
0.02594402
0.42179152
0.80926604
0.51892616
0.28500802
0.48345437
0.18131581
0.27080108
0.95476751
0.12744803
0.71716255
0.69639645
0.88860218
0.49784913
0.69092233
0.4157682
0.58890314
0.24875926
0.82390137
0.89301026
0.73945003
0.83703933
0.40393664
0.19292182
0.72706538
0.92773757
0.58987091
0.52375325
0.93780693
0.64997353
0.0914051
0.34804321
0.36645155
0.94536513
0.30056056
0.98746526
0.89880966
0.71137387
0.01326487
0.02939288
0.97426272
0.17467142
0.91642069
0.66541445
0.1359366
0.10737214
0.78805189
0.60755793
0.79322625
0.08540305
0.7654795
0.11845599
0.56633321
0.90228735
0.23308371
0.78330295
0.98016677
0.21704073
0.04332482
0.20185229
0.6070011
0.32811909
0.06084015
0.45690377
0.03417548
0.42697469
0.82867003
0.42412888
0.06544404
0.56056363
0.98469545
0.6230057
0.31153884
0.8441279
0.8261042
0.85638949
0.24672418
0.52129862
0.80713474
0.43254702
0.07182558
0.79043974
0.60663433
0.8277281
0.33669944
0.64425884
0.48962118
0.72835323
0.79379563
0.59230877
0.62288168
0.41052875
0.673495
0.14326645
0.53723991
0.85392003
0.74870053
0.79772566
0.37159056
0.4974144
0.39230322
0.65038998
0.02591321
0.48585664
0.31572778
0.84348556
0.28198003
0.95500073
0.18412664
0.61435333
0.94822064
0.56594394
0.84703634
0.29351298
0.75124118
0.83226713
0.94967081
0.88319069
0.90304642
0.32611353
0.93080944
0.23024675
0.75481114
0.52256734
0.23381318
0.31851686
0.39578395
0.66793105
0.7383125
0.10676105
0.81695002
0.84298387
0.13796143
0.34798972
0.09219345
0.52937749
0.66669089
0.40493551
0.13718046
0.94748697
0.00601086
0.30419269
0.94818361
0.20805175
0.28122924
0.10811389
0.52383139
0.92687557
0.60836062
0.27285851
0.13788278
0.92097854
0.67695502
0.97966031
0.05400497
0.23516938
0.68521618
0.81591741
0.50010137
0.7808886
0.6254358
0.20437667
0.88133059
0.11032978
0.62213352
0.95249954
0.84012309
0.21170258
0.30666658
0.27612813
0.86898017
0.50178924
0.00050236
0.26030678
0.24264088
0.37675908
0.55776191
0.42892254
0.04869615
0.10089138
0.93146189
0.26766123
0.03530169
0.1886938
0.36792249
0.6321961
0.84973073
0.1920799
0.58086995
0.61984274
0.82617133
0.88429969
0.97011643
0.38427599
0.9679333
0.40380405
0.31767035
0.57698985
0.37794388
0.39509714
0.6900031
0.96644019
0.02199298
0.3255661
0.3027932
0.31683571
0.88828064
0.13227032
0.65203779
0.51799655
0.08431528
0.64813904
0.86745321
0.92418066
0.31903492
0.68644803
0.71963878
0.18905557
0.36104534
0.81233589
0.86797952
0.04453783
0.28338476
0.38416021
0.29740352
0.96688529
0.92833785
0.16691141
0.81293876
0.25160411
0.61884219
0.27568077
0.50938034
0.61174569
0.6710955
0.44174949
0.64931727
0.85660763
0.24669971
0.26759577
0.63302957
0.77407868
0.87535123
0.00663137
0.72292682
0.06145024
0.36102033
0.4825234
0.91415093
0.69169411
0.84952573
0.62178849
0.8005793
0.16369102
0.95143586
0.69362773
0.09904527
0.40827115
0.13411497
0.09617096
0.31267007
0.20051354
0.30255479
0.92682411
0.93503853
0.7122085
0.24068699
0.45050776
0.40360536
0.58414509
0.2145355
0.84157837
0.84482779
0.19210559
0.35023228
0.44385103
0.67648789
0.87035138
0.50777245
0.78467427
0.80990545
0.93533656
0.49951443
0.05502397
0.14730741
0.00074939
0.72429736
0.15741274
0.67126162
0.40093823
0.33007212
0.63219559
0.10980199
0.35296333
0.01026179
0.39077011
0.66634781
0.73982653
0.94678828
0.58507095
0.433411
0.5783118
0.13079772
0.73900411
0.22507788
0.22891749
0.42338406
0.47017503
0.74975829
0.51714513
0.5882435
0.29248993
0.55721096
0.95321674
0.41302192
0.24783646
0.05613086
0.40437098
0.35300192
0.57786675
0.31180185
0.60069667
0.17673542
0.72096393
0.06249458
0.74916028
0.40593646
0.70881783
0.92075825
0.98766686
0.24429626
0.05109504
0.4807716
0.37845594
0.48137087
0.12515096
0.21545076
0.38701852
0.30560572
0.63896581
0.77023058
0.28020809
0.67557616
0.48461555
0.22254091
0.79093703
0.84263601
0.92732765
0.43525079
0.8492833
0.93455447
0.08420902
0.90484577
0.03348428
0.4836719
0.50437742
0.83083907
0.61843495
0.12129363
0.78814409
0.40206113
0.33241925
0.55518059
0.00926077
0.53612846
0.17719403
0.64703534
0.03067211
0.76089157
0.24304205
0.09699338
0.29010474
0.79192799
0.51811745
0.613924
0.52144143
0.25263671
0.29131603
0.59760377
0.47831406
0.93049971
0.36047014
0.28121475
0.25715455
0.9558101
0.13554906
0.64187047
0.38266573
0.35203604
0.17442553
0.09378866
0.52339316
0.30041587
0.38136087
0.8160892
0.60458992
0.00874833
0.09022831
0.12486469
0.41802984
0.4722736
0.85958083
0.02424708
0.89131324
0.67711869
0.49478651
0.88324275
0.85439102
0.22902194
0.00921231
0.49759708
0.82971849
0.40127854
0.53440405
0.83503898
0.92356884
0.38721614
0.61455677
0.09699883
0.38479396
0.47852514
0.18441038
0.80367956
0.28710539
0.10403788
0.18439771
0.89966295
0.42066635
0.141767
0.16213045
0.2014889
0.89859859
0.81776668
0.58738486
0.88174394
0.91693558
0.90109517
0.14911417
0.52800539
0.64390649
0.81258024
0.65475361
0.21679954
0.03939425
0.82844022
0.28150219
0.09638537
0.66125443
0.31267157
0.45702478
0.3409509
0.88279725
0.47538409
0.4293464
0.82553799
0.47985205
0.39709919
0.1453424
0.69211582
0.66407275
0.43284986
0.62314491
0.12344056
0.54730564
0.14586857
0.62774418
0.80709525
0.46316728
0.0377727
0.78267209
0.79274244
0.32836207
0.33371411
0.32874034
0.97959625
0.27339448
0.46619214
0.93708507
0.253211
0.46362639
0.48696006
0.87162308
0.23388646
0.26063107
0.13051654
0.08026624
0.982569
0.16812569
0.35662182
0.07808941
0.0438755
0.76206053
0.01748693
0.07402728
0.00751592
0.80611307
0.47991447
0.17484009
0.0092296
0.02848216
0.20300754
0.76680622
0.98681922
0.56419136
0.84638949
0.60277236
0.52696271
0.01627984
0.0548543
0.45427049
0.03782655
0.04369546
0.07987869
0.83092457
0.06202024
0.74636596
0.6881902
0.04417661
0.50031612
0.93589279
0.91612642
0.20477954
0.59529471
0.68401266
0.66818933
0.70805973
0.07520225
0.71952778
0.95691492
0.43608181
0.96758984
0.75932904
0.45878773
0.35663072
0.65603024
0.01720442
0.2776536
0.07078623
0.19283698
0.88468583
0.17477749
0.70764462
0.26465303
0.36522633
0.32214434
0.46747219
0.3544077
0.19231719
0.47690338
0.62905319
0.63993083
0.886608
0.64715222
0.98716144
0.55575825
0.67542372
0.86692359
0.92762686
0.89585491
0.31320613
0.14381472
0.61838799
0.02362613
0.05565131
0.00435246
0.60718252
0.100368
0.41598944
0.07022618
0.0815902
0.05850639
0.79875389
0.87117291
0.33315214
0.60059157
0.06009971
0.92164736
0.01548186
0.34424948
0.94730986
0.23939338
0.73281825
0.53054708
0.07651396
0.48041201
0.32384071
0.60027061
0.4387083
0.11769766
0.64404835
0.24972962
0.38024947
0.55210039
0.03085741
0.20727373
0.12840773
0.58979537
0.13335642
0.30306737
0.61876537
0.20848086
0.61065879
0.85587983
0.8175944
0.16253151
0.00252165
0.80665055
0.59815919
0.64017192
0.51810333
0.35614499
0.77337437
0.89985678
0.14024298
0.79557183
0.34866848
0.73365349
0.00877456
0.02221948
0.34292297
0.16373278
0.68099219
0.97308791
0.98113356
0.13355745
0.3736318
0.34886484
0.06892431
0.57084848
0.29618371
0.44757649
0.61352895
0.50771139
0.01439132
0.10300384
0.33469153
0.14184589
0.87610045
0.04139289
0.59254235
0.75853242
0.70544893
0.30332991
0.47390825
0.91532435
0.89039982
0.42463378
0.50599316
0.35192966
0.57426772
0.12641815
0.26393847
0.9502118
0.7059087
0.37599912
0.12327097
0.00492161
0.3857955
0.8298805
0.56394438
0.08500796
0.59309064
0.34380975
0.40346177
0.92404064
0.62992538
0.42818234
0.73549268
0.14340184
0.36028481
0.33015105
0.18889074
0.79535272
0.91871771
0.1067966
0.48531495
0.98749987
0.77302931
0.54465589
0.03089063
0.27065237
0.79599029
0.4172339
0.51595107
0.9733997
0.56951362
0.58026795
0.1301968
0.56384608
0.41013886
0.75604052
0.79190751
0.50965717
0.55353701
0.15951614
0.29405973
0.25295843
0.35761556
0.50308045
0.72429946
0.8311644
0.21406702
0.81411859
0.20401532
0.18086469
0.50845944
0.69985774
0.40470619
0.63941585
0.90900054
0.02925871
0.25997819
0.38802713
0.57293593
0.03588576
0.94352368
0.70530554
0.42900442
0.09361885
0.12726932
0.88207683
0.52548312
0.40012161
0.18484347
0.96020408
0.84999482
0.82610733
0.75703257
0.5824597
0.48912533
0.96933842
0.97238704
0.82802286
0.7731755
0.8017601
0.96838125
0.87999682
0.69673665
0.48663878
0.39465544
0.0492399
0.4113949
0.25580113
0.78129817
0.29682267
0.21650665
0.82502631
0.84387514
0.66352511
0.86964353
0.41885869
0.96178517
0.50542888
0.66320297
0.56582097
0.08899656
0.09596042
0.56661989
0.55678167
0.82909935
0.77218885
0.32673746
0.92449798
0.21022244
0.64665266
0.84549426
0.40033688
0.74837311
0.78471257
0.03437874
0.87842735
0.79900437
0.80923156
0.09274728
0.15825842
0.4834904
0.18342788
0.02738299
0.74441843
0.07560935
0.60973034
0.96294026
0.88834357
0.884222
0.10132473
0.68296681
0.18767097
0.01393154
0.70224551
0.1261498
0.13161382
0.86723997
0.28294706
0.10304779
0.72677841
0.77050425
0.19624791
0.06803589
0.51677726
0.96625497
0.93502316
0.03821172
0.39269869
0.28018271
0.97788443
0.4695673
0.91502122
0.88763306
0.31410228
0.3741563
0.42725413
0.97169617
0.57219113
0.27266626
0.50383391
0.8219362
0.48071274
0.71145758
0.49590943
0.97597537
0.37159625
0.35747445
0.49168535
0.05933984
0.25513966
0.48827295
0.32376336
0.46043028
0.90609407
0.2312306
0.65616123
0.64406088
0.8797295
0.905451
0.1121019
0.24037637
0.45324394
0.76095306
0.54160172
0.2941531
0.12045839
0.79918249
0.90751477
0.13460563
0.73766875
0.02051275
0.83760763
0.7472211
0.6205269
0.52288622
0.09134693
0.03865714
0.37913161
0.72257977
0.113056
0.79652063
0.65565826
0.64940763
0.5613759
0.25168332
0.06696719
0.93025062
0.00063893
0.69899732
0.73527276
0.39900885
0.97333002
0.17062202
0.11195675
0.74871239
0.22740296
0.36906948
0.2084155
0.12702591
0.01413352
0.97946104
0.88022566
0.39090685
0.93026061
0.43945459
0.18208335
0.2022699
0.74637419
0.87502709
0.66262212
0.75272245
0.66012522
0.09131522
0.30632159
0.25099873
0.73780008
0.62530006
0.16921858
0.16901523
0.31674099
0.22879454
0.24682482
0.02122043
0.97564178
0.37469886
0.58030229
0.56931769
0.4820387
0.23817553
0.19869865
0.13872211
0.69104478
0.59511336
0.40123422
0.74879323
0.70963374
0.6806562
0.84816009
0.7113213
0.5258545
0.63091586
0.92291306
0.43560697
0.91104538
0.12803126
0.8047802
0.90832545
0.41191019
0.72822361
0.73419335
0.77841551
0.73959565
0.63877875
0.17603494
0.88552942
0.10016738
0.7170298
0.03114158
0.53467895
0.25156791
0.69460521
0.84529756
0.2172697
0.59395324
0.85832949
0.19195569
0.8977353
0.44372867
0.93507741
0.72448748
0.39550396
0.30562131
0.86023198
0.29222083
0.49240395
0.24829719
0.5501952
0.52841213
0.56581155
0.48306606
0.33040663
0.27873365
0.64239543
0.18654671
0.91607886
0.46539236
0.31921677
0.09842227
0.98060786
0.64654633
0.50787294
0.22326134
0.09261936
0.43043252
0.76885475
0.09966461
0.28469145
0.07173562
0.04429395
0.54189984
0.76244014
0.3757118
0.45928108
0.92042352
0.80538536
0.0952458
0.74139546
0.53941457
0.80167014
0.45578143
0.20917245
0.12745862
0.75729083
0.34270267
0.78163342
0.94609344
0.75242465
0.42642658
0.50438538
0.18913725
0.02720609
0.0732953
0.773331
0.28133547
0.36275765
0.70436831
0.2017328
0.96093502
0.06348351
0.70899049
0.67119292
0.82550093
0.30898129
0.61325107
0.52832528
0.83404457
0.25645386
0.11946495
0.06616887
0.53337247
0.3896044
0.87619822
0.20436262
0.29084534
0.75883281
0.18218231
0.34346997
0.56740399
0.27130899
0.49147341
0.57459894
0.89131762
0.68048485
0.63489351
0.15619978
0.94662959
0.3655527
0.24093784
0.24022754
0.86890956
0.44961879
0.64672096
0.15141534
0.86054335
0.40076938
0.8923816
0.64458735
0.58820118
0.69784528
0.42295823
0.61625705
0.35270077
0.59896474
0.81785297
0.93128932
0.79250095
0.8777345
0.25250003
0.22788808
0.70056775
0.1510006
0.92341484
0.90565762
0.14022436
0.40624214
0.68095854
0.29654528
0.37840072
0.40911391
0.38228872
0.5523976
0.97133832
0.47384851
0.91760176
0.15559846
0.16728342
0.33140247
0.03778096
0.06265653
0.79726383
0.08266379
0.55367579
0.51454688
0.76079293
0.37944029
0.55938375
0.11162482
0.65896438
0.19436706
0.66781992
0.52181972
0.70277097
0.58048182
0.68951655
0.05226815
0.78908816
0.87048664
0.6013468
0.46847631
0.15522503
0.799157
0.27823504
0.09096571
0.91857448
0.7841233
0.26337557
0.93163796
0.70786608
0.7016384
0.8360796
0.59320637
0.71561681
0.00877791
0.11855096
0.94207022
0.44808315
0.54213034
0.11560049
0.02734802
0.51935103
0.00242724
0.87771085
0.94966631
0.67642635
0.38623241
0.27009877
0.61056558
0.80217532
0.57766493
0.19048851
0.1253624
0.05462114
0.01605455
0.2177978
0.39851209
0.57033872
0.04776621
0.58921126
0.16309672
0.51538364
0.54416108
0.74317132
0.39692823
0.3588682
0.50452308
0.31967236
0.27644062
0.02224747
0.04737066
0.7768521
0.88866778
0.27908014
0.47980237
0.84329633
0.73286202
0.801031
0.10038698
0.5000593
0.92221715
0.69044996
0.24871635
0.02264773
0.52483861
0.07729616
0.51337621
0.13982375
0.29467622
0.12286642
0.61346222
0.08557107
0.64138595
0.87405054
0.19712529
0.35981925
0.00180233
0.01343113
0.33395944
0.36444216
0.72907881
0.32729292
0.98788621
0.50652708
0.74912821
0.24013226
0.03504517
0.73555042
0.85376055
0.3150539
0.37539358
0.5101339
0.69517756
0.44676715
0.98531547
0.0643846
0.63576177
0.10677344
0.08145671
0.11116528
0.67482338
0.85447209
0.73085103
0.43750247
0.36120854
0.29408592
0.74958633
0.26816237
0.21473221
0.73708744
0.67317215
0.02084773
0.11855588
0.98739188
0.75533978
0.49297867
0.96894084
0.50424243
0.73347632
0.5198587
0.43118149
0.52122298
0.01471671
0.2323112
0.28568781
0.53118971
0.19491684
0.18276158
0.54818859
0.8944445
0.37547622
0.64928795
0.12038946
0.93062014
0.59611183
0.70876391
0.01472699
0.57395117
0.53564573
0.23770525
0.10686205
0.47970862
0.94323061
0.50653041
0.50991773
0.80730127
0.52017332
0.39570571
0.75980649
0.93264227
0.66860657
0.18345291
0.42385861
0.42256785
0.09793998
0.08763752
0.12876872
0.69811741
0.27586831
0.23468849
0.2975752
0.07030913
0.49898238
0.18113056
0.54844054
0.34244168
0.25913494
0.93337099
0.52836808
0.97346482
0.36217279
0.72817019
0.24719389
0.74680173
0.88187165
0.85217407
0.21282709
0.01484868
0.25844697
0.78267389
0.78288076
0.74637569
0.37024706
0.60027173
0.32547567
0.97512109
0.71292861
0.35179631
0.79756927
0.68251711
0.36410633
0.52017223
0.73090682
0.16885039
0.5289797
0.03484002
0.38038895
0.41716552
0.000268
0.54882896
0.77754481
0.45950796
0.31065571
0.31891468
0.47991503
0.82275848
0.6537412
0.43936345
0.80946146
0.33524555
0.8052877
0.83904579
0.46553042
0.0065578
0.69005571
0.47251498
0.66620891
0.17061661
0.9206734
0.71231164
0.56448364
0.32834048
0.49719454
0.83995686
0.65174856
0.43801063
0.62442939
0.97559054
0.26206621
0.78802657
0.15723369
0.13385361
0.01813031
0.87984099
0.48616851
0.65748648
0.29116621
0.78890556
0.01559775
0.0733213
0.42289765
0.63401744
0.47214455
0.47784821
0.24628713
0.68790448
0.08930582
0.03464199
0.54850121
0.1522018
0.77924774
0.54682332
0.17416585
0.02352776
0.04276992
0.28712366
0.9548355
0.81489244
0.14544873
0.62293895
0.72715409
0.00992819
0.13808436
0.20796508
0.73015195
0.95401059
0.47100681
0.61516243
0.88524615
0.65556254
0.74288978
0.76929439
0.67687713
0.15051112
0.7529042
0.61446173
0.24149835
0.47200623
0.48301133
0.86886679
0.74628257
0.03675228
0.11045498
0.036887
0.51130674
0.65175152
0.9141917
0.1634801
0.37746012
0.92553055
0.52262517
0.60716403
0.0132663
0.33818547
0.51359545
0.94801131
0.68564889
0.77609111
0.06069056
0.02062956
0.46834009
0.80422404
0.61835309
0.77105296
0.34356564
0.3701693
0.48265084
0.97415279
0.75757025
0.5535687
0.71389384
0.94263162
0.325708
0.14025859
0.35102074
0.90337806
0.15322889
0.15068163
0.8004082
0.31753163
0.60670912
0.26526985
0.97110044
0.69810519
0.82908419
0.93594653
0.06709033
0.10183097
0.9604087
0.69133961
0.86383646
0.89566363
0.87387992
0.10516388
0.7271993
0.892125
0.00648492
0.01385789
0.98521659
0.32138627
0.85422924
0.33830896
0.32883833
0.25194015
0.85330668
0.28146132
0.64324899
0.8324709
0.010474
0.493907
0.8107959
0.62141264
0.81873307
0.94966527
0.70552767
0.41197915
0.75391217
0.62766086
0.21037575
0.80463386
0.89305235
0.1139187
0.71818823
0.73390634
0.00868056
0.55174498
0.48564767
0.54855666
0.30710792
0.74260039
0.54430458
0.50783013
0.27183902
0.33963947
0.22199694
0.19574526
0.88659179
0.79051474
0.24657888
0.1545123
0.2273456
0.66866779
0.15420074
0.39904105
0.55240159
0.50922356
0.83625472
0.01840395
0.03635595
0.60259769
0.6292605
0.70022865
0.24076542
0.65153183
0.73482868
0.85275289
0.4960007
0.97995464
0.74966758
0.35021254
0.34303804
0.00210166
0.28094891
0.38630691
0.47271502
0.6408526
0.63104513
0.24619004
0.51461313
0.59621739
0.09402318
0.91169631
0.75252192
0.49426942
0.54017096
0.03673664
0.62728886
0.47125102
0.62648219
0.87155245
0.72891439
0.76334477
0.66180483
0.69418537
0.05480718
0.72376096
0.16392917
0.66661356
0.26918791
0.47153991
0.36187651
0.92712412
0.79641703
0.7650279
0.10061123
0.25943006
0.66924675
0.93585072
0.90762841
0.10523713
0.98095704
0.71379317
0.56936874
0.68544213
0.35196341
0.93713386
0.8436136
0.70858384
0.34473281
0.34997474
0.23214175
0.26046639
0.66434784
0.43732603
0.18182538
0.90272226
0.05307917
0.12420894
0.83399382
0.63340469
0.25178839
0.07323456
0.17947632
0.09377874
0.1500037
0.53023669
0.74532467
0.17670796
0.59102049
0.97032074
0.51366785
0.44526848
0.02587094
0.59162738
0.13492449
0.56667784
0.95195361
0.04537904
0.36554352
0.41160561
0.38806331
0.38799125
0.14569456
0.55057771
0.13970816
0.61310382
0.02937117
0.76386973
0.49263474
0.34795433
0.10690192
0.91433577
0.2487655
0.68961299
0.97242416
0.63973046
0.67969717
0.95984139
0.01021801
0.82029038
0.91542366
0.03617702
0.0849347
0.94812366
0.0119146
0.49753712
0.12939691
0.44120116
0.44183635
0.06618649
0.36488986
0.87515552
0.82839946
0.57024892
0.65791325
0.98628712
0.05236251
0.89491832
0.87893747
0.0372184
0.94424954
0.74947765
0.34379448
0.82623252
0.07318379
0.03286228
0.01857887
0.25998126
0.81439251
0.84104489
0.13840035
0.17882389
0.37740585
0.28395985
0.08778882
0.00340141
0.81605901
0.00959438
0.07547514
0.61640782
0.95557949
0.2842217
0.23322278
0.72593938
0.58269683
0.07677727
0.82354959
0.8812277
0.56565968
0.49082463
0.62329062
0.1579124
0.7370338
0.33858915
0.38737227
0.14640902
0.87798499
0.43787363
0.10099641
0.06734788
0.23833682
0.76833209
0.72885053
0.43224422
0.88539583
0.64619661
0.09940721
0.71331118
0.93102785
0.21127812
0.01820064
0.87261652
0.64094898
0.38317363
0.02446274
0.01041256
0.95264733
0.71443185
0.90184319
0.00806964
0.45021023
0.06720467
0.73221205
0.68634368
0.55382529
0.73718198
0.21523662
0.79170159
0.14910906
0.91170237
0.10330753
0.27450386
0.82583423
0.57035345
0.38769864
0.79328163
0.8511343
0.11976977
0.09401835
0.17291674
0.16054539
0.48200578
0.48961562
0.12003508
0.14990251
0.41804833
0.0623105
0.92516113
0.06531818
0.59335754
0.36925881
0.64917442
0.18432332
0.76861501
0.51969494
0.8049682
0.53480914
0.06962975
0.4616223
0.64234271
0.98608697
0.88724967
0.28294586
0.96305639
0.31979153
0.77485088
0.15419182
0.05593417
0.93645419
0.02879872
0.56355551
0.6398343
0.60238519
0.08687141
0.80425357
0.57507844
0.9805528
0.54725956
0.47791812
0.19139982
0.75705675
0.45994525
0.11232254
0.37362391
0.55814398
0.82416001
0.12127835
0.64444957
0.8105039
0.43603591
0.7031755
0.88520615
0.3927608
0.8654295
0.63115562
0.08081752
0.02981163
0.94852089
0.89075906
0.62389894
0.13350794
0.61599804
0.20595342
0.23533475
0.2599502
0.95777783
0.78832303
0.42856195
0.01971615
0.65491684
0.28636204
0.49340483
0.90008023
0.18690321
0.30649923
0.81102588
0.14556242
0.27143549
0.31782273
0.60190343
0.1404219
0.28458855
0.9693269
0.2530171
0.78525319
0.16207142
0.39693603
0.64211914
0.11217544
0.23598518
0.36567387
0.15274135
0.48110436
0.64473438
0.46580591
0.85277788
0.81816123
0.19296631
0.58669371
0.50937729
0.27458073
0.32018807
0.84861771
0.66239089
0.495863
0.15719571
0.13694155
0.27595476
0.57472451
0.3591397
0.92040101
0.18857419
0.72088657
0.37351077
0.1200997
0.74371206
0.27294591
0.22883373
0.72690972
0.41202494
0.43338484
0.10964689
0.41600804
0.06525448
0.92324625
0.34074528
0.42304355
0.67518848
0.10856643
0.68768318
0.17558617
0.71998655
0.65798518
0.5532359
0.63303761
0.86854356
0.23649973
0.02045147
0.09765639
0.88835119
0.09678997
0.89531388
0.2656196
0.61617807
0.10174348
0.61399596
0.15071744
0.1179704
0.28123413
0.02859436
0.34877925
0.31637965
0.75355947
0.77770568
0.76600629
0.32912602
0.76637111
0.75613598
0.95437701
0.62173116
0.28161356
0.77600724
0.24484986
0.75564656
0.70251468
0.80413968
0.96937755
0.5154303
0.48750304
0.7967862
0.84434198
0.63943919
0.48916126
0.14522406
0.81563364
0.83393481
0.23897106
0.66530162
0.51119589
0.46134973
0.83285227
0.56728537
0.86554494
0.31191689
0.20421057
0.08712383
0.73042113
0.76503249
0.64679192
0.35733493
0.62076604
0.83180919
0.66689743
0.54747145
0.52013083
0.60744343
0.00618227
0.44020371
0.83549193
0.25817528
0.70431964
0.63474707
0.55818107
0.48788236
0.00553027
0.32927343
0.08279892
0.66617024
0.77880225
0.29611292
0.84466616
0.3999508
0.24828201
0.39060782
0.72318939
0.57927855
0.55332017
0.8973139
0.8464868
0.72248086
0.97025673
0.65400356
0.37282447
0.53913067
0.34632808
0.90529733
0.51979329
0.82708545
0.25208873
0.51920507
0.51380577
0.64244022
0.65782736
0.25943229
0.82354814
0.55072052
0.95379492
0.195454
0.4739068
0.73350868
0.39231592
0.971038
0.6358454
0.70618959
0.88864757
0.73703498
0.16104482
0.80025401
0.82548667
0.71381519
0.33007994
0.02856375
0.79364481
0.84296386
0.5143124
0.72200958
0.87354838
0.90649665
0.49751883
0.45584528
0.75711461
0.51832661
0.08555856
0.1353956
0.91825304
0.48907163
0.79216967
0.54271288
0.2093964
0.23302746
0.64274578
0.32642767
0.12566616
0.69824556
0.17839151
0.28989989
0.34132904
0.81541337
0.7780606
0.48419803
0.74998989
0.09935198
0.92028988
0.12173635
0.32750642
0.42455285
0.25271551
0.4573933
0.16862282
0.96896089
0.73624829
0.07910105
0.26571135
0.67137413
0.91165802
0.15180341
0.34152989
0.36843182
0.76077039
0.16893229
0.26566292
0.30422328
0.28879168
0.74968915
0.41416712
0.20372828
0.8998099
0.31666764
0.43398267
0.07556213
0.2657087
0.96342418
0.17322631
0.06080086
0.44028433
0.74475594
0.39684303
0.33900002
0.91430665
0.12067088
0.27884519
0.94060845
0.33466273
0.0598709
0.80520038
0.2643589
0.41290266
0.10063558
0.69891642
0.57699083
0.43969698
0.95662055
0.55086456
0.21911124
0.49724842
0.70757303
0.80398403
0.28088881
0.67537672
0.98818274
0.0686861
0.5154757
0.11557398
0.1632827
0.00367026
0.04598671
0.69012258
0.76766957
0.09141476
0.02865217
0.94292745
0.88777939
0.43002312
0.78324972
0.53714416
0.66935079
0.45524364
0.50189557
0.38531714
0.23819953
0.29304382
0.84354368
0.30395837
0.94816348
0.70314081
0.01620071
0.86529818
0.14188129
0.27902162
0.28466261
0.42560458
0.40779282
0.45651436
0.62761898
0.52232108
0.73426028
0.43495087
0.66639632
0.19414128
0.06346792
0.45005537
0.41751986
0.38853491
0.96313716
0.82789831
0.35587096
0.30861079
0.15208802
0.47858083
0.00666221
0.21029074
0.2208932
0.19535368
0.75656888
0.80589651
0.75725401
0.20506184
0.52232681
0.0645643
0.88042254
0.46986834
0.47462204
0.48581298
0.24549704
0.45979641
0.61827899
0.69065575
0.43389788
0.62168794
0.84783283
0.85285671
0.83129197
0.33430838
0.4947482
0.79781721
0.87074053
0.14434042
0.10630642
0.90229513
0.10532695
0.0443192
0.61679045
0.13123056
0.06504399
0.75463241
0.17955862
0.41974652
0.17821176
0.83535824
0.2553691
0.45418866
0.02828678
0.94306474
0.33394982
0.11525881
0.59900041
0.63166844
0.52742216
0.01208394
0.03505808
0.92034633
0.85954462
0.15646565
0.76352111
0.14832439
0.39836078
0.17630965
0.70429986
0.47132345
0.55579652
0.68328681
0.86964716
0.55667132
0.19203686
0.49414519
0.59501506
0.5654525
0.15235379
0.2879966
0.62377914
0.72365226
0.91216614
0.91187638
0.86241141
0.82618915
0.64994178
0.85687767
0.06181801
0.3268704
0.74780494
0.31391716
0.5269267
0.62827089
0.01453274
0.90826443
0.47601631
0.4006119
0.48374707
0.47329751
0.07891678
0.83095563
0.33378709
0.00130691
0.1031621
0.95827359
0.65857568
0.6368891
0.81836914
0.44673262
0.48530765
0.74562724
0.59843889
0.17552174
0.4280839
0.65278677
0.07141961
0.54556535
0.51723043
0.5773986
0.31532901
0.01455459
0.2819273
0.84112707
0.17664687
0.68762434
0.18373916
0.91833336
0.83240288
0.85524747
0.55661851
0.50901925
0.78939064
0.87710753
0.36270102
0.56401728
0.7265751
0.06134307
0.36725463
0.42625283
0.7035595
0.51020119
0.03260092
0.88951782
0.26319568
0.93139844
0.98445113
0.41614244
0.39587531
0.27333882
0.73142235
0.9031625
0.30625883
0.03294891
0.05068239
0.68510484
0.12242101
0.64242678
0.45363619
0.47604291
0.6026632
0.87007848
0.75749238
0.87044086
0.15528819
0.78136685
0.32214791
0.06161329
0.16638342
0.72440077
0.34559674
0.76656996
0.22237191
0.01558475
0.39229466
0.02171343
0.58085423
0.41803849
0.16386426
0.2418992
0.40264859
0.84364765
0.80701715
0.06506054
0.09017827
0.25586329
0.16507474
0.19534399
0.037188
0.53936577
0.53083841
0.58578689
0.39503124
0.49962547
0.44257299
0.60611636
0.49529219
0.06616127
0.40594222
0.14163047
0.36523911
0.59718589
0.3169378
0.71919752
0.8320852
0.28028459
0.60967357
0.24634356
0.62856617
0.85850262
0.03063094
0.77142124
0.71987846
0.27027785
0.47449953
0.79934696
0.52061743
0.53285127
0.41618504
0.28745768
0.22709685
0.00359991
0.26213615
0.90576811
0.2726073
0.42973325
0.11192136
0.6540088
0.20473818
0.57702234
0.83478204
0.03719746
0.01485846
0.42963632
0.02939915
0.71603354
0.01402542
0.44518307
0.11715113
0.30512232
0.04036875
0.97391795
0.16841774
0.68161001
0.59464645
0.35765362
0.45741984
0.81384678
0.16097495
0.84154011
0.15785333
0.46260812
0.10773782
0.8719634
0.7926572
0.18565063
0.13094385
0.3731145
0.66078344
0.89874504
0.30796976
0.13822303
0.53764299
0.35573429
0.4685092
0.00526885
0.95150263
0.1873694
0.87444455
0.10526208
0.17822159
0.75474504
0.66171392
0.58072671
0.1776948
0.22298831
0.57331073
0.47054823
0.40610216
0.11211135
0.79737883
0.60549971
0.43543395
0.59674014
0.9883658
0.3806066
0.79389509
0.17562639
0.68174315
0.13294615
0.55060406
0.19488592
0.04120429
0.46004432
0.55159859
0.6783489
0.0548637
0.44232855
0.89644608
0.28661412
0.78039685
0.28513947
0.09128218
0.13114751
0.51776501
0.83114484
0.24746791
0.13459054
0.17132846
0.63881858
0.21623152
0.46958791
0.85820323
0.71707545
0.36996522
0.23484335
0.68219539
0.16701476
0.4381001
0.16654947
0.53640814
0.7632387
0.33433656
0.89446941
0.02607323
0.39497308
0.94936609
0.09366627
0.67392411
0.80424836
0.34882809
0.86366297
0.58555334
0.60792009
0.54191293
0.65745109
0.15381932
0.89356132
0.86380025
0.22263415
0.00594477
0.71800592
0.05690847
0.08491561
0.82302902
0.5461379
0.26060337
0.38112599
0.84056915
0.68654507
0.79964999
0.08050834
0.6896635
0.55398739
0.47522154
0.21442822
0.07390579
0.80423151
0.53016808
0.79775823
0.09435626
0.04985844
0.31026143
0.27515265
0.46111133
0.0439428
0.07837207
0.36696169
0.1106383
0.04731194
0.26517399
0.35931672
0.57560322
0.05007287
0.6351137
0.54657293
0.00354191
0.33003163
0.77276149
0.37254963
0.05320809
0.27472706
0.61582128
0.4953019
0.49166316
0.46468616
0.65736954
0.18378362
0.05092749
0.1736215
0.27550214
0.91592853
0.47381705
0.28618924
0.19912653
0.44593489
0.46783781
0.3919281
0.27709623
0.76196126
0.46015891
0.81091321
0.6013367
0.87695266
0.59868472
0.84389827
0.93065777
0.08098324
0.40767701
0.1753174
0.56857452
0.96862595
0.38598253
0.15723364
0.00568003
0.24140295
0.29095248
0.15123036
0.48036624
0.09767768
0.39098988
0.12454274
0.73953831
0.61895299
0.17212552
0.95244952
0.60891362
0.17634611
0.06442289
0.20017869
0.62324922
0.93956807
0.88024037
0.88641721
0.2890138
0.52485143
0.56847601
0.81510484
0.107696
0.94501033
0.15140741
0.70477617
0.10945748
0.27251815
0.33008906
0.18661769
0.8212804
0.33301391
0.90203188
0.74158812
0.90623196
0.8487426
0.27670792
0.27748381
0.09724055
0.65057853
0.06660215
0.5576909
0.72754523
0.00251039
0.66074771
0.08003673
0.73911512
0.15270818
0.13797422
0.00485247
0.39932064
0.3016069
0.60780696
0.17707342
0.1746964
0.76170762
0.31451385
0.00462983
0.07728549
0.66117062
0.01911764
0.29400478
0.16997881
0.15169788
0.55858733
0.25602644
0.56692527
0.34869952
0.15884444
0.25355124
0.47060857
0.02147439
0.20365017
0.80569421
0.37506782
0.95914384
0.79028085
0.46769598
0.98858779
0.10533164
0.76021367
0.91906697
0.37137192
0.61529964
0.80681732
0.72649691
0.7094329
0.90977004
0.08981299
0.45235447
0.56604081
0.43061613
0.72697387
0.35787815
0.60603923
0.79976825
0.02977088
0.57652254
0.34239245
0.74606165
0.82360753
0.70316994
0.76073137
0.12816707
0.49739358
0.09944602
0.46521113
0.90411999
0.17378539
0.9234859
0.71457551
0.66141541
0.63419747
0.90869643
0.65008202
0.19585572
0.21982734
0.66285357
0.42219447
0.73580196
0.49070243
0.31717479
0.5871064
0.50175693
0.88873366
0.22584711
0.09541667
0.97090446
0.67084761
0.55998245
0.82403523
0.48659594
0.90894798
0.96380849
0.96203825
0.51003563
0.22016356
0.08019263
0.65570213
0.32669331
0.65371479
0.42405232
0.32117802
0.49169114
0.10827586
0.05365273
0.82506513
0.96416981
0.58687436
0.96949774
0.17218331
0.61709154
0.9003197
0.00712062
0.51684877
0.79593199
0.12514952
0.65856548
0.09200009
0.48273703
0.14220844
0.72055723
0.03640227
0.20790356
0.60663287
0.70400302
0.3113084
0.27234847
0.01047604
0.67270442
0.23896031
0.60619257
0.57794837
0.19326005
0.37073986
0.51593985
0.95493557
0.88042589
0.53807285
0.98047475
0.39433485
0.01119398
0.51430224
0.05982675
0.80149649
0.6282816
0.66403014
0.71864611
0.3859013
0.37540737
0.02529343
0.41816346
0.46035973
0.89778322
0.58948488
0.64878699
0.69408163
0.85680629
0.19266736
0.30997145
0.49029443
0.778806
0.87752396
0.59732112
0.80136196
0.36113484
0.47581546
0.89362466
0.17148657
0.53677081
0.32356396
0.07779084
0.64249532
0.52704139
0.54084096
0.71016042
0.6672915
0.35263292
0.2989588
0.77847349
0.00771808
0.11153109
0.39573109
0.36331313
0.20921743
0.63260271
0.16414498
0.17131216
0.35755385
0.56204421
0.81875437
0.8914945
0.79968668
0.32637113
0.47038147
0.28630353
0.43925026
0.61452096
0.38442465
0.8941902
0.81829502
0.39334599
0.50161865
0.70250808
0.10852462
0.66418893
0.83015857
0.79100647
0.53064292
0.68824451
0.13083646
0.0659256
0.51917114
0.63197374
0.31953193
0.69754341
0.94332288
0.65253072
0.6675633
0.28121638
0.62993429
0.29695932
0.44178909
0.46042193
0.97953106
0.83620759
0.06097631
0.0957819
0.30621315
0.81129301
0.24372495
0.24963198
0.90049506
0.29585755
0.68679906
0.33204395
0.57136116
0.47471662
0.29592772
0.53725189
0.50245318
0.26794799
0.73721224
0.61911199
0.22406482
0.48046223
0.2202177
0.14739399
0.91862936
0.69993392
0.71196117
0.51596905
0.35119364
0.42201623
0.78523212
0.36541965
0.06130736
0.3350676
0.27313969
0.696686
0.75008615
0.27731133
0.06838865
0.26851315
0.79116089
0.82935265
0.70457693
0.25523805
0.62751238
0.53757791
0.91181948
0.38244369
0.92090967
0.77981832
0.02477938
0.55361391
0.20371073
0.25798007
0.5749998
0.73843239
0.67359983
0.06076057
0.38904658
0.81185102
0.84530411
0.93584142
0.16403522
0.22019598
0.76932548
0.43878916
0.18127226
0.11323277
0.90086015
0.54900113
0.74911672
0.49911811
0.61616715
0.48293179
0.66389068
0.42632087
0.34861085
0.81265734
0.82400303
0.09299418
0.28645536
0.49076614
0.68387535
0.56204179
0.90797933
0.60367775
0.96136004
0.48224431
0.27575387
0.93031202
0.67529546
0.87555738
0.84343624
0.11974294
0.89253228
0.82283417
0.88570278
0.63569062
0.48309201
0.90591493
0.97151516
0.96332411
0.61648605
0.64619656
0.25457936
0.13224938
0.19993592
0.0451249
0.14712231
0.52372036
0.45043959
0.28420374
0.26662396
0.6491465
0.0534614
0.72775183
0.60286872
0.58654473
0.02604767
0.66511853
0.79557371
0.2223903
0.23629633
0.90709272
0.67874427
0.39706455
0.0213435
0.48596446
0.0091603
0.95177182
0.77410518
0.40646173
0.85112253
0.73833337
0.13347726
0.44670158
0.22365146
0.56391056
0.05025733
0.40188144
0.68391012
0.50804143
0.95108562
0.02057513
0.23365443
0.09185594
0.40072252
0.52037247
0.49519134
0.30070959
0.85887632
0.73809812
0.07146542
0.67414641
0.44783268
0.66902513
0.22590331
0.4305012
0.22709274
0.20876493
0.42196347
0.5346004
0.50094512
0.11329325
0.2610087
0.88069551
0.253528
0.82999968
0.31909759
0.34685729
0.34077581
0.14550179
0.27023732
0.20295572
0.40576554
0.35827039
0.339154
0.29075733
0.90667804
0.59992678
0.7128746
0.8557192
0.7916883
0.25138841
0.18114888
0.83090512
0.35829553
0.23459963
0.62845067
0.54208121
0.299673
0.61489511
0.33467945
0.3552785
0.38455031
0.7010382
0.02519183
0.71833101
0.83918653
0.83577186
0.59989735
0.36455168
0.25861524
0.58780328
0.55106538
0.27086727
0.78131349
0.50586932
0.6833222
0.79859944
0.65872348
0.33302852
0.22971621
0.53902878
0.79119793
0.50146373
0.19332343
0.00134943
0.31395374
0.79588924
0.18851145
0.44044299
0.77609419
0.64059501
0.20441007
0.22482094
0.22539558
0.38679112
0.83879293
0.13606735
0.25332684
0.0235586
0.91832313
0.00259956
0.29901231
0.04914815
0.09289367
0.96412916
0.09772592
0.06755781
0.03248056
0.41187119
0.89207455
0.62278119
0.0085811
0.52837306
0.19600151
0.50866895
0.53056167
0.79868291
0.45270223
0.43351419
0.81834935
0.40346467
0.32978208
0.60687513
0.35853924
0.19659597
0.32745134
0.66207451
0.67723755
0.28193436
0.55411518
0.32103093
0.29595996
0.71211035
0.00804324
0.15887194
0.37295774
0.39592749
0.46183855
0.7755796
0.21213899
0.79897056
0.56089551
0.98091106
0.74896431
0.1156507
0.74256793
0.605908
0.29766216
0.27379603
0.38994145
0.57410928
0.17877227
0.95042971
0.91258567
0.90731504
0.01627701
0.10936211
0.80706344
0.19665568
0.0747146
0.40040092
0.07604704
0.40679896
0.8403969
0.56254229
0.08633972
0.12118893
0.98101831
0.51950534
0.72331349
0.02308284
0.66588445
0.45114691
0.63322446
0.97870264
0.50738577
0.56647488
0.97040398
0.42570612
0.90167382
0.75025178
0.35550226
0.25505334
0.21693907
0.28761402
0.14946443
0.32983575
0.16670245
0.70127719
0.72721492
0.73704083
0.67945597
0.61564583
0.68693286
0.70424673
0.54699984
0.11596608
0.07924533
0.39629631
0.89645572
0.64702661
0.458946
0.01622653
0.78490631
0.79529279
0.01660159
0.32204837
0.57882681
0.6483519
0.32602531
0.63776427
0.88378707
0.73959944
0.51272244
0.1586584
0.82069731
0.89649921
0.56425833
0.24683462
0.73315376
0.03874744
0.74070862
0.54283816
0.41663069
0.25168109
0.38882529
0.66000208
0.33082216
0.80252379
0.63068646
0.81453056
0.84875417
0.79339394
0.41767165
0.33319523
0.75756614
0.04278456
0.43841196
0.91908531
0.60726457
0.94398808
0.49590746
0.75709734
0.14114544
0.26567153
0.94363924
0.65672396
0.41685711
0.3590926
0.07391223
0.09832373
0.93396422
0.90637173
0.91431875
0.89733755
0.42366892
0.21457577
0.06803439
0.56008438
0.69660721
0.45141701
0.04346805
0.81456628
0.45665398
0.74010101
0.34540465
0.79612772
0.78027257
0.65677369
0.75976811
0.95580278
0.31715819
0.17777228
0.98903932
0.22204363
0.39727489
0.11299829
0.29502422
0.15400949
0.38474074
0.49028188
0.07620454
0.63321626
0.57878023
0.66821325
0.13871074
0.14123235
0.40054343
0.82525992
0.5466034
0.43271457
0.47426669
0.46405826
0.33835918
0.72091844
0.56421182
0.71499989
0.51313622
0.5830422
0.40818695
0.46711701
0.60739847
0.49442808
0.58617868
0.76419445
0.13353315
0.03217468
0.60477358
0.88301128
0.4786641
0.3699207
0.14746078
0.8782309
0.00870515
0.20063891
0.26086878
0.01292672
0.83546761
0.74984219
0.11848977
0.28348083
0.91608221
0.04202097
0.45809496
0.19400878
0.15604815
0.11929008
0.55073439
0.86719432
0.02934061
0.88288274
0.64879063
0.18047504
0.78253335
0.94781956
0.68896788
0.97688793
0.63849812
0.61662482
0.48552803
0.12877121
0.03225684
0.2998715
0.58912167
0.94080261
0.27082865
0.55285012
0.6539794
0.77731424
0.79173088
0.93546776
0.63456668
0.37701713
0.67655492
0.80170049
0.22314492
0.5747685
0.62628778
0.55527106
0.74887668
0.65300195
0.32904947
0.92110715
0.39249852
0.29335349
0.43593806
0.07906762
0.72093988
0.27757064
0.11083816
0.30197057
0.58262913
0.77667879
0.03411234
0.06506422
0.53813046
0.00244648
0.00300719
0.9504722
0.0143502
0.9014923
0.24157153
0.67973786
0.27778524
0.8259876
0.49682721
0.64673749
0.65804327
0.56726304
0.40644678
0.49374669
0.14086299
0.63209832
0.23986179
0.88861886
0.12992476
0.4632364
0.78538951
0.75296339
0.05668218
0.00746584
0.47654381
0.49638298
0.954724
0.71470221
0.8134332
0.60365546
0.94459519
0.16990507
0.80345026
0.18097774
0.91291837
0.0029164
0.73436572
0.43413524
0.85360638
0.5929921
0.32458661
0.86306042
0.68706703
0.87944166
0.12700671
0.95847101
0.8435762
0.81500969
0.62183723
0.36467947
0.53706378
0.85197204
0.10312804
0.4393742
0.75764777
0.27722535
0.57421784
0.84370405
0.91873253
0.66699674
0.597077
0.54620983
0.91074779
0.4649458
0.00428628
0.82874363
0.96861447
0.82251703
0.89166388
0.03046777
0.70632355
0.93473273
0.39210499
0.6074953
0.62464088
0.65012463
0.36307334
0.34685201
0.16830601
0.438707
0.09594548
0.9786649
0.0182299
0.26084107
0.53963565
0.52658481
0.67987271
0.88460164
0.58599135
0.8334728
0.61333176
0.38849599
0.54229301
0.02078359
0.19253402
0.02424177
0.27169071
0.13021198
0.60710231
0.52921444
0.43317966
0.04135015
0.54175657
0.17226672
0.50654781
0.95004247
0.60354896
0.72106065
0.41326767
0.84698815
0.86930704
0.05163213
0.98156649
0.3500015
0.54802726
0.37462737
0.12409329
0.29558882
0.41691021
0.637455
0.78717343
0.90788023
0.12206274
0.4888536
0.4568837
0.81036442
0.41395879
0.25681644
0.54836729
0.47791782
0.6244787
0.36820256
0.98987122
0.24858234
0.80756749
0.37675127
0.76362476
0.5782199
0.23462808
0.51037878
0.89795604
0.92147537
0.22596944
0.971046
0.27269049
0.7916248
0.37412365
0.4172124
0.10517914
0.9321895
0.41079429
0.64220684
0.16506552
0.93881648
0.90501402
0.97056474
0.68236761
0.88475477
0.94820136
0.74617931
0.10584557
0.57027805
0.67265086
0.03163155
0.91394042
0.2672563
0.61023955
0.0803053
0.4721251
0.60298275
0.55708118
0.87519837
0.05417549
0.34861416
0.07928518
0.55461798
0.84892404
0.62834875
0.17122866
0.29497947
0.74523286
0.49138797
0.60396128
0.15352765
0.93109696
0.6313775
0.01188621
0.71560964
0.42194303
0.14106302
0.24013193
0.78143175
0.50551667
0.5025496
0.78059687
0.17706404
0.28806169
0.44657861
0.5877714
0.93149752
0.62687798
0.18939542
0.07041307
0.8708223
0.17489271
0.41475589
0.21843722
0.28011241
0.72418307
0.24978702
0.53572052
0.04654079
0.76166771
0.53232554
0.0725404
0.02719406
0.46741063
0.02724973
0.61082388
0.36074588
0.89800925
0.60719424
0.630553
0.16470415
0.96712975
0.21213844
0.47592055
0.75786338
0.65047664
0.52647243
0.06145535
0.61637996
0.6672394
0.58745535
0.12042416
0.3109945
0.73405545
0.62026981
0.72606082
0.23650274
0.17756894
0.51354937
0.17050884
0.75501614
0.95403442
0.74165766
0.73234908
0.49990109
0.58534341
0.87868927
0.36828142
0.81080887
0.70086992
0.98997743
0.61581428
0.86051936
0.93967898
0.0237602
0.44123072
0.79857166
0.63863088
0.20422202
0.67504345
0.81133542
0.04909848
0.86400018
0.36503052
0.36980806
0.60186908
0.21539946
0.20549371
0.94501167
0.76109045
0.4461089
0.60658031
0.7852819
0.25726035
0.75910668
0.68082672
0.48013022
0.1820118
0.42379947
0.1905842
0.22076246
0.24225633
0.27325296
0.32166656
0.58746691
0.38691086
0.33575693
0.70495116
0.90794575
0.57354217
0.37807058
0.76308992
0.52419979
0.82130663
0.60079964
0.186394
0.45788904
0.04584641
0.53397472
0.58118062
0.16811169
0.78389547
0.83722583
0.56106496
0.91933569
0.82280178
0.90500751
0.55605588
0.39835606
0.89076117
0.22086901
0.81160597
0.71848725
0.92816032
0.03338792
0.22645585
0.56595661
0.87473865
0.07256566
0.94851265
0.49195553
0.82431525
0.88532888
0.7470963
0.08191744
0.9884054
0.59500698
0.45725833
0.45495207
0.16563283
0.21579607
0.68873973
0.08627271
0.09938434
0.83033059
0.9725386
0.11206564
0.72854176
0.10014418
0.73686774
0.33136498
0.27923812
0.65368456
0.88870396
0.74002057
0.62941642
0.85784626
0.10006417
0.13556003
0.75427275
0.5796878
0.69509717
0.55303334
0.80180324
0.67492433
0.09925217
0.07644119
0.85272623
0.58958719
0.41465117
0.90644875
0.18804644
0.18563747
0.68983504
0.81862592
0.87520533
0.24416429
0.68607807
0.61290981
0.80948611
0.77289347
0.92142203
0.77834202
0.36302156
0.91870875
0.18366055
0.81927413
0.59039826
0.89337602
0.37921397
0.62351977
0.88441843
0.55908723
0.07135753
0.13283786
0.00830254
0.79872452
0.97658148
0.34833127
0.63290382
0.16139972
0.0058734
0.25266096
0.54891288
0.19258693
0.66927051
0.41316805
0.75681128
0.59793863
0.10521198
0.32608406
0.74540279
0.76421464
0.28550462
0.30273854
0.15965781
0.43456014
0.11658396
0.32725051
0.28218326
0.78807766
0.25020208
0.8528254
0.09522629
0.92414466
0.26343227
0.64490642
0.23955336
0.10796333
0.06032909
0.70746113
0.43247882
0.87117188
0.58758289
0.21836623
0.86841594
0.70032933
0.86851843
0.61831809
0.02531691
0.39021657
0.35286663
0.87313504
0.90910415
0.60603005
0.95907073
0.83723588
0.43868171
0.96553381
0.37383571
0.83182727
0.55084213
0.65968807
0.46978799
0.51377369
0.1552341
0.19367538
0.60413472
0.07583597
0.10926907
0.54119012
0.53604507
0.30859715
0.36510608
0.88389824
0.74422144
0.25200691
0.84334377
0.05927858
0.80453959
0.88090781
0.80858913
0.49543682
0.45215264
0.92865199
0.29780104
0.5459005
0.19080531
0.13443052
0.28881701
0.87617641
0.70053756
0.07198842
0.20192262
0.80390646
0.51523708
0.37656682
0.13566328
0.52953117
0.01880643
0.53292289
0.00045086
0.14934681
0.47613963
0.03190983
0.4314812
0.16325584
0.42825102
0.49111082
0.64707215
0.97228377
0.00308657
0.3719843
0.69199069
0.53795249
0.15809179
0.72176778
0.69343472
0.95490876
0.87160946
0.85568305
0.87944633
0.02329992
0.13197528
0.47182009
0.71514697
0.87809861
0.09696952
0.78835763
0.08661925
0.831336
0.76744711
0.02668638
0.5741729
0.36182184
0.94816043
0.22533048
0.85695828
0.65885762
0.7814512
0.8687575
0.35541714
0.39701382
0.04626716
0.25461629
0.72863979
0.30025354
0.67646682
0.34135387
0.66216735
0.87723646
0.54451222
0.11793137
0.04025208
0.107704
0.75348785
0.09554708
0.4596458
0.82596556
0.51142454
0.88095946
0.96897021
0.4581214
0.54907601
0.44448832
0.0359505
0.66102732
0.70288348
0.84956929
0.83301165
0.63741592
0.75923815
0.03278577
0.37921403
0.43344458
0.46378236
0.040427
0.40414441
0.44399882
0.06000937
0.51454793
0.77157651
0.09375979
0.73726614
0.79220889
0.1963426
0.25638617
0.43528061
0.0373992
0.83855108
0.60376375
0.71733049
0.00670259
0.87059825
0.61987419
0.92906496
0.68854174
0.85047603
0.84395562
0.97710891
0.59772546
0.55617506
0.14131721
0.24538705
0.9469569
0.94947423
0.91480683
0.72975417
0.49349672
0.8053779
0.63002346
0.44664445
0.11744005
0.06136129
0.86845534
0.45997532
0.81967515
0.9492339
0.6458847
0.27954421
0.01043619
0.64850949
0.96668503
0.35546006
0.1798197
0.2861484
0.44817546
0.61179189
0.20600815
0.43521243
0.39435811
0.1062899
0.02159954
0.67801315
0.14726756
0.55514325
0.0819831
0.41794805
0.92178112
0.020418
0.44807035
0.49465582
0.33351605
0.43006899
0.80985611
0.82619239
0.97867824
0.40661277
0.0275115
0.09598694
0.37537623
0.82457108
0.18161854
0.35703161
0.32773703
0.48542739
0.51111051
0.64577415
0.08086581
0.08048592
0.30728108
0.67053098
0.33764407
0.71013777
0.76179451
0.69895546
0.40744045
0.62680492
0.51818092
0.63606015
0.46170142
0.44509453
0.0520228
0.34778734
0.6450697
0.50357517
0.62191236
0.72111737
0.75499862
0.11181117
0.98149673
0.04905617
0.07199076
0.08591376
0.12601807
0.20319186
0.61346445
0.79707327
0.13713052
0.42455976
0.90750647
0.9460735
0.6582768
0.47212905
0.57038877
0.05137037
0.88621981
0.66683531
0.83270934
0.91254599
0.17002045
0.55129398
0.7025821
0.71399074
0.2582025
0.29026347
0.00502264
0.44001508
0.70457593
0.04712673
0.58455062
0.36194737
0.34913365
0.82294408
0.92814119
0.28311954
0.38266586
0.65963396
0.19785727
0.65616313
0.09801396
0.62347653
0.73896574
0.51312602
0.85996475
0.21213435
0.32655998
0.64084174
0.05946279
0.83100871
0.19383437
0.25332432
0.9524824
0.20744705
0.67186005
0.37666734
0.15316836
0.61759962
0.79423201
0.68637371
0.47838713
0.83493115
0.1554317
0.64228869
0.78465497
0.20476124
0.41161065
0.93822712
0.1821424
0.67668588
0.49118076
0.48443255
0.35986147
0.48426051
0.13751516
0.15674317
0.20692091
0.25053299
0.96210474
0.554003
0.13664666
0.46237458
0.29720395
0.78510931
0.818488
0.43571045
0.25403745
0.03720708
0.56286938
0.26017659
0.02116893
0.3149048
0.96378793
0.22676649
0.47698096
0.09829879
0.87358696
0.23271144
0.1084
0.41552395
0.97537918
0.64570466
0.7863845
0.74852659
0.1861451
0.16194076
0.96288222
0.70768379
0.27055101
0.23760767
0.09179492
0.92422082
0.73127877
0.95537387
0.42711824
0.49070625
0.23420339
0.0319436
0.64254124
0.08774419
0.41443987
0.82992209
0.5926434
0.01853177
0.87102007
0.26113617
0.98815746
0.81149625
0.00028677
0.1597168
0.00756872
0.03414908
0.01117697
0.38159432
0.76682785
0.32313347
0.35795389
0.84719558
0.43967044
0.86664928
0.18521874
0.91330143
0.90460123
0.74608598
0.94163996
0.38319504
0.40593121
0.50859815
0.52383552
0.17386067
0.55651857
0.69785059
0.43952675
0.69548206
0.00493479
0.09833294
0.06046627
0.32745851
0.92068491
0.7728008
0.62642629
0.01845196
0.27731138
0.12190676
0.84607231
0.71508668
0.85135253
0.79438104
0.33214604
0.29234636
0.63946492
0.11650523
0.27232845
0.62417064
0.83375662
0.67245917
0.92803269
0.22784816
0.83744152
0.59712553
0.6363459
0.07041928
0.74120752
0.77241954
0.50236735
0.48714174
0.73279234
0.90249714
0.35054742
0.5763
0.74042621
0.73137393
0.36187706
0.26317037
0.25393369
0.8293968
0.96874763
0.33759631
0.80346128
0.2527081
0.16465807
0.93931981
0.76596979
0.95796301
0.83918279
0.5351306
0.00631463
0.85804923
0.5550418
0.98948757
0.55354693
0.69670502
0.85288539
0.16632607
0.21231777
0.24834323
0.74209025
0.58084676
0.93167399
0.95555446
0.52570564
0.91251235
0.74505275
0.40881929
0.46618937
0.16744433
0.58297252
0.0554183
0.29700507
0.56916717
0.40606899
0.28057198
0.82040284
0.13882051
0.70814465
0.930781
0.31286271
0.20998108
0.41058062
0.12207943
0.52283742
0.54939823
0.97043112
0.47344856
0.45896794
0.61602976
0.4162136
0.15384569
0.25847715
0.98553904
0.14226728
0.86960918
0.22222328
0.27394189
0.15736909
0.25094507
0.64045813
0.10115419
0.1207999
0.4659385
0.66451992
0.72335532
0.12050111
0.72856372
0.06503716
0.60740816
0.80635637
0.03987815
0.85401166
0.33139885
0.36978626
0.42500491
0.57106589
0.38760361
0.34620691
0.1147286
0.4566791
0.34477708
0.68578004
0.82909302
0.80056196
0.55962967
0.93648108
0.60199286
0.34522571
0.88810482
0.39029119
0.39499525
0.57692302
0.66431592
0.87017847
0.12239877
0.39989645
0.75478528
0.21195221
0.13612081
0.91168215
0.24146012
0.58433353
0.90827239
0.53424042
0.71955562
0.15490711
0.96138634
0.53312328
0.84753451
0.41461257
0.24429242
0.6566794
0.01589137
0.30601262
0.60402435
0.00661886
0.9210407
0.41908832
0.96551734
0.49489227
0.01590354
0.81218702
0.34545329
0.78091511
0.10522108
0.16262864
0.36499215
0.14627761
0.83291668
0.20300377
0.59332886
0.62087151
0.59682921
0.95891594
0.32616496
0.67392252
0.68709737
0.67638216
0.07517489
0.72132751
0.78303503
0.01041996
0.72921137
0.8127267
0.84965202
0.65250809
0.29028343
0.09950801
0.92684924
0.64410929
0.83972565
0.66826675
0.971255
0.68801156
0.69835155
0.43708073
0.65444857
0.18572306
0.72834762
0.73547943
0.65844343
0.42009954
0.6110509
0.74863059
0.198468
0.30803556
0.64058287
0.17940051
0.23339382
0.83911361
0.73347664
0.21604589
0.46376868
0.85771707
0.0751171
0.15507278
0.10814244
0.26632139
0.46170652
0.48988124
0.93825248
0.2304811
0.91519109
0.50355568
0.27341414
0.07590078
0.14647899
0.97516066
0.33471319
0.78614426
0.94938179
0.9594464
0.56297269
0.29373763
0.47253362
0.63512905
0.91923451
0.37838798
0.83786677
0.63988878
0.05863562
0.81927119
0.25626705
0.38076832
0.34881267
0.46177034
0.05145957
0.36956271
0.7699464
0.16239492
0.92837952
0.4567551
0.27030511
0.8897769
0.1580518
0.37781925
0.71246993
0.17480763
0.55712053
0.76649248
0.00949104
0.07755869
0.26486974
0.93876573
0.1000146
0.04831476
0.57777325
0.5376059
0.56923395
0.84879364
0.48706656
0.95852798
0.89669929
0.16429593
0.5763708
0.57352149
0.36823481
0.43602381
0.13840451
0.46427621
0.25069412
0.79029211
0.72701199
0.42184235
0.12110483
0.51021327
0.12378423
0.83956105
0.37502232
0.33694582
0.61607958
0.63066815
0.42210362
0.74874571
0.0221291
0.2044557
0.25346304
0.23342822
0.26537979
0.19041068
0.78663973
0.09861449
0.53675154
0.62188004
0.67389582
0.20898094
0.86625622
0.36456939
0.09686864
0.9283444
0.10164461
0.38074633
0.85580795
0.29238558
0.78571774
0.91575123
0.00200046
0.34274423
0.32799079
0.34282101
0.34862472
0.78259077
0.27691446
0.27666098
0.2076838
0.05579337
0.43699159
0.1243918
0.67807447
0.12511307
0.49119803
0.71551572
0.44842937
0.54574238
0.26084882
0.38869191
0.10570742
0.32293059
0.17270316
0.66789639
0.52493656
0.19264232
0.52177783
0.72747298
0.00014282
0.85995951
0.50525683
0.77296791
0.25247293
0.62358551
0.35433546
0.45106202
0.66232114
0.60645263
0.70730732
0.78940836
0.55222555
0.98062645
0.0005982
0.02360354
0.24479102
0.46287975
0.01351375
0.14935833
0.09638618
0.97241354
0.79646618
0.09087405
0.60508182
0.17506591
0.00377764
0.75465874
0.98001601
0.85535955
0.18603004
0.11130565
0.97570984
0.69931104
0.73213635
0.08177886
0.77358664
0.22330739
0.22920151
0.48419105
0.04325685
0.26484808
0.78525314
0.90765167
0.64521545
0.85901438
0.33534027
0.98490705
0.97794854
0.04035999
0.15796047
0.56072946
0.02835131
0.01296087
0.63417173
0.62465361
0.92049258
0.30875028
0.77949609
0.6578367
0.98940416
0.38750177
0.17559285
0.50555261
0.51832216
0.06884052
0.51410532
0.38996905
0.87137942
0.13952532
0.32269944
0.88723894
0.25927082
0.70202752
0.90097827
0.84919558
0.77416299
0.94605975
0.84427711
0.93284889
0.4284552
0.62661093
0.44147034
0.6030147
0.67981658
0.68271748
0.6378961
0.66462946
0.75984877
0.92183176
0.2692573
0.43151076
0.01346499
0.41413885
0.48761137
0.36231663
0.71177223
0.15135904
0.38786415
0.31963987
0.77187461
0.97971366
0.2262951
0.00105717
0.0073797
0.81497387
0.84483942
0.4994735
0.50109938
0.52523743
0.8109631
0.73485734
0.11908736
0.33734279
0.68762665
0.81372001
0.34097462
0.51160135
0.27782968
0.47542901
0.38636622
0.27245798
0.23867799
0.23749251
0.08830086
0.98025189
0.13016167
0.37224006
0.47816747
0.68590739
0.28836735
0.85290568
0.58306041
0.48123567
0.94275525
0.62562101
0.48274154
0.08654699
0.23702638
0.87054324
0.45559261
0.56235495
0.78984023
0.00148243
0.02846851
0.3012375
0.69818476
0.16648232
0.41440473
0.79120549
0.46999688
0.42597196
0.50290113
0.4994366
0.21823457
0.40119448
0.08324835
0.00818091
0.23074145
0.90014147
0.43089364
0.47288595
0.19952332
0.46412185
0.56612004
0.23852612
0.20221789
0.35802977
0.9024349
0.98367112
0.57680831
0.4046722
0.00355734
0.93795187
0.71433023
0.97407809
0.49703458
0.28934124
0.30561157
0.16518073
0.44413925
0.23910174
0.21772045
0.56307555
0.58457614
0.66259613
0.14753312
0.93075322
0.8829215
0.23925071
0.7192221
0.84959989
0.38955903
0.22422813
0.55747014
0.64395753
0.86665466
0.42332768
0.37993737
0.20410567
0.35571371
0.68200895
0.15895702
0.11031071
0.67467307
0.49446894
0.05573466
0.39439586
0.53516773
0.33518087
0.82351799
0.32986291
0.25979261
0.01335959
0.30884813
0.03582375
0.67055826
0.02449759
0.39422803
0.65955492
0.3712283
0.32719115
0.98301842
0.47555092
0.87429789
0.19781085
0.09405508
0.2542187
0.32201774
0.80271616
0.20431074
0.39311695
0.32222218
0.44049565
0.51316387
0.51108208
0.61336817
0.71055552
0.50937885
0.09742204
0.91388857
0.77180462
0.89137592
0.09404165
0.89135949
0.05388728
0.33020656
0.55912606
0.95764696
0.7263414
0.44419603
0.45257855
0.64171939
0.04488428
0.3955775
0.81535496
0.89759156
0.55735606
0.27757589
0.36211488
0.47869322
0.56767295
0.18939828
0.54205174
0.37797616
0.16274406
0.55970263
0.67756644
0.50569455
0.38815429
0.29897797
0.97923762
0.42618906
0.38927235
0.03880824
0.34434585
0.52137105
0.48009321
0.98195781
0.50631509
0.8543054
0.35052464
0.27107863
0.34603936
0.69229595
0.73245523
0.38114978
0.26132248
0.89267789
0.91060809
0.39391591
0.51177387
0.85837587
0.44049151
0.72196672
0.49547331
0.40552344
0.04856132
0.41687896
0.41947911
0.55912326
0.10525577
0.69890576
0.52976438
0.79081671
0.3700263
0.16939066
0.59465485
0.2707481
0.57690618
0.86704654
0.30109289
0.78826741
0.82689834
0.31693545
0.83830529
0.9118228
0.50528919
0.20855032
0.97302877
0.57678744
0.56698182
0.77047509
0.85681689
0.1582681
0.73779704
0.93736356
0.68432989
0.6511044
0.21201444
0.50457986
0.43248472
0.12774819
0.57398718
0.09428732
0.32076068
0.72566749
0.63635191
0.76304997
0.76835721
0.76156703
0.77929107
0.71890824
0.76750614
0.69220336
0.46725311
0.795289
0.70910034
0.67578491
0.9532304
0.72936919
0.86904896
0.56083793
0.00630451
0.77087745
0.11104086
0.93383339
0.1358685
0.34129848
0.94021703
0.12487326
0.50883473
0.20081557
0.21281735
0.676077
0.57237674
0.79461875
0.88921439
0.63120207
0.47684675
0.34520903
0.8774128
0.53878223
0.14852005
0.21954075
0.18868472
0.63327686
0.33721715
0.12448746
0.9537388
0.25806204
0.7746349
0.21577892
0.65839603
0.5418742
0.24956011
0.52547058
0.49311296
0.87013169
0.69868571
0.55973148
0.0246104
0.14220964
0.14339178
0.20572833
0.22322055
0.35218273
0.2919309
0.67847304
0.40561191
0.23550652
0.50925731
0.18468299
0.10265308
0.56806485
0.2977096
0.09320519
0.1344498
0.95982004
0.61369571
0.76208799
0.42531344
0.85855653
0.5985162
0.20516385
0.72979413
0.47097187
0.73985233
0.56392919
0.67052098
0.86991807
0.79819223
0.03712974
0.63047856
0.21296981
0.24283437
0.17790079
0.6262533
0.65663556
0.76972619
0.38573028
0.3274443
0.94991478
0.5987639
0.38095693
0.54041934
0.27399047
0.15305255
0.9845579
0.5190426
0.90299658
0.65554496
0.29141839
0.07856578
0.67296726
0.53363985
0.82117403
0.03377321
0.55050888
0.65490338
0.34137295
0.35746526
0.8048178
0.78321955
0.2508241
0.05654903
0.86307057
0.59462902
0.27549688
0.27075667
0.74170095
0.98394042
0.27932905
0.87938195
0.45162648
0.29506005
0.81961244
0.43035544
0.73042854
0.4006432
0.14446328
0.64007024
0.40240593
0.18532913
0.02934936
0.80571911
0.86676736
0.40173669
0.16687667
0.36940665
0.60950271
0.04145274
0.02796978
0.53211746
0.32407896
0.1969208
0.51103199
0.51318129
0.4321132
0.06981372
0.25084152
0.17330323
0.0822575
0.4539421
0.98186045
0.17323523
0.25697946
0.68787152
0.82979193
0.34800606
0.13682249
0.43106944
0.83348255
0.64435203
0.54526372
0.05712998
0.87714698
0.78148814
0.60167687
0.98878468
0.33440134
0.08588008
0.37086329
0.39829752
0.4297771
0.12016877
0.77743879
0.58486019
0.08287608
0.92351482
0.73796755
0.24974372
0.42841737
0.38368429
0.92114773
0.53300629
0.74515051
0.81542371
0.5506038
0.38611777
0.89371287
0.34555153
0.29908873
0.0679165
0.86664246
0.38366062
0.51485589
0.54327939
0.75899851
0.31021305
0.20963336
0.49366989
0.38541876
0.72041294
0.15669591
0.12754984
0.81084238
0.6048975
0.92998379
0.17410634
0.48467593
0.70269063
0.46137253
0.50027308
0.52955144
0.0521944
0.09823702
0.96865721
0.32859265
0.62727552
0.59557451
0.15138007
0.87342484
0.9238945
0.05824597
0.51658535
0.12667747
0.74545095
0.14667913
0.26272265
0.2295335
0.78988874
0.09649112
0.97518058
0.76457927
0.40132987
0.91753215
0.56517353
0.43977026
0.43241217
0.76812597
0.71828743
0.89929366
0.37837164
0.68578513
0.25568125
0.86266727
0.9268297
0.70496756
0.72416173
0.38718068
0.96690106
0.8625702
0.627831
0.1392536
0.95328887
0.86444133
0.10544415
0.65012991
0.46724109
0.60746637
0.25494845
0.57621499
0.93455194
0.56138579
0.16291617
0.63940194
0.92080551
0.25753803
0.84931546
0.85858126
0.28357485
0.04038109
0.76842737
0.9490275
0.8446612
0.15139806
0.03329559
0.01206688
0.81335107
0.78316326
0.61059604
0.75753326
0.74459861
0.96631967
0.15910756
0.02920265
0.3798528
0.3801753
0.31985828
0.05581334
0.78404205
0.67205799
0.08628383
0.06420432
0.37570404
0.93658717
0.11222755
0.65128518
0.1434859
0.2981302
0.80977537
0.24276668
0.87591703
0.80301283
0.34571102
0.77505874
0.10934037
0.89316166
0.25863274
0.0346562
0.9110542
0.26470807
0.39629927
0.5447852
0.42192542
0.59133157
0.73368746
0.0656906
0.02556114
0.41009723
0.06296154
0.4660782
0.47554214
0.36068733
0.17509307
0.27597688
0.25965598
0.68151825
0.65801132
0.8113917
0.76277999
0.09254833
0.44682053
0.88384239
0.08551452
0.86108389
0.89924399
0.06097946
0.19816805
0.56050495
0.51882752
0.94321677
0.56605908
0.23850707
0.10652578
0.89002957
0.2050183
0.06502787
0.69052125
0.33482478
0.60174812
0.89024001
0.49568587
0.16386286
0.32047284
0.12512497
0.24386356
0.41822727
0.29975518
0.60612487
0.39573629
0.50403097
0.19033553
0.89344506
0.31481141
0.53155955
0.17705424
0.67455108
0.37138193
0.58442823
0.62073588
0.21110344
0.08835915
0.89516771
0.13565381
0.75956445
0.34193299
0.21565222
0.48581129
0.017485
0.14414452
0.42805366
0.69044771
0.27104002
0.0179526
0.92844661
0.51208185
0.19715405
0.44577173
0.93211921
0.43688953
0.80511016
0.426201
0.0241864
0.04329207
0.67433696
0.53606803
0.42246729
0.98283892
0.49701147
0.84094742
0.23937176
0.2971873
0.86861262
0.1088966
0.82805236
0.74633936
0.87911368
0.49278485
0.92743029
0.95148988
0.07143058
0.69567935
0.95827998
0.47095145
0.2831884
0.43704889
0.97357144
0.4888646
0.61594841
0.98380771
0.1892029
0.45183721
0.20621606
0.71653118
0.53287686
0.19182039
0.03790418
0.02620641
0.93860756
0.03852516
0.52527623
0.77572892
0.63761594
0.38947113
0.51313101
0.72322602
0.54634383
0.41996582
0.09704897
0.46984151
0.43385489
0.31885367
0.64845754
0.98499212
0.339868
0.07206828
0.37555269
0.66099034
0.91679865
0.02578213
0.53520049
0.17769359
0.93471943
0.29101916
0.63614686
0.02744083
0.53557868
0.96184651
0.62753679
0.15027342
0.54340568
0.98436929
0.28360088
0.8283547
0.5839728
0.53659566
0.59101208
0.29927806
0.4869378
0.67346538
0.37656338
0.85283597
0.76728094
0.31248051
0.84715834
0.60173335
0.24266797
0.5663333
0.88482704
0.28296806
0.9282775
0.43699091
0.3560833
0.85042514
0.66259973
0.15565787
0.75445898
0.82805771
0.78057234
0.23905149
0.52554769
0.32943049
0.39212551
0.76839357
0.37347586
0.57434596
0.10974197
0.43500519
0.86870587
0.05977316
0.34298726
0.78589947
0.88954984
0.54924362
0.50466331
0.27227355
0.0017753
0.76326804
0.19361167
0.83353047
0.5488107
0.74147027
0.65473325
0.24598396
0.83192803
0.71325041
0.25395105
0.49608233
0.35474359
0.38509011
0.22481599
0.44396976
0.18153424
0.2653154
0.37178927
0.53138233
0.14700853
0.52375329
0.95337128
0.36749128
0.88094393
0.33538452
0.02815723
0.8012771
0.73340215
0.50109869
0.67532869
0.24872896
0.69546909
0.02928013
0.52589258
0.64627259
0.6093612
0.31175338
0.08075919
0.72446928
0.41410083
0.06985687
0.2919243
0.32507564
0.84267166
0.89791688
0.31290886
0.24283365
0.95478296
0.02769147
0.9771525
0.6744786
0.24361422
0.55550149
0.5797867
0.33872508
0.91421576
0.3432266
0.82715302
0.20634876
0.21690105
0.87355732
0.29819022
0.88913683
0.56926971
0.05022636
0.18382194
0.80415364
0.36987814
0.98128216
0.84864487
0.11230028
0.79266858
0.26572525
0.4111592
0.87110373
0.00511833
0.29539604
0.4447574
0.81782844
0.33023485
0.03673999
0.48624317
0.74831135
0.10528809
0.27548899
0.96682591
0.82273247
0.06665046
0.09869745
0.2921519
0.38156866
0.04728163
0.30219157
0.92534819
0.82905497
0.21450169
0.0257532
0.20394962
0.84401945
0.78605977
0.40776191
0.78700404
0.74931749
0.17920533
0.16680834
0.10382284
0.15989562
0.06890967
0.23305267
0.11432398
0.2048452
0.84949729
0.21202256
0.08601523
0.42327139
0.90449945
0.75587878
0.55965287
0.75099039
0.63282756
0.65489631
0.74868548
0.3660784
0.9229515
0.40840038
0.54684436
0.22593231
0.29481304
0.23166537
0.45954168
0.55810684
0.128617
0.51809614
0.08887808
0.16468233
0.49737933
0.10339417
0.72828548
0.49953471
0.89282666
0.44805691
0.06087094
0.15182948
0.88381135
0.48165641
0.93503275
0.90322674
0.64066469
0.0638754
0.20278866
0.0156604
0.2293427
0.23938439
0.79354911
0.14546454
0.4820069
0.39181999
0.50547959
0.60803991
0.17148479
0.68492269
0.49233316
0.26765484
0.14065219
0.37303787
0.68128448
0.49471953
0.4317492
0.41804968
0.06641785
0.45818884
0.96783828
0.63180215
0.92955826
0.40188743
0.31368564
0.8389288
0.85797434
0.82314673
0.9060493
0.10066224
0.57915684
0.47731064
0.06071992
0.62107005
0.77332077
0.05744582
0.20781485
0.78542437
0.73150667
0.80159791
0.05970541
0.63484294
0.58666225
0.8225107
0.54148318
0.39481466
0.66109784
0.65265367
0.88030734
0.27513963
0.05074717
0.19233585
0.0385937
0.63144979
0.05241147
0.98097145
0.13775141
0.60736375
0.45471824
0.65932049
0.88146933
0.86063356
0.6617295
0.66833112
0.48257489
0.71589898
0.64297564
0.87748255
0.58506556
0.36367328
0.63918179
0.18402816
0.1894328
0.33263721
0.27914034
0.33821968
0.4162786
0.10371312
0.62086476
0.15043681
0.2894751
0.92346162
0.98286592
0.48151464
0.83412632
0.45816392
0.23941775
0.01932858
0.95006706
0.94635077
0.65383099
0.51893164
0.52271858
0.56708066
0.77205367
0.93506073
0.41695645
0.77086536
0.41135372
0.86078523
0.12512442
0.48374283
0.79146315
0.22199133
0.17202433
0.04570995
0.89112279
0.96565856
0.34428637
0.51238248
0.07439848
0.36467696
0.9739655
0.96229896
0.42222912
0.31729221
0.25445239
0.80294699
0.27360729
0.38444178
0.07841877
0.90518874
0.49142519
0.65723613
0.5995458
0.4183991
0.33585579
0.45476914
0.2197712
0.87951908
0.56981073
0.19880066
0.62788911
0.15372664
0.77805825
0.63056834
0.06547065
0.43643636
0.45007425
0.64973563
0.52159804
0.47877636
0.89127206
0.61510421
0.80265663
0.89144308
0.5120362
0.20007642
0.04783551
0.49002722
0.92451946
0.95461727
0.1975969
0.66287474
0.2934993
0.65393914
0.83007415
0.41668698
0.55576429
0.18366487
0.93469391
0.90070472
0.43096921
0.31393207
0.40159881
0.79298375
0.069173
0.91156234
0.51920981
0.24089016
0.65557379
0.56488511
0.96222789
0.60286723
0.46098651
0.45737573
0.96489883
0.37029155
0.09927704
0.79253612
0.00188341
0.55619676
0.76052545
0.84850062
0.73745266
0.2658099
0.22234533
0.86741406
0.2285313
0.22655844
0.16109614
0.40311699
0.93818285
0.5397561
0.09662712
0.79812073
0.36195683
0.92731428
0.12955157
0.4021448
0.60568203
0.78865541
0.96441824
0.3770747
0.41431694
0.09627611
0.57252258
0.91847964
0.89786068
0.83341731
0.2098186
0.92556242
0.39594474
0.77003683
0.28787177
0.06611091
0.01993887
0.59156753
0.52376006
0.04475146
0.73608454
0.61556453
0.01051979
0.20005615
0.04132104
0.71853735
0.05061178
0.12778173
0.45647501
0.37888219
0.28194934
0.3322827
0.97029783
0.53742758
0.85885214
0.53348683
0.1973475
0.68978368
0.62096602
0.30613889
0.02402298
0.42373075
0.76053293
0.34306095
0.79687086
