0.19161775
0.22091804
0.72156323
0.00517119
0.20932198
0.54722811
0.2915316
0.26288018
0.13449882
0.64658681
0.4934376
0.68952044
0.91237925
0.00828854
0.29043476
0.05400737
0.44510368
0.25197961
0.62230219
0.04725034
0.42527064
0.90445033
0.39881429
0.05394861
0.57576855
0.85192054
0.39699483
0.28532529
0.16429859
0.84228096
0.05964282
0.18328046
0.95269285
0.37868969
0.12740232
0.21033963
0.19732887
0.07283618
0.31568393
0.66340679
0.6885288
0.03049051
0.17608319
0.53698657
0.18414986
0.93382925
0.336406
0.79219919
0.61138414
0.09703145
0.01231193
0.58857766
0.0311713
0.28546624
0.89240955
0.11174415
0.81078192
0.30303668
0.6559281
0.24578873
0.70577928
0.12455844
0.27617285
0.92098272
0.08520637
0.29463851
0.74467928
0.41880741
0.17228651
0.20368802
0.03151372
0.09500342
0.29528607
0.19962664
0.38108186
0.84901885
0.18405988
0.2951687
0.2246218
0.19943337
0.82868113
0.05297032
0.38602086
0.16644548
0.20101851
0.16242326
0.12540899
0.05743398
0.30641266
0.52227127
0.13413537
0.71696303
0.04889166
0.6263259
0.70039033
0.14834998
0.98520718
0.9016148
0.12626158
0.20668163
0.03885868
0.50816393
0.48370859
0.42282331
0.86011492
0.05606465
0.75299042
0.57270287
0.742008
0.14851956
0.95891627
0.1237107
0.69057807
0.86168023
0.30756591
0.94364983
0.90089634
0.42952991
0.14904797
0.9820402
0.95306544
0.40960738
0.67809308
0.01469406
0.63631788
0.84337739
0.82290959
0.52287818
0.71841458
0.8461872
0.65553993
0.59608399
0.33852301
0.16731541
0.15610255
0.8939677
0.70503234
0.35483793
0.6084488
0.92822943
0.24356284
0.12484286
0.51739289
0.47961518
0.74789686
0.66864746
0.62236712
0.48527004
0.98469925
0.23767045
0.60311465
0.0986739
0.82298201
0.41396287
0.17970213
0.0372249
0.17532071
0.18241249
0.79409063
0.3805453
0.25954514
0.9286436
0.48197772
0.79924398
0.43623019
0.94720321
0.76548096
0.8162001
0.65450046
0.63957311
0.50247762
0.5120031
0.36807307
0.70725957
0.1357908
0.06160188
0.41503967
0.59081912
0.97123899
0.77351414
0.15170829
0.39260802
0.91178085
0.57604772
0.77752862
0.02877788
0.70513435
0.1150836
0.61424969
0.97839337
0.78273654
0.33088694
0.87087331
0.70931312
0.1997081
0.02903775
0.41667688
0.43149252
0.96815579
0.49539291
0.22733796
0.1978742
0.95276127
0.10403516
0.33605485
0.21738113
0.35899677
0.31225599
0.65499793
0.41380349
0.48750968
0.16169525
0.8039268
0.65060101
0.04204044
0.80274514
0.9486655
0.59600616
0.74448987
0.87318755
0.93496831
0.69735452
0.36799343
0.65523919
0.78109928
0.47596516
0.61559012
0.6688977
0.91326559
0.12320697
0.5657708
0.96475146
0.35154543
0.338577
0.41978316
0.73522967
0.86824184
0.12718521
0.4110465
0.90832924
0.98194122
0.70989374
0.37938556
0.86740332
0.44829072
0.20613493
0.12018837
0.69901772
0.31471266
0.81637526
0.92792603
0.75744429
0.7991857
0.38805914
0.43887593
0.24918054
0.61366878
0.71623241
0.51384854
0.01227895
0.22968756
0.24385238
0.03311413
0.04456022
0.37303857
0.16980318
0.14701791
0.83278145
0.9411697
0.61283166
0.40256713
0.00750674
0.3572723
0.75018175
0.09993348
0.25141525
0.41877852
0.37733485
0.27471032
0.06592893
0.87005454
0.44934201
0.45969021
0.4701382
0.83361637
0.4414383
0.47717444
0.14628366
0.00674092
0.34810698
0.64647635
0.58356498
0.21380599
0.54463458
0.73761892
0.20350505
0.03402037
0.31414372
0.34101389
0.93967951
0.40387037
0.23662178
0.35508507
0.44990959
0.94336167
0.424722
0.93028798
0.06354718
0.6048852
0.80834575
0.33997529
0.00497034
0.23374022
0.41290668
0.42798423
0.19026643
0.80390392
0.4828742
0.48981443
0.82751711
0.7638156
0.48692321
0.84612836
0.08030617
0.37680635
0.60437712
0.14888138
0.95341495
0.38995952
0.67049835
0.43779405
0.52575491
0.59378564
0.91221475
0.15328592
0.80932044
0.42599616
0.32905419
0.46374112
0.14536499
0.22855086
0.77245236
0.93747599
0.75314087
0.12572319
0.84728273
0.12578848
0.61036203
0.32265426
0.43941462
0.97368497
0.31091507
0.54316092
0.43564285
0.98016081
0.08362694
0.09129785
0.1441575
0.27726051
0.58984995
0.03853665
0.93757595
0.56247159
0.53162379
0.65790805
0.7480956
0.90120983
0.90826229
0.35513436
0.82398966
0.42413046
0.63255254
0.54804081
0.97095248
0.73213108
0.95932927
0.78973347
0.93083679
0.83038975
0.68272305
0.72796719
0.02869073
0.33507375
0.4620574
0.2698146
0.37318157
0.9820362
0.52326733
0.47363694
0.51370101
0.60715728
0.64018119
0.2809094
0.52259951
0.87267595
0.52605288
0.57257652
0.58854785
0.73518898
0.55204
0.54626465
0.71754521
0.31470472
0.28772096
0.17273489
0.45579992
0.02447555
0.07069251
0.93486591
0.76451903
0.31507174
0.80811346
0.18004569
0.22700187
0.38747095
0.24619874
0.47002621
0.58436328
0.60058793
0.85543342
0.46408309
0.00512829
0.14039709
0.28750274
0.42465938
0.75240968
0.97655105
0.7676615
0.09512572
0.22468406
0.31653899
0.23496592
0.79728356
0.46484503
0.05468343
0.90698778
0.91212493
0.61615442
0.76097006
0.37699839
0.03279736
0.69745592
0.83319916
0.38668327
0.66685453
0.16525657
0.91265693
0.43751892
0.32761711
0.30726267
0.93468325
0.69433784
0.88394455
0.47357071
0.02820311
0.09414132
0.38055356
0.49877271
0.18871224
0.66050549
0.3175951
0.6275603
0.47248132
0.61906425
0.65914789
0.20392634
0.10333792
0.8161524
0.82257287
0.43581983
0.02450619
0.71359219
0.93409725
0.42584844
0.49459951
0.65863097
0.06665893
0.2094623
0.9772837
0.88496595
0.02183423
0.79314694
0.13842281
0.23709636
0.22170886
0.92121971
0.61023539
0.24004177
0.34772441
0.16435983
0.06307834
0.69049047
0.37691483
0.50353411
0.38205571
0.55394748
0.59651751
0.80762642
0.22965511
0.02893153
0.72842017
0.71464733
0.91536849
0.4042218
0.60455138
0.29939726
0.83938417
0.27753964
0.57621112
0.51631845
0.4499873
0.40774929
0.15868768
0.09138838
0.7921961
0.53532021
0.62863148
0.35450916
0.76474453
0.51035211
0.79595042
0.12471616
0.52110098
0.59352128
0.22266427
0.06189827
0.71795159
0.32178414
0.63382547
0.00706644
0.51334162
0.72043311
0.41373793
0.69877684
0.96988205
0.60227879
0.51551923
0.29880361
0.41297656
0.05075037
0.61406308
0.93614779
0.87952945
0.33886967
0.47221604
0.05224649
0.59885864
0.2126565
0.49926124
0.23081339
0.38313883
0.075233
0.97384493
0.462296
0.93964503
0.14214396
0.08130242
0.59790574
0.9510598
0.86419517
0.76398332
0.8048822
0.87172024
0.77385074
0.82944339
0.16562481
0.12588404
0.61213911
0.43092742
0.89568154
0.06468246
0.04390915
0.46429549
0.06084079
0.46488416
0.07602806
0.34610041
0.77376132
0.19514063
0.45929265
0.90416435
0.18130992
0.71072823
0.08737423
0.66658587
0.24466548
0.84080851
0.13166366
0.8497491
0.31154557
0.4623468
0.61326329
0.05902586
0.33148928
0.34998815
0.93496051
0.14638023
0.30767543
0.9553139
0.82505675
0.13192364
0.06017892
0.878388
0.64262936
0.33405297
0.09839947
0.73818948
0.7086306
0.43747194
0.48274098
0.79072275
0.67981205
0.5380656
0.64805767
0.52745076
0.15906768
0.41805258
0.84045617
0.30313313
0.24059813
0.49995766
0.37007142
0.26865677
0.85832692
0.6014047
0.14098324
0.02103925
0.01876934
0.13409116
0.71163281
0.17484199
0.53259373
0.01888851
0.83556149
0.81731948
0.0796123
0.0300653
0.20058997
0.05464109
0.24748156
0.76917909
0.24694379
0.69343605
0.67626003
0.35774218
0.58220256
0.37961542
0.10052465
0.73613419
0.13440289
0.70036406
0.07427004
0.65845604
0.03084104
0.44323487
0.80121064
0.38445283
0.03771199
0.63931352
0.52646213
0.52827979
0.81926455
0.72005812
0.53059028
0.81842395
0.42996813
0.23789442
0.36737058
0.87735154
0.45938015
0.7701651
0.84631161
0.67006619
0.87678044
0.10297049
0.78968776
0.09054643
0.40466072
0.19920186
0.36119606
0.40449267
0.87052601
0.34680675
0.36987115
0.68923917
0.94065645
0.94803731
0.04023379
0.55888268
0.34362289
0.65656488
0.73237845
0.2152362
0.34982795
0.53862218
0.35807113
0.40946557
0.65182255
0.04845404
0.62918322
0.73299788
0.03867424
0.89801374
0.51113819
0.47266276
0.27320664
0.56457316
0.55985131
0.79324702
0.56222713
0.55786647
0.28642097
0.11861563
0.09569438
0.62985321
0.69361495
0.31480199
0.7024284
0.80427867
0.41802143
0.71597519
0.11312148
0.65057622
0.90082687
0.35415465
0.06702242
0.72387998
0.09768818
0.01798412
0.1265352
0.46114038
0.51395666
0.08877732
0.97250962
0.45545652
0.7835543
0.17626665
0.19753287
0.97902674
0.82940565
0.2774062
0.45444592
0.56841865
0.32644353
0.91297476
0.30523572
0.36713542
0.80050098
0.30278404
0.86017616
0.01811721
0.18444301
0.56038321
0.30740214
0.64187184
0.72210933
0.79586355
0.44976216
0.40190404
0.94531193
0.91561601
0.33891354
0.09207416
0.17606547
0.42068228
0.33050201
0.59101985
0.23263162
0.0096597
0.53387528
0.58350644
0.62278028
0.6264633
0.60967584
0.27676989
0.75637332
0.70870626
0.70164311
0.01132496
0.00429144
0.6036586
0.0131215
0.73409048
0.74663474
0.78505125
0.63511353
0.85270408
0.6763639
0.59482175
0.65963539
0.5478006
0.7935675
0.55294256
0.2130719
0.15934687
0.8944331
0.82929105
0.41783322
0.14263518
0.5345731
0.91986738
0.65021995
0.49766939
0.78261063
0.01964386
0.95313903
0.32684013
0.61024975
0.41307785
0.79116472
0.37221281
0.46949959
0.68499724
0.10203045
0.30978262
0.36409575
0.01817312
0.06041384
0.19163424
0.85131637
0.70625215
0.66397758
0.84524033
0.65988293
0.06909919
0.92174134
0.3296324
0.34455468
0.43014155
0.89944951
0.16920853
0.03770207
0.82947109
0.78995991
0.15637095
0.91032516
0.68986454
0.78545244
0.80104889
0.29109289
0.15329627
0.46984888
0.05090771
0.86484676
0.94976514
0.12743659
0.67693333
0.76705851
0.13382283
0.98316308
0.58220184
0.68963765
0.29361168
0.40441916
0.80820028
0.58919299
0.91856025
0.01928462
0.88133352
0.62276425
0.19122031
0.16194443
0.57082367
0.54525337
0.5608609
0.81811019
0.30291052
0.7926297
0.81281081
0.49711044
0.59270921
0.43506669
0.54227284
0.05406232
0.20039623
0.38994863
0.01652913
0.26653248
0.55204528
0.88540426
0.71056641
0.89433345
0.55919695
0.78734834
0.00234032
0.11051586
0.8775804
0.1005023
0.62592142
0.72027911
0.62020794
0.57398241
0.47648926
0.57334646
0.21757406
0.8179051
0.42227002
0.35775309
0.47505486
0.60226838
0.91813468
0.27540313
0.48077725
0.76423994
0.73492624
0.66472196
0.42507796
0.44354273
0.28825254
0.22455609
0.5273843
0.30901679
0.18094891
0.53865793
0.92433962
0.08931304
0.90098306
0.21993187
0.76475996
0.53128851
0.49780933
0.44849598
0.73134359
0.10899496
0.86275616
0.69041219
0.69536721
0.05868717
0.33453856
0.70219721
0.75494047
0.88248379
0.77748298
0.11991779
0.57772732
0.11894323
0.39236657
0.82445743
0.42766665
0.07098872
0.65809164
0.25448886
0.86941812
0.51280149
0.67603855
0.35887299
0.84083741
0.58671352
0.21717936
0.23466144
0.3363345
0.02137527
0.85455537
0.70173049
0.43959501
0.89582896
0.61607614
0.40814298
0.43719021
0.70938721
0.88756446
0.86632817
0.70606468
0.50316103
0.44724413
0.26257522
0.79669194
0.93343136
0.90896114
0.44659442
0.26616357
0.30755036
0.67882288
0.2862925
0.90332631
0.98900557
0.24152235
0.82326808
0.9138524
0.5938714
0.92342171
0.67088526
0.03592924
0.80702464
0.37773626
0.14852079
0.88030456
0.1198365
0.63364299
0.04857413
0.4613148
0.80612558
0.44744563
0.73057098
0.45803533
0.26004427
0.48143509
0.9803897
0.83730483
0.49279109
0.16729497
0.68376845
0.49867173
0.61534324
0.91165001
0.81216386
0.47078023
0.92617744
0.50554309
0.11721784
0.59376007
0.89948674
0.14166903
0.76865992
0.79341933
0.25016408
0.94220836
0.92111994
0.12108526
0.34683518
0.84922019
0.43359747
0.67004994
0.27942037
0.27764106
0.39296411
0.0752343
0.26279913
0.48564048
0.3044768
0.46127919
0.35682591
0.81466629
0.88437277
0.55834964
0.62987834
0.87115584
0.89733722
0.26128413
0.64390495
0.63303235
0.54968205
0.92116238
0.47451956
0.0041575
0.37319126
0.52816723
0.91840457
0.63169595
0.30798714
0.78841977
0.84296735
0.00011829
0.12527691
0.70387616
0.23241942
0.43441196
0.87197123
0.31538372
0.15078357
0.26170637
0.88435545
0.71037382
0.06154253
0.24965637
0.32995416
0.86430233
0.87222486
0.6143772
0.94396233
0.11964209
0.80220849
0.18677805
0.85497642
0.28482239
0.60210558
0.36154821
0.49383687
0.58054407
0.03552519
0.11683773
0.73831622
0.26227522
0.42863317
0.70318208
0.84695947
0.81879376
0.27494264
0.59728561
0.32750133
0.50360496
0.86269669
0.64050956
0.42002858
0.50219662
0.46570188
0.73836714
0.74522547
0.77685489
0.94495321
