0.05231745
0.38067485
0.86193702
0.57783831
0.68959224
0.76792409
0.96110936
0.82495555
0.79921201
0.23785556
0.05271598
0.46564096
0.06718761
0.0485105
0.36595328
0.62349542
0.17381314
0.86192876
0.7649961
0.25907299
0.55299281
0.65239386
0.60471992
0.78833757
0.1184486
0.92550072
0.34357325
0.9357321
0.35525194
0.27413855
0.20678659
0.56703898
0.05296827
0.88299496
0.71281959
0.36373145
0.11722049
0.00740098
0.43849195
0.19911288
0.28653623
0.96551347
0.10123076
0.11531141
0.48687339
0.59853504
0.69985247
0.91424732
0.79033551
0.19508286
0.54517958
0.23565193
0.75491525
0.75704593
0.51974783
0.49726341
0.49757506
0.60538818
0.90264239
0.43290522
0.07545999
0.33152901
0.96376956
0.5626549
0.83150357
0.94621689
0.77852566
0.67726244
0.15712985
0.85259631
0.0251147
0.57299152
0.91193516
0.9535424
0.38971512
0.59965281
0.76237335
0.10246963
0.27743435
0.80303264
0.270804
0.92708511
0.84299719
0.0410206
0.40470459
0.84516029
0.18856818
0.68896086
0.85363984
0.80829841
0.66898445
0.27622333
0.5169743
0.61298343
0.58206575
0.13009094
0.28299266
0.83881493
0.46872451
0.46850919
0.36501645
0.78325339
0.88168804
0.73452118
0.73891134
0.57838438
0.36792032
0.04266921
0.46827763
0.17045447
0.69660447
0.84564713
0.2006744
0.05547192
0.26410335
0.56459889
0.94472036
0.84275353
0.18117866
0.7315774
0.61030082
0.28078772
0.11118241
0.67093721
0.93213008
0.03105359
0.29361895
0.36546805
0.12086375
0.73708161
0.73588006
0.40155274
0.58526089
0.71146067
0.92248647
0.53629526
0.5052694
0.17327004
0.12636335
0.24526046
0.76568492
0.98732858
0.90707416
0.08021638
0.75086536
0.68963737
0.14694009
0.93760124
0.93265965
0.57745082
0.58773114
0.43286834
0.43708847
0.59094114
0.30016077
0.86684272
0.67521772
0.3655439
0.72075431
0.0439046
0.06568322
0.71556398
0.16594649
0.34039885
0.2287017
0.19552641
0.44008126
0.0052689
0.73275152
0.29531451
0.36959579
0.43856469
0.09191992
0.52355385
0.04297062
0.4710093
0.98748121
0.45780747
0.68531853
0.58668775
0.03560034
0.27197536
0.06618287
0.04167908
0.18821102
0.23188208
0.60510893
0.22533117
0.63883031
0.82271201
0.17418536
0.4459955
0.00765509
0.7392082
0.86339838
0.34648454
0.29482212
0.8910511
0.07546362
0.4064521
0.95567439
0.25324754
0.08176533
0.9849114
0.84532261
0.44074033
0.35142579
0.74534572
0.98876808
0.94627013
0.57053311
0.42629635
0.48249031
0.05186488
0.29240478
0.18979624
0.74890522
0.0139012
0.9011917
0.44027487
0.38775335
0.74419467
0.53050086
0.43186568
0.023886
0.04295589
0.75655536
0.41344942
0.41478249
0.73130678
0.60116394
0.66467239
0.75548041
0.42570053
0.97222313
0.27615244
0.55573795
0.09681079
0.64467544
0.27715284
0.27656996
0.63019542
0.21038405
0.70798033
0.1629387
0.30122081
0.83810823
0.49598479
0.65958167
0.54182991
0.71973811
0.18568335
0.4207712
0.53214535
0.11666415
0.53986079
0.96126366
0.23602039
0.17153795
0.05800379
0.6788192
0.44451967
0.79153965
0.38419078
0.62101051
0.48227715
0.67500908
0.31615407
0.97965332
0.53670613
0.45874268
0.86271918
0.56972575
0.91054653
0.90902375
0.8660578
0.30357643
0.67464914
0.23924481
0.68110404
0.42794919
0.65663656
0.27975799
0.82738924
0.26388927
0.30070907
0.79899527
0.43893481
0.69672467
0.69940325
0.79957118
0.22944911
0.34429437
0.21536076
0.62035846
0.02702762
0.22346895
0.33040523
0.36175554
0.43100952
0.97161946
0.62927684
0.64645682
0.37880322
0.64468537
0.00675395
0.51527854
0.50304355
0.79155142
0.6756248
0.20081756
0.21341807
0.22148315
0.36539837
0.20730775
0.84552711
0.18793344
0.03199411
0.84144522
0.95303629
0.11923652
0.5273508
0.82210081
0.82334031
0.34866287
0.79335827
0.8363397
0.60773426
0.03098083
0.0672053
0.37580563
0.12703413
0.82642053
0.68164809
0.67172345
0.01316221
0.4774967
0.50954463
0.67806366
0.46802101
0.73418934
0.85259438
0.78273855
0.16234211
0.44998167
0.02571824
0.93888158
0.36394752
0.48301512
0.51677496
0.03405007
0.6113198
0.40904708
0.462996
0.54016078
0.25108069
0.10583565
0.54928725
0.75890904
0.60870518
0.72419011
0.13675493
0.36900822
0.69618884
0.17910242
0.53351404
0.21125236
0.67335456
0.94578178
0.50717494
0.77889835
0.39612444
0.56535061
0.85032566
0.25506679
0.86675847
0.98172668
0.68139987
0.52120865
0.82822934
0.38357108
0.59631442
0.69060149
0.60480525
0.16110248
0.22357939
0.73676786
0.71499225
0.59845049
0.79447248
0.63948904
0.4475878
0.55434737
0.63201012
0.23236714
0.48151626
0.09235227
0.71543174
0.78165356
0.12070335
0.54142087
0.91827829
0.57460847
0.45644646
0.56814544
0.05335883
0.21961091
0.95825979
0.39594246
0.33742496
0.35000539
0.90202684
0.62477399
0.54512716
0.11792451
0.15672158
0.80707713
0.13184857
0.16486038
0.00107409
0.66940759
0.66894859
0.63632761
0.51819943
0.926624
0.80822882
0.73899821
0.37077311
0.74472511
0.45594712
0.03435978
0.7863535
0.59840945
0.77761045
0.38168452
0.18213889
0.05420501
0.58232382
0.36143172
0.85499339
0.2166119
0.52605079
0.59977966
0.75758755
0.16091421
0.58774745
0.54764375
0.86547232
0.54937378
0.01733381
0.57722938
0.93731509
0.57189296
0.13673506
0.51722885
0.38313862
0.1841259
0.06737174
0.00142491
0.08238045
0.98476202
0.61433165
0.04022636
0.37712644
0.1989953
0.40514473
0.6546338
0.89853224
0.07112763
0.67659446
0.09029336
0.04553412
0.92178661
0.44029356
0.07479673
0.96612664
0.66812256
0.37570564
0.46310627
0.57437264
0.4051197
0.53153942
0.68570206
0.60437632
0.18217394
0.76790249
0.73683989
0.2935882
0.56202811
0.82153975
0.19300915
0.00072243
0.92315573
0.10185627
0.23064722
0.73798984
0.00735076
0.84175204
0.74073242
0.77713861
0.88265301
0.90263937
0.66492563
0.52923561
0.80066345
0.84166355
0.97363393
0.85611864
0.51464104
0.8501304
0.93973254
0.51264204
0.21550254
0.45234979
0.09190409
0.49823795
0.41383923
0.14745703
0.5132589
0.45811457
0.97173366
0.88853076
0.93149122
0.56908479
0.74929349
0.37915394
0.47208891
0.1541188
0.65591492
0.87970037
0.08564738
0.40862544
0.44850215
0.3675537
0.36315975
0.40174724
0.06264129
0.16645769
0.21252308
0.56272941
0.53563454
0.95755866
0.02404568
0.24783997
0.11609467
0.64581741
0.43356237
0.9510531
0.74125125
0.87683406
0.12783519
0.88144916
0.08643536
0.75386481
0.0999244
0.62360195
0.11153151
0.0232701
0.91382046
0.81734574
0.39822155
0.43334646
0.52254895
0.53311344
0.25354072
0.93686798
0.75810373
0.72069014
0.4474626
0.73499284
0.76005786
0.86468071
0.32533292
0.65501114
0.9788036
0.92851028
0.93420029
0.91884847
0.66504773
0.19058858
0.31811549
0.82525022
0.09624253
0.38241569
0.62091177
0.50089317
0.41042768
0.24218044
0.26268789
0.21333108
0.71514146
0.37063119
0.53524272
0.1914942
0.10411986
0.29779054
0.64036355
0.18230059
0.28621609
0.87664854
0.56641689
0.23620548
0.28433931
0.92331079
0.14243841
0.32421544
0.82560867
0.04225995
0.22994054
0.32416411
0.42063672
0.31492241
0.88953252
0.59774595
0.95700032
0.36947916
0.55835908
0.66284747
0.21719844
0.95580396
0.30063164
0.83888572
0.00022885
0.78475064
0.05616323
0.5331979
0.33026949
0.10848116
0.31427205
0.84129738
0.72682666
0.15147746
0.46972307
0.32343131
0.77487304
0.88815625
0.51282006
0.0979017
0.239441
0.10442443
0.76353638
0.04227482
0.65255213
0.91696181
0.81132637
0.66927181
0.51516484
0.16858373
0.54523319
0.05684312
0.65702288
0.35913972
0.84503885
0.40988344
0.75055341
0.96969991
0.55489657
0.56790254
0.37787803
0.32002954
0.54323583
0.56197819
0.59504396
0.76680825
0.6428686
0.62635163
0.38730186
0.81052933
0.62216286
0.73949756
0.97642803
0.45556341
0.26378094
0.03684003
0.09400909
0.208785
0.28829259
0.40346744
0.9791944
0.85035581
0.31083544
0.61361253
0.25968161
0.74825907
0.44921387
0.39065363
0.68225049
0.12523739
0.04319814
0.5045692
0.83742172
0.3782569
0.98646063
0.15230126
0.12052514
0.73089192
0.03378161
0.46755745
0.78731813
0.97328558
0.79428421
0.58949646
0.11811363
0.84978651
0.01273787
0.34652708
0.82757497
0.62047629
0.47830936
0.29303269
0.5128304
0.24201237
0.69559124
0.13669477
0.5282351
0.85319967
0.97580489
0.39179441
0.50000875
0.40747113
0.52002924
0.82240435
0.43186735
0.39844889
0.25915472
0.94056874
0.83063018
0.3428033
0.17996325
0.55899512
0.09108507
0.35781567
0.00793247
0.96986328
0.03524525
0.9501725
0.91344797
0.64285536
0.56111405
0.59180793
0.70357731
0.09506637
0.87048002
0.46346951
0.27455744
0.14098711
0.51823503
0.82108098
0.0472729
0.34055358
0.88938888
0.75059767
0.07163491
0.43049163
0.31579471
0.76185743
0.10465783
0.54457572
0.42855739
0.4133463
0.42065327
0.07754648
0.72641544
0.37918806
0.02057321
0.34369622
0.56470476
0.8537183
0.34871902
0.90194853
0.67024118
0.27492418
0.25485336
0.02653382
0.44128638
0.26327543
0.83286427
0.13125761
0.56815458
0.84792472
0.2310903
0.10768771
0.64912991
0.91961473
0.12329337
0.8009472
0.65472317
0.92235258
0.10198648
0.9609436
0.45214375
0.69521101
0.81328969
0.06788086
0.70669766
0.85102982
0.34970856
0.83320326
0.41367953
0.34285555
0.00992588
0.17655885
0.44464637
0.92536643
0.81785641
0.11436113
0.04046653
0.03232441
0.76313735
0.42710886
0.76253333
0.50129638
0.43422871
0.05435042
0.03881375
0.05103242
0.09187781
0.01937045
0.20504965
0.13553143
0.57024426
0.14141039
0.49381194
0.19224663
0.54813532
0.09676838
0.64987375
0.32117187
0.58605927
0.58721819
0.86982914
0.2562651
0.49473726
0.4709165
0.72437748
0.83915229
0.02203814
0.82393526
0.42091243
0.68014526
0.52033358
0.32151219
0.52338759
0.43564476
0.38803999
0.9781141
0.16194887
0.27735982
0.59137298
0.42341599
0.36164434
0.96103052
0.57081774
0.21700416
0.35812181
0.34109229
0.62733056
0.16969383
0.33186056
0.36757969
0.39575471
0.38638995
0.70841453
0.18752312
0.41027689
0.64351649
0.4652756
0.96061559
0.4863697
0.97472731
0.31217899
0.75178972
0.2065731
0.69541758
0.65019613
0.03880718
0.15250489
0.83189495
0.19338228
0.00387828
0.10331578
0.17070148
0.6074451
0.26218055
0.56422982
0.40184161
0.81803042
0.43703467
0.00541734
0.48137679
0.3320372
0.62473523
0.41432965
0.55996784
0.92314264
0.02034508
0.74717634
0.2430783
0.47741226
0.52088188
0.39432054
0.42329612
0.47645735
0.33239782
0.58339803
0.33116735
0.93303992
0.03024089
0.54429196
0.71752668
0.64388739
0.94895474
0.72927809
0.91462546
0.42416038
0.8979513
0.40338671
0.16613648
0.98365495
0.5621906
0.7116998
0.45896421
0.06513257
0.58934637
0.80152167
0.01763523
0.10134977
0.24500594
0.04242537
0.12131638
0.10650203
0.52493621
0.83892578
0.6711691
0.15461439
0.04999472
0.56423417
0.87320122
0.23865161
0.11907763
0.41786271
0.48075483
0.81448698
0.63895106
0.21135813
0.69258882
0.7227075
0.22391001
0.92886006
0.20391437
0.45380273
0.1267104
0.48424873
0.84012028
0.97802381
0.94749916
0.11128167
0.35032756
0.01428078
0.16885752
0.7847761
0.48198379
0.20698769
0.32744112
0.25584913
0.32735755
0.43162223
0.67419724
0.87839768
0.93252466
0.6259516
0.50566071
0.25740817
0.47856038
0.44191031
0.03817253
0.91391227
0.43333374
0.87409825
0.31927533
0.61180846
0.02129056
0.27539956
0.71344598
0.96788297
0.88995937
0.43531144
0.74316951
0.86091584
0.38993101
0.79157741
0.68845865
0.22123444
0.17505084
0.82609477
0.2420871
0.23921746
0.25579494
0.002694
0.92700279
0.69529699
0.51432771
0.87936658
0.27197279
0.0136705
0.5003059
0.45101204
0.10077603
0.16550429
0.84988513
0.73146016
0.50163488
0.47029942
0.88574895
0.27186692
0.73726609
0.92207775
0.69480023
0.47214862
0.92151798
0.92560611
0.46857808
0.55401387
0.88564148
0.93701837
0.84126499
0.38216239
0.01048996
0.57512753
0.85299781
0.15863681
0.80452327
0.46659024
0.56526532
0.61219985
0.40924556
0.06496204
0.88048388
0.9417575
0.97114538
0.88132617
0.33578171
0.53721866
0.95417499
0.7700632
0.86596009
0.91377567
0.71539487
0.56755005
0.05512056
0.94798894
0.15096342
0.49204949
0.76217242
0.12093699
0.96136251
0.9531373
0.75580343
0.04518326
0.03018214
0.25597568
0.17943771
0.86266975
0.226194
0.87618709
0.8878728
0.90496649
0.09867464
0.01301135
0.85858065
0.5933702
0.42405884
0.58942301
0.5054805
0.04475077
0.65053419
0.98911006
0.43584279
0.57633618
0.1108389
0.66516595
0.76591028
0.73756804
0.17939277
0.20200019
0.62383138
0.77183027
0.65926561
0.16691373
0.89009148
0.74455543
0.35252296
0.04784966
0.35479334
0.76161556
0.00370919
0.49211316
0.52515877
0.85148575
0.97356662
0.65751634
0.37837039
0.48017744
0.27164211
0.07197669
0.17510031
0.18674754
0.73593614
0.88796326
0.08411575
0.09946251
0.0117271
0.00102801
0.87846868
0.22170046
0.10057199
0.39373993
0.53723853
0.11816339
0.2517867
0.01988391
0.51448256
0.00473188
0.00678627
0.79515304
0.98954084
0.83775032
0.56982631
0.24564093
0.36028947
0.92995388
0.11947983
0.78363648
0.3925746
0.79612934
0.39604436
0.55878094
0.83909517
0.89147316
0.78977137
0.09799108
0.25442255
0.47405092
0.09238317
0.76468314
0.15734571
0.14642369
0.28721878
0.34069284
0.89207985
0.29943805
0.66892436
0.16636001
0.07906976
0.45786763
0.13672395
0.46871906
0.50502193
0.09317007
0.14368882
0.85980944
0.55523727
0.38954974
0.77628411
0.16290264
0.14492371
0.23340574
0.3144625
0.23491996
0.85720839
0.60505883
0.22267478
0.92114865
0.28063277
0.80856819
0.75548797
0.80721505
0.01369912
0.57186461
0.33277499
0.42828996
0.23707708
0.19561365
0.17434124
0.65002224
0.19201564
0.29445977
0.9729558
0.51660698
0.68944498
0.68936081
0.12698183
0.63643479
0.64633252
0.04285194
0.98074055
0.22958001
0.59750969
0.35152167
0.83919974
0.03900518
0.47526266
0.96377905
0.35779474
0.19178475
0.60980933
0.27649058
0.96366758
0.36613615
0.13861749
0.25684655
0.34119598
0.88835537
0.29658923
0.4717076
0.51283457
0.38389209
0.40667865
0.2871175
0.584148
0.16521842
0.24095665
0.10805134
0.30400699
0.03781551
0.67276389
0.3729184
0.47365469
0.84028157
0.34525903
0.89833265
0.52723204
0.63825858
0.57736555
0.98406233
0.4089019
0.57270003
0.86493861
0.79335029
0.67635176
0.10095602
0.82469253
0.38263182
0.07471834
0.32829689
0.39986604
0.55304111
0.43506047
0.53183766
0.87966018
0.65932079
0.58566072
0.8073023
0.86344189
0.57281332
0.82381932
0.98671273
0.30897742
0.23943142
0.14157394
0.61924296
0.09054715
0.24340838
0.6673167
0.12953175
0.81426612
0.56780711
0.89582296
0.48195652
0.54838018
0.68401256
0.39477908
0.29620974
0.05469874
0.26196873
0.16592022
0.8351823
0.19221128
0.33895459
0.75807019
0.11905479
0.70720775
0.22925877
0.50405072
0.50396108
0.38379561
0.07501028
0.04425914
0.95227481
0.1689723
0.39511872
0.80090783
0.97284186
0.07395188
0.41477156
0.37069236
0.72411799
0.08498761
0.75319976
0.90132076
0.61459241
0.82870717
0.23763503
0.31792768
0.39106819
0.0200613
0.01139148
0.17019565
0.96264655
0.24675778
0.780929
0.43355815
0.42415876
0.85332206
0.11924808
0.09943671
0.89529099
0.75290159
0.03149801
0.13965236
0.104405
0.54620783
0.96387721
0.64963558
0.7997173
0.72653184
0.60414363
0.40341555
0.64049728
0.20902393
0.0051269
0.27794775
0.34804103
0.19071264
0.55035142
0.9857016
0.73051667
0.09106931
0.54063879
0.43156694
0.75918062
0.27352009
0.09349398
0.01577834
0.8353543
0.89241353
0.24135407
0.28177978
0.96314239
0.68223173
0.68531493
0.028911
0.73833781
0.08564086
0.60467155
0.39958553
0.76061895
0.61532585
0.48712586
0.65371413
0.41165234
0.33867044
0.63148804
0.25958004
0.04217186
0.76232686
0.95986026
0.10098849
0.41907592
0.77825805
0.00479123
0.06574075
0.26356453
0.55179189
0.90608325
0.63839187
0.4600334
0.22981383
0.40594331
0.67053084
0.43645568
0.47611005
0.25924383
0.26560497
0.28657354
0.81838562
0.00981434
0.07851331
0.85267658
0.93471911
0.15843854
0.50093247
0.37796818
0.53678054
0.00556827
0.02085889
0.75932693
0.551691
0.85242877
0.14403277
0.44998044
0.27586564
0.45115981
0.02942452
0.87938629
0.49074115
0.8925443
0.51921627
0.60566709
0.23866335
0.92706395
0.1867497
0.94243097
0.53712592
0.32235388
0.94386308
0.77828974
0.64512578
0.01582517
0.32519805
0.88199499
0.69139104
0.44568622
0.08620014
0.41367678
0.13662161
0.53351489
0.08969499
0.32298678
0.30363923
0.28536003
0.57801993
0.86056875
0.23287365
0.67559567
0.54246261
0.9383537
0.6669869
0.54823143
0.7284209
0.57791683
0.61897315
0.88155388
0.77822288
0.98992259
0.97422794
0.69337447
0.16364473
0.14398694
0.83171574
0.03428491
0.42604573
0.70242384
0.62813805
0.57989191
0.83449863
0.33740982
0.09886619
0.16125009
0.89911065
0.22265089
0.85669469
0.06312587
0.38991191
0.19248456
0.42179467
0.24870813
0.79198639
0.89881291
0.38536127
0.33008696
0.61148531
0.43920158
0.50286019
0.43190744
0.95202424
0.35553623
0.2024891
0.84071634
0.6589465
0.04466661
0.63826364
0.15264291
0.12870375
0.06395388
0.37579909
0.25876572
0.33000512
0.16392925
0.20357711
0.82508811
0.69623684
0.14812576
0.74617444
0.07395199
0.55547373
0.17473245
0.22047344
0.84180726
0.44423533
0.01931183
0.65241995
0.72769368
0.95844283
0.20655507
0.27712901
0.14470164
0.89012612
0.00452083
0.56535063
0.29957332
0.09899258
0.4049612
0.07122139
0.78471237
0.57809444
0.11849703
0.53951729
0.6313361
0.9258223
0.79412509
0.19218281
0.32773852
0.14435631
0.45256332
0.9794373
0.66172341
0.1293863
0.53674253
0.95057777
0.56748701
0.28265535
0.01112455
0.05574815
0.97194487
0.94647307
0.07941932
0.69213786
0.72659585
0.7217697
0.28836774
0.39353863
0.94817354
0.9620556
0.76842471
0.57543731
0.46613363
0.24532508
0.48504969
0.72383018
0.44027693
0.33265586
0.84942931
0.41152764
0.10199904
0.10634485
0.79118691
0.2018137
0.10958854
0.07186229
0.19905001
0.91802745
0.83169572
0.5196299
0.70038268
0.09195769
0.88902736
0.1428582
0.87038346
0.71574715
0.04949198
0.03160019
0.27629589
0.61711639
0.71175005
0.11532759
0.21588577
0.35615298
0.58018211
0.02956778
0.10439723
0.73385336
0.42103462
0.21015596
0.94438849
0.01347167
0.20927016
0.66515659
0.35992559
0.14703521
0.18485979
0.89301635
0.41456285
0.67916496
0.36406099
0.93892151
0.27283771
0.30022364
0.30570105
0.44621999
0.08073901
0.75744747
0.98360396
0.71739891
0.13350714
0.44146364
0.53054089
0.27139735
0.01663346
0.31131037
0.11011912
0.31353962
0.43921062
0.66346078
0.8445531
0.31689393
0.62520499
0.75973877
0.18102039
0.7064798
0.12370981
0.86435494
0.18882105
0.69590552
0.97265841
0.81770587
0.92560475
0.52980157
0.10105191
0.9063357
0.04947329
0.18244254
0.75979823
0.69802706
0.37816614
0.88453162
0.43046098
0.53729303
0.29433921
0.2843207
0.76634639
0.05026409
0.74227592
0.95568506
0.50519608
0.16307163
0.04362204
0.15918978
0.09076469
0.2838588
0.1976197
0.53195703
0.86152213
0.63975674
0.3104027
0.94506625
0.39247302
0.84292672
0.07551268
0.17151435
0.87422482
0.01988069
0.65309037
0.85063058
0.05866689
0.95102648
0.70260393
0.73486554
0.87325502
0.51370899
0.81912741
0.43427965
0.67346415
0.82881421
0.47293676
0.29670213
0.26688988
0.17265168
0.21349239
0.15322436
0.23265985
0.45783745
0.00010356
0.60299401
0.78363791
0.35706382
0.81364811
0.77332927
0.04245472
0.91559154
0.33456018
0.16751832
0.805421
0.21127736
0.64556886
0.01282317
0.58545392
0.16838455
0.56790111
0.48233052
0.82790019
0.61805397
0.15174614
0.89406562
0.49539339
0.31736553
0.83855263
0.01461308
0.11101442
0.83938687
0.07728405
0.6769171
0.33911774
0.03161764
0.56875417
0.76997284
0.04595773
0.75418216
0.01978822
0.91123754
0.70763753
0.77172297
0.86417149
0.31929484
0.39288813
0.92905087
0.95752493
0.42543905
0.70697525
0.00377369
0.09277634
0.74787476
0.68731076
0.56829521
0.87860966
0.86989353
0.45894496
0.26166419
0.03957861
0.52575288
0.60411977
0.10811979
0.84169237
0.67299162
0.98924412
0.10359379
0.83696134
0.32791451
0.76852502
0.84556642
0.09317295
0.69506018
0.93292387
0.26340198
0.45937739
0.8181412
0.20703628
0.63216775
0.2669025
0.98519505
0.71563622
0.19698875
0.73701593
0.06660932
0.55509723
0.79591349
0.69263215
0.61716712
0.88991419
0.51495394
0.46368516
0.09598659
0.25600883
0.8447943
0.57706251
0.20176375
0.85147045
0.23660662
0.00826773
0.95297508
0.21374209
0.87693089
0.95157327
0.83501367
0.54770272
0.4468296
0.79270373
0.55674358
0.48022587
0.73704287
0.21312494
0.4153834
0.53687975
0.3875152
0.63877494
0.75929191
0.31340173
0.66860697
0.47560635
0.02691093
0.88439095
0.47753518
0.00224467
0.2948381
0.24354991
0.34597689
0.80502975
0.61161988
0.85811281
0.21038567
0.77363463
0.0727699
0.78244821
0.88797846
0.83948278
0.91927983
0.69268069
0.10426853
0.95229713
0.08226885
0.93198071
0.88759826
0.23681144
0.61397856
0.36382455
0.85270913
0.1047333
0.28491573
0.55560808
0.32298065
0.7644947
0.42109964
0.21471319
0.86850821
0.90230954
0.03816102
0.00901345
0.88460978
0.29369953
0.27356697
0.39697945
0.93420521
0.22355365
0.966508
0.22100805
0.1544152
0.17271987
0.71556968
0.20966498
0.79442663
0.50545998
0.39283147
0.29751383
0.45182969
0.28014581
0.23858619
0.10198266
0.365676
0.47430444
0.69717994
0.49982695
0.43480531
0.98700556
0.66251941
0.28044826
0.00640429
0.5664319
0.486564
0.07845195
0.84377868
0.19700956
0.09568114
0.05072219
0.88297602
0.80211095
0.76511502
0.42155532
0.25224979
0.95328225
0.37089646
0.3390485
0.13223883
0.02487275
0.33185044
0.03772513
0.11251542
0.91167981
0.82938188
0.00078493
0.0624148
0.22101523
0.58613356
0.76586924
0.8949026
0.22135373
0.75229828
0.70744959
0.96405774
0.39454218
0.59374036
0.85807286
0.47089362
0.95975492
0.33918938
0.85269502
0.06885556
0.30694518
0.75104961
0.37007039
0.19600638
0.20325055
0.84583439
0.17249197
0.18722459
0.4090356
0.20279721
0.22126637
0.75580851
0.60028381
0.24618659
0.76205772
0.43611778
0.78628119
0.97596305
0.28029465
0.44006465
0.78922976
0.38975215
0.11926509
0.74559042
0.41534811
0.13959813
0.22109283
0.81261026
0.85828349
0.41504697
0.78818955
0.13925768
0.36659924
0.09021055
0.67984916
0.12673276
0.77412829
0.94238662
0.79375977
0.4937871
0.18424378
0.03540014
0.5548577
0.60028796
0.16035551
0.74897251
0.07907912
0.00700171
0.65644237
0.13691518
0.83945092
0.43372243
0.0713814
0.11741593
0.89063203
0.79627554
0.60979607
0.06980056
0.23311294
0.83705669
0.71258191
0.58002144
0.83567551
0.86287577
0.13728083
0.5229144
0.36299616
0.29984084
0.46575858
0.0229049
0.28237976
0.4244441
0.01655848
0.82135083
0.01971642
0.78464083
0.00575369
0.7838754
0.44549109
0.56610165
0.54687243
0.13632006
0.54722328
0.10505152
0.62335466
0.9730864
0.71698762
0.56979785
0.2434475
0.54555553
0.00787415
0.5586911
0.03124465
0.28724714
0.65593053
0.10908489
0.05969901
0.55849119
0.03164658
0.44707677
0.8515312
0.11055017
0.33037569
0.19373813
0.29698834
0.58480959
0.16323866
0.8974046
0.7406049
0.59639742
0.45498855
0.74680603
0.782755
0.64029292
0.31316017
0.11386044
0.58117481
0.94201181
0.46805286
0.88120113
0.24736674
0.37115642
0.76666429
0.42917823
0.74260223
0.6281879
0.53024957
0.04886625
0.35043618
0.59019916
0.33516251
0.19902495
0.57288314
0.3578031
0.58487859
0.25791614
0.2586752
0.02460063
0.36250958
0.64799151
0.41643136
0.56165047
0.09441177
0.14923775
0.65952626
0.82787183
0.50695584
0.610075
0.98954664
0.55986438
0.22339636
0.42259716
0.27779389
0.66679926
0.18124483
0.51714452
0.60150277
0.05242522
0.97594542
0.09012053
0.81444937
0.8658645
0.9537266
0.12813356
0.49239819
0.03931286
0.65688478
0.57019965
0.61307568
0.04389846
0.90917641
0.69511442
0.47328637
0.92914143
0.46340265
0.16318956
0.0363454
0.19877751
0.74182629
0.27685295
0.67658598
0.54309639
0.16814929
0.42240749
0.05293518
0.73866409
0.35609518
0.24990121
0.15358748
0.54803536
0.92853321
0.66513873
0.72216691
0.87280302
0.8417629
0.36519705
0.69951207
0.00208328
0.89238645
0.8190954
0.87044198
0.94789279
0.5943226
0.10409099
0.81860429
0.9195259
0.77205753
0.60437413
0.39844097
0.92149051
0.21282525
0.6889444
0.59349745
0.26243603
0.54308198
0.52064325
0.01855208
0.48726728
0.20448431
0.24582104
0.52034767
0.68174866
0.35371791
0.80755241
0.57533112
0.97739904
0.79645154
0.24879584
0.69525904
0.95912093
0.79392534
0.21279552
0.59227811
0.93262292
0.3013555
0.84673782
0.23078602
0.039939
0.49913337
0.10065575
0.9805397
0.91533176
0.15249865
0.97772067
0.1091574
0.64523155
0.14090781
0.49846285
0.34718141
0.26767641
0.63328919
0.87338302
0.45195545
0.51865566
0.35987632
0.75360126
0.95976399
0.30686552
0.76400368
0.97414962
0.01982035
0.4015656
0.15612468
0.76161704
0.88808462
0.31831506
0.80310887
0.7684616
0.08208631
0.43869846
0.67757623
0.98897174
0.35697199
0.96652849
0.29556133
0.39448824
0.1336794
0.30218518
0.28126053
0.15577742
0.38723161
0.8758253
0.80529896
0.8502415
0.88554652
0.24859145
0.92431009
0.90137176
0.23892844
0.84712729
0.05112131
0.50078979
0.12160183
0.004779
0.66510617
0.17173451
0.27196294
0.02091749
0.95728983
0.80199753
0.40792188
0.49141537
0.16276898
0.93724517
0.59952373
0.69360205
0.47558062
0.63453113
0.95475068
0.08704717
0.0957347
0.69194801
0.34911737
0.23331308
0.94251472
0.09352317
0.37909909
0.44589496
0.1133802
0.8590982
0.42183565
0.18398242
0.9810429
0.41512085
0.56054441
0.76297148
0.65299598
0.20685664
0.9434459
0.55620407
0.91601862
0.92686472
0.3275973
0.55464709
0.26004485
0.57689296
0.6419051
0.02300097
0.92510134
0.79992699
0.63417921
0.30566812
0.47092572
0.706133
0.56868552
0.92956475
0.52130491
0.40478519
0.92647267
0.28531956
0.44443074
0.45918293
0.39308006
0.10600039
0.43438147
0.34569316
0.01844653
0.13797245
0.69356632
0.52267139
0.59709615
0.53630725
0.22450104
0.24931049
0.59850991
0.91873344
0.33780484
0.11923996
0.79866705
0.73254251
0.45833486
0.16442592
0.06996102
0.34782045
0.44399102
0.04176046
0.122988
0.86831564
0.94379955
0.68236856
0.63927455
0.91638589
0.41209329
0.65155464
0.30498818
0.47475531
0.02405725
0.75682817
0.86529336
0.05669907
0.28089706
0.88149597
0.35903661
0.00057799
0.91140489
0.79526245
0.33939671
0.50593035
0.9510548
0.66740175
0.78270118
0.86996352
0.18179948
0.73915453
0.41238775
0.50555738
0.37390476
0.54254137
0.09301604
0.21918081
0.52132289
0.14358656
0.66527668
0.59466128
0.59844508
0.74316056
0.92426736
0.12395995
0.66684771
0.24442011
0.07257412
0.92627806
0.87830391
0.6168874
0.39675173
0.90420373
0.56052501
0.82867221
0.98595223
0.22857541
0.66606132
0.44299976
0.67923711
0.15581371
0.96937874
0.26604371
0.30110815
0.37698809
0.61812247
0.12575326
0.89484552
0.18225418
0.19639351
0.5753338
0.43587017
0.55643978
0.89098742
0.53811655
0.57108234
0.51337178
0.43285556
0.71670794
0.78210362
0.35068498
0.16182467
0.62538762
0.67087919
0.15814567
0.92675263
0.34387843
0.67980889
0.24093948
0.85483667
0.44551935
0.76270557
0.24085879
0.04133743
0.38135099
0.36784437
0.07610709
0.71064706
0.43368102
0.56223693
0.37119511
0.83040823
0.60776476
0.03692583
0.07456096
0.78262811
0.91286321
0.0350961
0.33696629
0.26217676
0.81526726
0.1160394
0.47612509
0.63249511
0.70897089
0.65712964
0.17320276
0.67274661
0.90251615
0.37140502
0.31067159
0.78250809
0.03577797
0.92317416
0.1311273
0.54651022
0.87207454
0.66762313
0.79488599
0.08320678
0.37656635
0.24831314
0.82227812
0.63991359
0.21000949
0.05305368
0.35001162
0.26746867
0.0960891
0.88247715
0.17228248
0.05140564
0.83315069
0.60996456
0.49705619
0.65275179
0.30899001
0.40972306
0.79692157
0.98913408
0.98263625
0.4585841
0.23671403
0.79830448
0.04053513
0.31178531
0.12245925
0.18744249
0.05774611
0.27837391
0.34811098
0.18664409
0.86606996
0.27356123
0.89478395
0.60547768
0.13050062
0.29185256
0.3108232
0.7802017
0.893167
0.91344157
0.28978633
0.00529508
0.19451184
0.18126512
0.06072369
0.9011411
0.87440047
0.47293091
0.03069589
0.11739955
0.49902135
0.69044235
0.983635
0.84534445
0.69736949
0.1900539
0.21710438
0.39594881
0.78142412
0.86171409
0.39005729
0.31017858
0.70142694
0.69973364
0.27400426
0.12953522
0.08605041
0.46573537
0.08467464
0.53243878
0.51289958
0.68715114
0.53656374
0.1807877
0.77327358
0.18821881
0.27598301
0.16462563
0.09021901
0.62616201
0.8038622
0.00306394
0.17604521
0.89870778
0.5772038
0.80926872
0.51954465
0.06900942
0.31500848
0.65890379
0.85796923
0.58591732
0.73875377
0.5441346
0.86505112
0.80092161
0.0500223
0.13724593
0.59586729
0.36872543
0.97445986
0.27557088
0.31796164
0.5861825
0.53484604
0.76740436
0.04631373
0.72020394
0.40228057
0.87857249
0.46965114
0.20920219
0.59869229
0.52837954
0.69304079
0.30905282
0.69693765
0.67143098
0.81256665
0.20514216
0.82507519
0.4061999
0.80157665
0.46356426
0.35227678
0.9881281
0.33857351
0.33869184
0.93015488
0.57153237
0.19868226
0.06615914
0.63122955
0.52712803
0.64896333
0.98320917
0.41006253
0.12331019
0.88665032
0.3121019
0.42825799
0.34130497
0.80367714
0.53161088
0.94144864
0.33123984
0.08422012
0.68133275
0.3956296
0.65712178
0.97541453
0.89729213
0.97025683
0.66192103
0.10790952
0.92448175
0.31295034
0.88017626
0.61641635
0.4425575
0.10019708
0.84318555
0.35316774
0.96579043
0.79707164
0.76026725
0.83865006
0.34265762
0.70310043
0.31599432
0.63408808
0.68008772
0.80859853
0.4619099
0.26106538
0.92166322
0.4464345
0.67468624
0.70157136
0.16367584
0.71316402
0.49525608
0.60585495
0.31640034
0.30561778
0.98178774
0.17570075
0.08170541
0.75118013
0.1345089
0.74171371
0.17948059
0.2868635
0.27823148
0.01658474
0.22016683
0.16884818
0.96800519
0.88709355
0.14299267
0.19912152
0.80196891
0.3546744
0.02163929
0.98370143
0.73357436
0.69336545
0.72347608
0.88132071
0.07504711
0.06800128
0.16025331
0.92840896
0.2263933
0.0132303
0.98764811
0.40889036
0.95261331
0.77753512
0.5457627
0.21888934
0.30743015
0.20006708
0.72491028
0.21133984
0.64529439
0.50917935
0.60060261
0.63841991
0.56196825
0.72660795
0.83494401
0.95992869
0.58627936
0.91679354
0.33873298
0.26220986
0.13066266
0.09344931
0.45397683
0.49137016
0.38274699
0.43925208
0.60933055
0.54219737
0.61961675
0.54199275
0.25371916
0.60888998
0.48696132
0.04793958
0.72704183
0.57681607
0.76340552
0.76420766
0.46960025
0.84430665
0.64855787
0.14790847
0.27180557
0.76978093
0.17304128
0.72017842
0.3793281
0.72228917
0.54798807
0.70533412
0.66076742
0.07440599
0.12955057
0.62526317
0.27823944
0.48588341
0.68193125
0.57601139
0.76891837
0.47335454
0.45583311
0.63737787
0.49188929
0.33488485
0.9469085
0.78466704
0.21031664
0.15328174
0.61352055
0.88588596
0.14481444
0.88566812
0.13707963
0.65289041
0.7833085
0.22663175
0.3405676
0.81455399
0.06270076
0.76376943
0.43395919
0.89093575
0.25092547
0.74662479
0.66615234
0.98980577
0.44532163
0.58413888
0.13218128
0.80439822
0.00157552
0.03115605
0.8720938
0.09981514
0.56823158
0.1638355
0.44666133
0.11253588
0.23572854
0.94082376
0.01338758
0.01870226
0.54648811
0.37501835
0.71885293
0.61493383
0.68521511
0.55881258
0.10999018
0.58990555
0.89042276
0.82815207
0.35494332
0.00699074
0.66413323
0.01277431
0.15050267
0.84478166
0.6284718
0.11526938
0.70824513
0.57044202
0.63201042
0.79304382
0.0555395
0.61414442
0.53595791
0.92678109
0.42524486
0.10930461
0.40382864
0.26416944
0.83606288
0.28989981
0.908002
0.73635567
0.21891927
0.70499069
0.55923308
0.1727648
0.14541558
0.22195617
0.81138106
0.44440018
0.19343036
0.39889598
0.2342641
0.67353121
0.55984489
0.95027301
0.22773407
0.97283954
0.44546817
0.74072255
0.88280675
0.79177868
0.06756812
0.60806929
0.87704411
0.23251793
0.69792945
0.5292603
0.11876475
0.95284577
0.36438466
0.67979991
0.93784788
0.77584407
0.79583825
0.70954201
0.52637045
0.79843518
0.66401665
0.76940549
0.55320944
0.17081443
0.42888832
0.94317362
0.95436716
0.24156263
0.29350513
0.8078013
0.74665498
0.71823769
0.22301156
0.5851004
0.87332994
0.42119317
0.66228237
0.96163492
0.70778994
0.11652736
0.22713398
0.0905953
0.55864932
0.8616526
0.19263225
0.05572633
0.94190646
0.91712635
0.47176535
0.54722756
0.26850651
0.30388952
0.31665295
0.1741541
0.08595578
0.36796725
0.45628041
0.68167075
0.0321226
0.72897769
0.42661736
0.39275942
0.19866897
0.12824794
0.57175253
0.0600755
0.07783984
0.39046223
0.13608192
0.51123948
0.01103236
0.56756491
0.25709301
0.62254784
0.95279055
0.0854459
0.93682818
0.8450859
0.24055847
0.43448948
0.72359845
0.38228779
0.94618988
0.92568342
0.81863034
0.95833914
0.94294017
0.18433531
0.17348927
0.22135533
0.34929923
0.58643227
0.19099321
0.47066464
0.65245807
0.9373094
0.74245103
0.02910594
0.00958368
0.60673578
0.49018891
0.49429596
0.46408256
0.79807133
0.89834037
0.76322564
0.29368216
0.41392406
0.97574739
0.84498727
0.57908936
0.58293117
0.40669372
0.09938531
0.66262945
0.24669486
0.63362981
0.86501983
0.11941224
0.004146
0.14159992
0.91596934
0.25632794
0.5338467
0.1637358
0.22039812
0.54696082
0.26171852
0.1626551
0.18551537
0.44206247
0.92766838
0.92093248
0.66450496
0.46163506
0.41331998
0.08116563
0.49876762
0.28641742
0.09303814
0.21027184
0.7209136
0.6513723
0.74346594
0.88358277
0.72111717
0.2543725
0.79099023
0.86040856
0.9448839
0.55326003
0.97459506
0.0054966
0.50997147
0.72397474
0.40291353
0.172268
0.40490885
0.1135656
0.05087798
0.55708449
0.50158602
0.78657833
0.0963912
0.01228063
0.75219763
0.38950741
0.49049878
0.5322293
0.25746456
0.25797699
0.8129385
0.78027803
0.59727861
0.24844909
0.16116781
0.65943854
0.1376992
0.81656665
0.43224363
0.23175061
0.02218906
0.40279781
0.45946535
0.25927488
0.49760314
0.0384575
0.77710595
0.64178246
0.15013949
0.37960785
0.73757296
0.18147941
0.03510666
0.21426696
0.4802274
0.55231616
0.76625716
0.31985699
0.5383365
0.15954539
0.32606597
0.35778484
0.20426519
0.51265347
0.44080511
0.03705119
0.87455088
0.34160669
0.13399584
0.68144105
0.29502432
0.63812642
0.89881757
0.1632953
0.72493776
0.58625584
0.17861382
0.95790244
0.06904948
0.60525996
0.59735601
0.73078433
0.5284543
0.33535462
0.60491229
0.8041051
0.9677347
0.13370855
0.5131136
0.09844581
0.13444044
0.26018569
0.31207769
0.36383718
0.49480975
0.16140746
0.63649365
0.13248381
0.94953064
0.59572637
0.06202591
0.47564657
0.4044138
0.72937975
0.33544801
0.39485916
0.75154724
0.04048239
0.24096622
0.46602512
0.06942592
0.72888946
0.60718756
0.42752948
0.61224673
0.12243162
0.93139787
0.79628052
0.60901923
0.3211408
0.91635268
0.29801148
0.1943514
0.61792526
0.59393978
0.52289978
0.92297348
0.3990694
0.79639491
0.75228232
0.20566411
0.18364787
0.00994069
0.96239819
0.93144996
0.91833536
0.88602346
0.32106257
0.12884146
0.32418741
0.13986496
0.86675893
0.102531
0.97898711
0.89013032
0.47395974
0.00559377
0.49247127
0.88130626
0.95235303
0.69296016
0.57183007
0.83443415
0.86939245
0.44348576
0.45614124
0.64840639
0.41104345
0.1607328
0.43336399
0.23902453
0.24116947
0.94646372
0.26904331
0.90638561
0.82923869
0.8323798
0.30437801
0.30318463
0.48102056
0.48221993
0.09907698
0.48191447
0.06908123
0.1534981
0.16001688
0.54316714
0.78244683
0.69673537
0.96877785
0.36889365
0.84547258
0.38869544
0.71447441
0.84550871
0.30207284
0.71217014
0.15588643
0.83955014
0.83008034
0.12258415
0.4064439
0.48781819
0.66568263
0.0344891
0.9561354
0.65475283
0.08802223
0.01610587
0.50857778
0.7627591
0.31261611
0.87676488
0.88630461
0.40656929
0.18673747
0.86912426
0.43972222
0.07848281
0.46942518
0.08456049
0.14371706
0.47072638
0.54316212
0.66309828
0.21557137
0.88770595
0.71945604
0.46777831
0.45177007
0.2928824
0.0012236
0.08006597
0.28659193
0.22694898
0.88060439
0.53033049
0.33953321
0.62611921
0.35848705
0.19558789
0.78500949
0.47035205
0.86793026
0.4211456
0.81277664
0.54956038
0.07648504
0.35134201
0.95165943
0.43374413
0.65946591
0.52257717
0.9473379
0.77416537
0.58318447
0.7490162
0.23906524
0.19185641
0.62030618
0.09363189
0.31872305
0.31485299
0.91826711
0.13715803
0.49959161
0.80917217
0.0986727
0.49450019
0.44237211
0.78653558
0.74295986
0.10186574
0.30329033
0.32128857
0.1700072
0.84374077
0.35368787
0.96990143
0.57011804
0.42243081
0.54183491
0.92489024
0.14287406
0.80209125
0.08576401
0.19060849
0.54501103
0.03078713
0.42718605
0.06902653
0.36422815
0.00638577
0.79825174
0.86340605
0.16940851
0.58745909
0.13474218
0.57246921
0.88257161
0.22308847
0.47709508
0.69668676
0.76598435
0.47480749
0.26190503
0.14562124
0.20190006
0.39582009
0.85140018
0.55385596
0.17934675
0.53331707
0.89563477
0.98014946
0.85258072
0.11723148
0.44956438
0.59680474
0.29344058
0.34911389
0.51482423
0.70567381
0.44686054
0.36313447
0.66852624
0.0638387
0.79561763
0.42558334
0.95941101
0.87205583
0.10699185
0.83844544
0.13265629
0.84286795
0.89958454
0.06688356
0.51233619
0.04159073
0.6369183
0.00976844
0.03386969
0.69289375
0.97781473
0.73165522
0.38701804
0.30605503
0.94751364
0.2074686
0.68841848
0.3377027
0.60367848
0.96732128
0.93190644
0.89613896
0.51557097
0.69359892
0.06380993
0.16813917
0.27259432
0.92883187
0.22026828
0.43037977
0.63924861
0.08023633
0.44023938
0.42279384
0.71928561
0.22676109
0.85125422
0.70022428
0.35192541
0.39044471
0.20199328
0.27247233
0.71927961
0.42413818
0.52793016
0.02674789
0.6577603
0.15593864
0.87504641
0.97545761
0.65108128
0.36465558
0.68064272
0.50797231
0.89039958
0.80918269
0.30083086
0.7434723
0.1366367
0.25633695
0.22995839
0.09472245
0.21260851
0.61552664
0.78395134
0.02954197
0.80358603
0.75598454
0.33948166
0.90063939
0.07428556
0.9061106
0.44482589
0.77100904
0.61148909
0.66826567
0.62403943
0.97891019
0.63963428
0.69804462
0.11658491
0.19703473
0.85934586
0.41131499
0.7281999
0.92989516
0.70377603
0.72987586
0.42549836
0.85682396
0.62695909
0.4858298
0.84311618
0.26362286
0.25795585
0.77531222
0.29560957
0.51233819
0.0759048
0.50580679
0.79429658
0.69504393
0.81642838
0.78096247
0.35207143
0.76024601
0.37865417
0.90095305
0.29461787
0.01071266
0.15370973
0.949599
0.47941577
0.65374512
0.66458669
0.03093884
0.02418189
0.81754708
0.17775844
0.56644669
0.08942117
0.33275227
0.73828055
0.80035109
0.00893715
0.59282803
0.58283922
0.78248879
0.34308223
0.92000983
0.63450225
0.80769854
0.47037271
0.88988018
0.53735627
0.26393401
0.37010959
0.53632814
0.72457459
0.16316605
0.25079823
0.40730863
0.05872139
0.12087903
0.91625314
0.71239111
0.83066243
0.94914724
0.32856811
0.28283657
0.74264534
0.22456369
0.13731459
0.9561478
0.09031612
0.45616997
0.21051442
0.32399093
0.08494852
0.79653544
0.11348426
0.3092885
0.50893276
0.52957468
0.03921083
0.20209046
0.2635688
0.14246376
0.72741431
0.00020023
0.11339024
0.46964983
0.49957398
0.67263242
0.18456831
0.61471371
0.10215342
0.26429246
0.12878989
0.203641
0.26147172
0.89864166
0.98595832
0.39310928
0.51621187
0.40580519
0.64485562
0.23358132
0.65320407
0.86529908
0.3120789
0.75248325
0.64907961
0.93338435
0.77519908
0.24246677
0.10470195
0.37807626
0.65242331
0.54696647
0.80955503
0.50901909
0.55849467
0.22810728
0.19764824
0.89772917
0.05637777
0.69535762
0.5518426
0.64759959
0.37361496
0.08484658
0.23637788
0.85858255
0.9389631
0.69395228
0.21574032
0.20520661
0.30689898
0.44467098
0.61344625
0.34410458
0.96002051
0.97290333
0.6697094
0.20694354
0.76091356
0.88913018
0.54206393
0.12287492
0.51499462
0.82564789
0.62910417
0.56992152
0.5003887
0.97686326
0.65592957
0.22737009
0.97749227
0.60766885
0.8312282
0.42407677
0.84496632
0.76046055
0.09303558
0.16999941
0.94289259
0.02842642
0.06529188
0.8593912
0.76937592
0.88583657
0.92219813
0.94399858
0.09709878
0.72252667
0.27110269
0.62192622
0.23322884
0.36260152
0.60915247
0.13480424
0.85737872
0.27753112
0.14300284
0.14068957
0.04587922
0.10260108
0.96651709
0.33117
0.53495799
0.62699043
0.67226342
0.41420412
0.53727963
0.08046048
0.80565315
0.41977391
0.60982585
0.61431948
0.5882231
0.30310972
0.44080876
0.78475416
0.89593973
0.97532453
0.09140259
0.60118797
0.83169989
0.41650472
0.71097726
0.3270774
0.85917375
0.76480643
0.29414481
0.95051175
0.75197516
0.59859236
0.82932274
0.7468272
0.4305566
0.10320176
0.76215617
0.14894351
0.42477279
0.8683107
0.46094931
0.95905812
0.1317023
0.05096442
0.47262318
0.30989772
0.06797622
0.31038458
0.83589465
0.32949308
0.98468925
0.65020271
0.94766517
0.17994576
0.65565754
0.16506414
0.57638523
0.29919596
0.53098221
0.27400011
0.76480074
0.97239244
0.46187343
0.9254687
0.64334777
0.54574289
0.74338309
0.75851009
0.10425284
0.72715934
0.12124474
0.00061434
0.85557506
0.63471489
0.26406467
0.5213414
0.40760974
0.81385068
0.56631757
0.97777361
0.62501362
0.81979183
0.89979878
0.93921776
0.52249374
0.02283746
0.93907889
0.24325859
0.02782022
0.87790295
0.22764441
0.0376222
0.83374752
0.01925543
0.57596984
0.67280748
0.28858522
0.21878852
0.59758109
0.83830927
0.2943592
0.2441007
0.92132981
0.30424403
0.37592114
0.20199178
0.77902455
0.63978647
0.42929187
0.09850116
0.72370153
0.22786566
0.35974675
0.26831896
0.1937358
0.96932528
0.85582112
0.60619048
0.09515442
0.37357048
0.11988804
0.3706581
0.7184642
0.68893746
0.12168313
0.03099417
0.02306622
0.15431669
0.71111403
0.06336969
0.87697942
0.01998035
0.61865692
0.62247772
0.07203605
0.36166657
0.93005795
0.21725519
0.93000149
0.52327002
0.48491697
0.11320425
0.07627648
0.76109695
0.46819702
0.32256752
0.44999501
0.98313385
0.45235443
0.63442933
0.57592579
0.53258905
0.1786628
0.33353844
0.35644702
0.63487147
0.75441733
0.76742856
0.6994304
0.40416004
0.28157313
0.94979965
0.03844761
0.98887782
0.02154123
0.25279269
0.6774104
0.67819764
0.64086484
0.37194996
0.8675967
0.29074675
0.47237006
0.26480608
0.60567482
0.02236661
0.97959604
0.9565561
0.19986585
0.40702389
0.79903885
0.72867526
0.325898
0.88480261
0.12299308
0.8339128
0.00930212
0.81238174
0.4211231
0.10771563
0.35764757
0.31033696
0.32496953
0.86523886
0.39016078
0.4683706
0.70500169
0.50783587
0.05010247
0.14720329
0.56520077
0.3211218
0.93733133
0.46521159
0.39071375
0.68692475
0.49042545
0.02430921
0.9554641
0.88371848
0.54250651
0.07239278
0.9485059
0.85949992
0.91394066
0.96147809
0.93296252
0.32148134
0.30548578
0.40790632
0.8759603
0.81809755
0.24681406
0.69366605
0.54742734
0.22391656
0.28191719
0.40505727
0.02926916
0.70660687
0.04807492
0.05623805
0.90736642
0.1786765
0.2592385
0.37971863
0.05590901
0.46318565
0.18567784
0.04838776
0.48243079
0.82042563
0.87873817
0.98430985
0.62277744
0.94499392
0.26204069
0.5937131
0.84713623
0.82978825
0.19723924
0.7999341
0.27399489
0.698007
0.51260361
0.25234029
0.60686859
0.55151602
0.92711491
0.85389305
0.76773654
0.90064241
0.60748064
0.77957476
0.17565422
0.3844578
0.57837268
0.82811085
0.79559054
0.42757725
0.75895411
0.18584961
0.98368685
0.31524952
0.0222449
0.07654692
0.84597091
0.12629427
0.20567007
0.36974249
0.26418826
0.48641936
0.92554122
0.84887013
0.23838713
0.30033337
0.50604494
0.24043379
0.52623031
0.05710469
0.12558987
0.12240786
0.11092379
0.84271497
0.31941162
0.12164472
0.52775647
0.0458967
0.16619643
0.6861165
0.80601728
0.56330336
0.22884593
0.61792256
0.18179006
0.01643372
0.49701223
0.79390922
0.86701739
0.35075477
0.3579374
0.21768726
0.91459637
0.9761661
0.92955549
0.93216815
0.54590952
0.20556378
0.87082446
0.57208605
0.50412001
0.93984233
0.3754404
0.56074518
0.92062606
0.43749158
0.09222156
0.01454177
0.53989551
0.6845304
0.1500266
0.93564071
0.6736655
0.65270537
0.93605379
0.9303787
0.19445285
0.38039839
0.1299025
0.67535376
0.58333152
0.81615934
0.90307225
0.34189577
0.64072071
0.3327235
0.45313729
0.97326232
0.37904477
0.56933518
0.12915908
0.88662713
0.70017453
0.63507288
0.73218549
0.85261134
0.42093161
0.22153909
0.49386458
0.55534531
0.02775376
0.49894847
0.65409445
0.41857601
0.6509018
0.94777858
0.30225712
0.18667497
0.67058793
0.28189831
0.81041958
0.9683588
0.79138817
0.86332266
0.33491898
0.90529238
0.3523757
0.7290255
0.85154135
0.93054155
0.85730995
0.18432713
0.185615
0.38269939
0.13259985
0.11539452
0.3661268
0.57965688
0.32771199
0.10438431
0.23357335
0.64168458
0.07851061
0.95021798
0.33688562
0.88738168
0.09662268
0.85540533
0.06509047
0.7499719
0.07485972
0.33758799
0.54271202
0.94923191
0.73091639
0.78768343
0.31920153
0.92240303
0.5651698
0.46384565
0.28053021
0.59382525
0.89694404
0.39941762
0.4017727
0.61073253
0.4158438
0.5790763
0.95811724
0.23948405
0.21994291
0.63729782
0.79064702
0.71727264
0.13939765
0.06733795
0.10642836
0.21537098
0.98879339
0.98894379
0.00577634
0.89996203
0.96327872
0.29736579
0.96600823
0.21297374
0.72790391
0.32930517
0.21891568
0.75637584
0.56600861
0.92487235
0.15127509
0.76666134
0.1322152
0.11786733
0.15078466
0.06080596
0.70512328
0.07654084
0.58462547
0.82790113
0.91675486
0.85398672
0.07248447
0.92065626
0.36380468
0.36372865
0.68009929
0.06361637
0.05853346
0.29146229
0.18941115
0.97175839
0.49176413
0.06693976
0.54620141
0.22930761
0.85830594
0.25889797
0.64363571
0.96538854
0.81937338
0.21576861
0.02290347
0.49326854
0.03099763
0.79033976
0.18542769
0.52783846
0.16356391
0.89503154
0.05917284
0.04200723
0.87104014
0.02738244
0.23937201
0.28721468
0.36790901
0.20243016
0.24285301
0.49007996
0.49935776
0.71439507
0.81850151
0.85337269
0.96445748
0.86287511
0.66201243
0.05583655
0.61493679
0.44563163
0.1142374
0.91218617
0.23115108
0.95477883
0.6560605
0.09664845
0.24911494
0.09181758
0.13674072
0.67737774
0.25486682
0.17704795
0.58308547
0.64516272
0.96080935
0.93516072
0.67540776
0.83601202
0.2149047
0.77704873
0.47587286
0.6611314
0.7008466
0.04294834
0.94296621
0.21112071
0.04845049
0.22060933
0.53596811
0.87968449
0.81987164
0.91933803
0.32922021
0.04485737
0.74366568
0.98668915
0.47165498
0.82075129
0.5303948
0.90873728
0.15381659
0.67111819
0.47146987
0.00092209
0.77554094
0.80950053
0.24536806
0.40377203
0.03135038
0.13096633
0.68935402
0.87495492
0.83696982
0.28227398
0.18279712
0.97478738
0.82105686
0.22286666
0.55674579
0.1186997
0.97883684
0.41076363
0.67240991
0.49981738
0.2980278
0.96047341
0.61417424
0.86150956
0.41256758
0.73311269
0.85152923
0.61848725
0.06492786
0.74770335
0.50926675
0.68468421
0.65870158
0.51493546
0.57337001
0.329624
0.46154211
0.77375064
0.35928209
0.3422777
0.4231821
0.35933829
0.34584325
0.08948005
0.93345098
0.9892332
0.59646105
0.06183385
0.43040128
0.33505202
0.83333945
0.67176661
0.03206425
0.16269226
0.08961292
0.38735186
0.19843817
0.29271701
0.16924743
0.07057356
0.88995201
0.38269817
0.60917072
0.042663
0.56364656
0.98981426
0.72757961
0.87596508
0.26870829
0.04742127
0.07984485
0.37208872
0.87484393
0.35163487
0.29718827
0.78920079
0.5229868
0.88398966
0.67353009
0.88681261
0.67853999
0.30010066
0.61678589
0.62403224
0.38872564
0.8631029
0.04769779
0.18742179
0.58287368
0.36534062
0.96609004
0.62396939
0.66045599
0.78730712
0.60639316
0.98514643
0.79705695
0.06579622
0.80342112
0.59733599
0.91282576
0.40799152
0.51415164
0.58007021
0.56852571
0.35665204
0.32969931
0.55726339
0.73809733
0.18371261
0.78167375
0.83123425
0.98290425
0.90573659
0.00171086
0.01981485
0.86619239
0.370954
0.3994551
0.98037797
0.09173898
0.65267599
0.71982368
0.90966988
0.41019177
0.78692596
0.14366066
0.83249708
0.80037602
0.3629965
0.09036401
0.15844405
0.74611612
0.93251494
0.50233249
0.97198837
0.51705071
0.4651178
0.27873072
0.36327619
0.39801897
0.69182918
0.26636203
0.8735919
0.77068319
0.61929749
0.8431592
0.96988646
0.18421459
0.01250935
0.2684986
0.32277555
0.21841626
0.59636279
0.70336836
0.43651309
0.57484521
0.33814091
0.54975762
0.17729195
0.75799355
0.46926878
0.21110751
0.38673676
0.65802777
0.86789417
0.98331748
0.62685955
0.98792612
0.27031206
0.46856572
0.2384222
0.44795693
0.88403209
0.49405156
0.07759075
0.78238877
0.47804793
0.02065882
0.69511519
0.01288874
0.5256992
0.0557381
0.77258529
0.6234605
0.25254149
0.9798379
0.19701166
0.35736965
0.66820402
0.73189517
0.2339631
0.18449479
0.08180588
0.71160704
0.09549247
0.20048095
0.19946808
0.79197669
0.27739848
0.83704061
0.79262071
0.43897582
0.81507811
0.51660305
0.85328255
0.15712771
0.48672256
0.69091718
0.00418508
0.1646907
0.61122414
0.39027901
0.9526929
0.9449373
0.91181735
0.26890679
0.4537145
0.47666657
0.0126858
0.14871529
0.94324709
0.55341234
0.06175746
0.72376319
0.98953519
0.5268024
0.75054621
0.46119312
0.16820471
0.19212939
0.58830724
0.73005371
0.83907574
0.71437617
0.56417504
0.21967754
0.55118927
0.98956671
0.82077444
0.54428789
0.33917518
0.17177602
0.60463544
0.48281104
0.40100093
0.77193883
0.44003595
0.03278106
0.83795215
0.03246451
0.71337231
0.74338972
0.53414198
0.30854669
0.10028979
0.23807988
0.65557636
0.68889032
0.97106833
0.78905105
0.40935322
0.70532463
0.93360722
0.33892045
0.41391448
0.61399792
0.59983918
0.51632966
0.94148674
0.2934487
0.32945337
0.61950521
0.11389967
0.94377739
0.55088633
0.15059628
0.72872533
0.74100952
0.42071787
0.60291502
0.26664541
0.542624
0.50247761
0.37670566
0.53203
0.76029104
0.27353075
0.96754881
0.15142483
0.05681544
0.75933971
0.40037002
0.89960381
0.44123824
0.92561546
0.82175593
0.39085328
0.76147021
0.34205628
0.54774309
0.87798877
0.1854345
0.79843257
0.20638691
0.52420178
0.47521053
0.2070827
0.08485452
0.69911332
0.00141711
0.84630876
0.60765678
0.33117663
0.82510417
0.55795758
0.12853586
0.10677112
0.91842854
0.03562103
0.43230594
0.96376497
0.2269258
0.36432456
0.49632488
0.98771492
0.05132384
0.73439866
0.07522915
0.43743456
0.1067756
0.39482129
0.41870344
0.62147391
0.49829596
0.47887208
0.67141196
0.35616884
0.41045352
0.4582803
0.13414444
0.00523951
0.20353755
0.06472567
0.07014951
0.04647877
0.72312275
0.45638186
0.43040598
0.73926274
0.10426604
0.10978576
0.73131115
0.29253006
0.28956151
0.90035601
0.40803654
0.26472442
0.95900715
0.81490751
0.96694359
0.81123404
0.32132606
0.40880574
0.96889494
0.57810485
0.89834616
0.13056084
0.5834638
0.43928658
0.90576039
0.15142101
0.699142
0.56771917
0.82254167
0.0041058
0.26128522
0.77148307
0.14970128
0.95236718
0.64091667
0.48748301
0.09411269
0.13096335
0.57083805
0.9433164
0.11460406
0.25577744
0.58143836
0.50159386
0.98165778
0.32788326
0.42762334
0.10595881
0.83891028
0.67075059
0.0277402
0.41433792
0.67744782
0.39451459
0.62427973
0.24273372
0.43426567
0.06518967
0.07960769
0.97469911
0.83220431
0.74601498
0.45934979
0.46994811
0.00807527
0.00259335
0.8452599
0.19571792
0.68793769
0.53103426
0.42674643
0.07869032
0.26711672
0.07679362
0.66182804
0.55446165
0.29392476
0.2466781
0.41617325
0.83105084
0.66408176
0.55122351
0.59589293
0.79691148
0.47173892
0.48518751
0.11757617
0.77174645
0.84463548
0.54860021
0.08167304
0.8271615
0.19972163
0.73667832
0.50969058
0.01356588
0.40890804
0.01380388
0.31709961
0.94267035
0.09745926
0.91423849
0.0323718
0.46864673
0.95656756
0.7981038
0.6463325
0.58614351
0.80677398
0.51710867
0.79803583
0.02606808
0.5761843
0.5348174
0.48964489
0.9076956
0.62595244
0.37780872
0.41689716
0.88939151
0.98797638
0.80278517
0.72970206
0.1645393
0.5632184
0.92206288
0.68317164
0.55737908
0.3241733
0.7283162
0.53777781
0.22924859
0.65765758
0.20667263
0.00748771
0.52564095
0.62058241
0.93368297
0.68245465
0.23317853
0.80489565
0.42470288
0.30960983
0.57276683
0.23420417
0.71852851
0.81451899
0.44769954
0.29659835
0.43493555
0.29714546
0.5946876
0.93660527
0.4339476
0.72163243
0.2766889
0.97313579
0.5263063
0.73672563
0.54406512
0.20988787
0.33636556
0.73892985
0.33531648
0.5752143
0.0640805
0.33316381
0.75254901
0.64231328
0.03289621
0.4173363
0.2983394
0.12628414
0.64679116
0.28753688
0.23969997
0.26988556
0.54899638
0.55886013
0.4256111
0.61603438
0.18210189
0.80824877
0.81650799
0.26477286
0.62851373
0.45329765
0.35828502
0.66786157
0.11607596
0.74467625
0.59904696
0.39106826
0.84507679
0.91855025
0.80203672
0.18207886
0.39509208
0.11023637
0.2944684
0.37118446
0.05894195
0.70498935
0.65243235
0.85504544
0.70884914
0.17774032
0.48137079
0.47664068
0.14298725
0.66245181
0.81905917
0.62409683
0.0855135
0.09591161
0.08737891
0.21730687
0.18522569
0.07457037
0.26842929
0.53664338
0.75258473
0.7637956
0.96798372
0.71279677
0.4699031
0.77340666
0.38259748
0.83936661
0.35456506
0.66664609
0.00953349
0.19937296
0.28663339
0.83756403
0.4565076
0.04877066
0.20116905
0.06539868
0.14960017
0.15997875
0.09774684
0.59687712
0.89160379
0.91531968
0.80255017
0.55207857
0.93384982
0.75445073
0.22205981
0.85341105
0.34541016
0.65546992
0.11774523
0.15391342
0.42988024
0.0585866
0.54409674
0.63231977
0.25602229
0.41898086
0.95371207
0.08495982
0.90765583
0.55642742
0.49056962
0.97395646
0.22990462
0.57422892
0.45159298
0.68537554
0.09712786
0.12986708
0.36496437
0.57260089
0.20673631
0.6668204
0.31389149
0.56119305
0.32167946
0.17362014
0.2426941
0.93398513
0.757081
0.36204414
0.78148788
0.05592554
0.40947134
0.71264218
0.15783554
0.1117283
0.84172363
0.54820133
0.06708637
0.49199691
0.12074955
0.49086427
0.23147418
0.7998439
0.53061356
0.74769394
0.11629273
0.01833525
0.60814438
0.68288346
0.22963236
0.64462608
0.35738501
0.76386318
0.87553568
0.71236315
0.13043766
0.20712953
0.54156668
0.76036113
0.77316997
0.88407653
0.68071464
0.44249773
0.38412846
0.34372426
0.64775934
0.3096766
0.3646166
0.41928799
0.3031627
0.94054552
0.61653014
0.28535221
0.93772847
0.20301728
0.35553238
0.48278683
0.35205419
0.53316884
0.60342134
0.72670311
0.91321276
0.23515206
0.542698
0.64016832
0.6716396
0.86366725
0.55365698
0.60738091
0.17737103
0.6766397
0.65320451
0.60165152
0.59417854
0.57740055
0.7893322
0.82747759
0.28989742
0.58262461
0.16593366
0.68605871
0.04840568
0.38095526
0.93315032
0.41948458
0.54221479
0.30586794
0.51988431
0.47277384
0.42864309
0.20723882
0.20854086
0.30535221
0.93459042
0.57896112
0.25935677
0.68235669
0.13317392
0.06350779
0.16391632
0.85440413
0.59675342
0.07594694
0.19156815
0.0429827
0.43575513
0.58036073
0.91788715
0.83395588
0.8007514
0.42672654
0.90144416
0.52710683
0.13163457
0.19725515
0.52856098
0.303045
0.61574818
0.56772939
0.29545549
0.59154362
0.7736516
0.22710544
0.63784088
0.61515343
0.61253729
0.66547095
0.96115925
0.82045853
0.15098558
0.69522252
0.26439527
0.64641448
0.94533543
0.79748856
0.25906228
0.3157231
0.07217452
0.31076412
0.67650412
0.92131009
0.15024805
0.74678091
0.2721106
0.3276256
0.88559326
0.93198668
0.22231718
0.74103404
0.78316348
0.09508609
0.13178588
0.92971297
0.3088435
0.87096047
0.89580177
0.1844466
0.51727221
0.92457026
0.16762075
0.5245154
0.06717998
0.8856488
0.12773722
0.16897923
0.38836519
0.04538338
0.81038408
0.87899861
0.07963771
0.58590064
0.76454954
0.40261694
0.69708646
0.54227602
0.42823561
0.80980958
0.11131628
0.79302871
0.73624854
0.45640662
0.33282285
0.3575783
0.32011376
0.39083278
0.21258781
0.06125541
0.63153609
0.79067692
0.13661758
0.66406286
0.05668217
0.2008944
0.30741428
0.58291178
0.90597419
0.3712844
0.23902831
0.89725171
0.94824445
0.64339117
0.40659464
0.45927162
0.79087947
0.31693829
0.52125475
0.39003561
0.82085778
0.2612265
0.69972679
0.87760841
0.12238061
0.4635258
0.05508062
0.47397166
0.79543468
0.72238563
0.61179507
0.48073343
0.94422851
0.78837851
0.83545644
0.60456694
0.08655587
0.1123914
0.27566732
0.59320715
0.6867722
0.81675372
0.51694619
0.01321371
0.32991431
0.63207228
0.38633503
0.41214176
0.53756828
0.48368156
0.6992966
0.13180657
0.53388151
0.78270629
0.50897384
0.51638258
0.27247231
0.12478507
0.36480193
0.31471571
0.70488193
0.48917879
0.7688459
0.07896118
0.28182304
0.81318886
0.57919981
0.33326108
0.43491222
0.01980259
0.32560697
0.14301504
0.12297434
0.16977001
0.98920566
0.38687578
0.85174262
0.86700538
0.15898528
0.31964283
0.54435495
0.64514407
0.80780409
0.01651761
0.45134122
0.27558254
0.34892708
0.80145947
0.62289838
0.31220934
0.24317049
0.86041026
0.08921443
0.959325
0.07125263
0.72481524
0.38970584
0.58133094
0.24537903
0.93020365
0.55767048
0.41366041
0.33460406
0.57805227
0.65479112
0.47180244
0.36027991
0.94622543
0.91570641
0.89991804
0.96429066
0.15054972
0.88184293
0.19178273
0.42681135
0.68153385
0.88524343
0.41650547
0.46699421
0.75301626
0.08712353
0.34663735
0.41839143
0.0769139
0.9565803
0.83498185
0.92480302
0.00907834
0.69834912
0.26959171
0.71815832
0.07859442
0.55090782
0.9603312
0.11220359
0.738828
0.01659716
0.7968521
0.71610049
0.24118948
0.60011968
0.01488269
0.76914959
0.69916697
0.33445137
0.35176418
0.75088229
0.5883978
0.30914804
0.888611
0.73539784
0.14659143
0.1524295
0.96043422
0.84438243
0.36635305
0.56865975
0.28932756
0.17629003
0.57695833
0.7371408
0.57371511
0.83655894
0.90849753
0.73954828
0.5944436
0.2977578
0.94191789
0.22057015
0.11508369
0.11293545
0.83950704
0.04647715
0.66845284
0.79665932
0.50360689
0.76823948
0.83690881
0.35471654
0.81184544
0.5026616
0.68302431
0.71126763
0.89598033
0.31337726
0.48642839
0.17559836
0.7258577
0.34082479
0.33589279
0.42871239
0.89665809
0.21540737
0.93500294
0.54031305
0.29013609
0.05749498
0.82877144
0.04908802
0.88890394
0.34779422
0.09127051
0.64044759
0.24156171
0.48920261
0.10662295
0.04619058
0.0161222
0.29721449
0.30141665
0.21991606
0.21229198
0.03697808
0.71869269
0.3394988
0.60890565
0.74155098
0.64603379
0.21512448
0.01700665
0.28152455
0.22681593
0.07323584
0.53812047
0.65252101
0.84484344
0.42825361
0.30341365
0.98301772
0.43239988
0.28250783
0.55383201
0.17792317
0.26435096
0.364151
0.63788442
0.65971552
0.23211328
0.31888093
0.05747244
0.61227078
0.51214275
0.15732216
0.77697664
0.8568921
0.684168
0.65016208
0.8112353
0.05570129
0.28221248
0.1992549
0.57008852
0.78902617
0.2827178
0.33319229
0.57211142
0.19005437
0.92737012
0.92332903
0.01706058
0.59131452
0.10031086
0.19986194
0.06635761
0.1064948
0.12855024
0.09855974
0.41458129
0.37913321
0.29464891
0.82841205
0.58007534
0.28389327
0.68622056
0.30344291
0.95957044
0.49102034
0.62605536
0.01859672
0.10634617
0.06050464
0.70463327
0.03903795
0.61119598
0.63330163
0.47065
0.21208816
0.53566852
0.10200693
0.10654576
0.11390249
0.33382055
0.15836867
0.33027253
0.69922007
0.7382519
0.16996421
0.28363819
0.35746604
0.77458265
0.17176086
0.62743792
0.94306845
0.56439819
0.54028852
0.68245268
0.68570742
0.27897107
0.41759864
0.84227518
0.85300744
0.36226581
0.21223564
0.63619039
0.73519353
0.74116574
0.87424641
0.82833592
0.61351144
0.23981372
0.55328686
0.40949803
0.06457491
0.670339
0.43264601
0.1123796
0.96245632
0.68278028
0.91172311
0.59572573
0.65167708
0.34446202
0.55238511
0.75706554
0.20407615
0.04669538
0.70831953
0.25904658
0.34887164
0.0302354
0.60045229
0.20563916
0.52701212
0.36052895
0.66381734
0.97297924
0.44608837
0.75501684
0.84135665
0.36533821
0.59104122
0.11792056
0.21428771
0.30762686
0.66826548
0.77271266
0.61079016
0.83227421
0.19591215
0.21633968
0.35552018
0.33817044
0.9610206
0.15121232
0.31111352
0.74897998
0.45633269
0.32259944
0.11390422
0.2408392
0.95355325
0.56003272
0.76177057
0.20836546
0.53701263
0.00290189
0.24088558
0.50964042
0.16434875
0.58477159
0.57454497
0.9545445
0.02999686
0.44195867
0.21099726
0.08707144
0.52211952
0.11014097
0.77207782
0.2194264
0.12743766
0.19496325
0.9076039
0.65830007
0.85703153
0.43823967
0.96104302
0.15616348
0.44694852
0.12240133
0.62803238
0.89846068
0.53108694
0.4685047
0.42518302
0.18546632
0.2083399
0.66406523
0.17248919
0.85556292
0.80974602
0.35102542
0.34401746
0.72208374
0.57788678
0.74323916
0.55488848
0.61681002
0.00812765
0.70183207
0.35245575
0.35145639
0.67126831
0.40484682
0.62737846
0.40971149
0.46425566
0.97899632
0.51840962
0.47151598
0.17452207
0.76003234
0.73146706
0.01211763
0.39917519
0.98576438
0.23344536
0.95322414
0.02481807
0.56071788
0.97743251
0.80660163
0.38962476
0.73460673
0.45422301
0.34213215
0.23178622
0.86659138
0.2725073
0.3663097
0.83516862
0.11976402
0.04008757
0.10805861
0.91709303
0.25906899
0.95705356
0.41464817
0.39901879
0.50069047
0.05020952
0.47834342
0.91730005
0.88229399
0.92946903
0.20691715
0.70626626
0.74463737
0.29564621
0.2650652
0.79156779
0.10130589
0.07530316
0.15480817
0.65446522
0.76188132
0.71250699
0.21764866
0.87060929
0.81107034
0.29498355
0.59729479
0.9307137
0.61229023
0.07432326
0.82228008
0.87835727
0.94467085
0.39515331
0.31918604
0.69843616
0.34642714
0.25178772
0.38511478
0.82930994
0.60509414
0.55452104
0.73321716
0.22825198
0.6501713
0.10441039
0.76984937
0.20586753
0.9413
0.83300519
0.63648795
0.00902887
0.03141774
0.55009031
0.42711071
0.38395016
0.48856453
0.36362508
0.72113168
0.43512271
0.54903143
0.79676991
0.4798513
0.31324027
0.20977781
0.21074686
0.05685568
0.5901802
0.77868132
0.9441881
0.33818597
0.46599603
0.68260487
0.97289022
0.68747318
0.36355384
0.27308237
0.70489634
0.43178344
0.94239456
0.18911803
0.18146957
0.62277287
0.73506664
0.96296015
0.74462077
0.30377754
0.34457677
0.80512795
0.11128397
0.74256526
0.66782114
0.77699029
0.11210519
0.57136093
0.34693068
0.75673023
0.57238239
0.08676192
0.64627334
0.55622593
0.09069347
0.55499905
0.12769245
0.88461111
0.09363516
0.41704863
0.13119678
0.6482176
0.93714073
0.49377138
0.74212122
0.08333899
0.36801648
0.97387471
0.3697072
0.71934629
0.09951604
0.23872695
0.83203549
0.4342198
0.14063464
0.54114763
0.42457911
0.85230744
0.85463166
0.96543873
0.83431383
0.31096355
0.61367381
0.82044564
0.69556008
0.03948733
0.7625014
0.58304785
0.81563501
0.96054278
0.59987404
0.90854408
0.68722239
0.50072764
0.71278251
0.31387585
0.77050408
0.94146083
0.83443247
0.00043067
0.82149484
0.30370409
0.66094099
0.54809889
0.79458655
0.65450681
0.2030015
0.42098844
0.14166404
0.08781766
0.22260873
0.37661259
0.92675541
0.86211538
0.80352287
0.16428089
0.34005108
0.01105358
0.68340558
0.76767234
0.5063154
0.67300031
0.18999886
0.11678168
0.38729678
0.60334585
0.01254728
0.61674104
0.73050112
0.44482675
0.01219198
0.00704398
0.13947617
0.33768081
0.31952696
0.1405863
0.21253209
0.18518815
0.14809647
0.47515427
0.71448679
0.03994932
0.60505008
0.52875528
0.11057986
0.59032836
0.4761743
0.03001741
0.60782639
0.9748707
0.68741684
0.17731095
0.03533123
0.89725079
0.3032186
0.37376225
0.47723494
0.95144754
0.87299573
0.38263404
0.05058522
0.61969138
0.24234277
0.09141056
0.12750729
0.88182403
0.2467424
0.23923473
0.91323038
0.57631928
0.69833475
0.46587826
0.12208248
0.28894735
0.46096625
0.21446715
0.48704962
0.83747892
0.25147475
0.58090017
0.21611133
0.19972692
0.49386873
0.52817524
0.65837472
0.10550532
0.8066685
0.59460188
0.58226253
0.18598338
0.22887906
0.38411734
0.6916759
0.8752063
0.94979531
0.01366205
0.29283084
0.8496733
0.05730022
0.84226159
0.85212177
0.11628585
0.52458293
0.02052949
0.26069764
0.30272993
0.47737585
0.94716496
0.14785457
0.44146638
0.5405107
0.17480017
0.05578516
0.29202509
0.76173363
0.90869236
0.38811874
0.34764031
0.39973655
0.31807121
0.41805328
0.30603464
0.89316889
0.06576824
0.10001124
0.33861985
0.14112073
0.5404664
0.21040826
0.34662471
0.62766922
0.95887763
0.43366637
0.53786182
0.90291991
0.61097294
0.04132148
0.13975275
0.82770909
0.31457078
0.6762295
0.70135738
0.85968819
0.60229298
0.62089016
0.62496035
0.05351706
0.24516524
0.46419262
0.77960342
0.2902398
0.77607624
0.36728318
0.9206061
0.72167287
0.55636872
0.0709325
0.77937724
0.70309811
0.23412343
0.41358553
0.51531369
0.54438628
0.78820661
0.87320692
0.78518074
0.69451866
0.70865087
0.88303228
0.18475462
0.61339699
0.74879405
0.39456171
0.50362655
0.86509629
0.56762571
0.048341
0.02530636
0.36490804
0.28254483
0.61386244
0.696414
0.04643173
0.00117089
0.57024847
0.58481426
0.26716245
0.13598522
0.02732704
0.07088784
0.84948173
0.11334616
0.13423549
0.4630064
0.13705547
0.79724097
0.98505566
0.19975106
0.43900745
0.49877578
0.13025355
0.67965069
0.53554513
0.74466545
0.47315808
0.63395936
0.22985332
0.07479473
0.18928947
0.05649867
0.06936789
0.68278311
0.85651197
0.29375511
0.51505
0.10392722
0.52267197
0.34570821
0.0713826
0.14811194
0.00316596
0.02022205
0.1662404
0.95572995
0.5403782
0.64827966
0.77149993
0.11457097
0.48037655
0.07115078
0.26967517
0.15631786
0.46560509
0.47968338
0.8037966
0.38714408
0.83091559
0.39357914
0.73267338
0.56507474
0.59875718
0.47596638
0.95804972
0.40770564
0.56147794
0.07017327
0.73834523
0.50176788
0.14369857
0.300255
0.55346296
0.08362188
0.23591027
0.3689348
0.75024044
0.8180301
0.48075994
0.50532062
0.95472544
0.23346186
0.05891799
0.02426461
0.16500016
0.03386301
0.60882305
0.00096938
0.91328159
0.39180791
0.05239749
0.89415266
0.55837516
0.00394172
0.4270993
0.22110512
0.70223147
0.68332025
0.51444767
0.8512645
0.51168929
0.53986046
0.7070994
0.73504259
0.7514979
0.2260692
0.89125175
0.87954393
0.45398141
0.98453874
0.7501421
0.49564553
0.42193874
0.00475477
0.75840445
0.17144958
0.06069475
0.03684306
0.96683341
0.47911951
0.30710164
0.82978007
0.49408365
0.24000983
0.48628389
0.84026043
0.1185884
0.3986517
0.9234869
0.65718245
0.61157238
0.62938268
0.93296974
0.41642682
0.67543845
0.74187111
0.31005369
0.93442094
0.8255778
0.22638325
0.63454898
0.37658069
0.51704331
0.35422083
0.94070561
0.04545111
0.32350632
0.80201218
0.58415582
0.0590097
0.33808662
0.1345134
0.53747413
0.29878277
0.50599055
0.71875517
0.879887
0.68277282
0.9214887
0.04265421
0.65627176
0.44246966
0.15041969
0.83492538
0.84635651
0.24764587
0.86698147
0.93482361
0.47891002
0.38215361
0.863436
0.67734762
0.00065941
0.94922832
0.10304616
0.61341467
0.56827561
0.85543328
0.94727939
0.78301931
0.48724478
0.88015305
0.13798896
0.01117489
0.04601984
0.47198008
0.38229655
0.01208799
0.03212754
0.45630455
0.44147719
0.55051858
0.62207486
0.68661562
0.27440957
0.83688949
0.58364567
0.76186891
0.82774952
0.88442251
0.67567311
0.45857323
0.16589238
0.00158511
0.71922108
0.03974169
0.93075529
0.43793742
0.09653035
0.53598342
0.77176137
0.43893313
0.79534588
0.66639268
0.70026548
0.84132459
0.59090117
0.05909039
0.11805683
0.01202355
0.33173776
0.84155686
0.77913445
0.47621803
0.1596459
0.11908245
0.19313513
0.68581647
0.01379606
0.96228658
0.74364767
0.98167253
0.62390742
0.98151753
0.21935422
0.65850953
0.63329077
0.6491086
0.14665296
0.2009427
0.49366452
0.45327343
0.86612567
0.36695584
0.41915814
0.59666673
0.48504627
0.39768043
0.7243607
0.01846917
0.39828189
0.38341703
0.02878608
0.05375284
0.48349594
0.44585967
0.3383466
0.51115226
0.20932711
0.48314283
0.89758277
0.04978348
0.51578945
0.0313893
0.95493467
0.25961601
0.38065657
0.51931922
0.06373513
0.21552747
0.29029899
0.96438724
0.53054896
0.11287073
0.05346351
0.1019557
0.80930607
0.8493068
0.54804669
0.16621033
0.10617526
0.82510743
0.29314331
0.63584378
0.1159563
0.3864703
0.98830584
0.25927816
0.07639167
0.24073179
0.26438545
0.96356331
0.18435011
0.64960797
0.27145791
0.1787958
0.96845811
0.43472637
0.12865835
0.49633681
0.09529174
0.64382085
0.46504001
0.74406468
0.16313455
0.33578647
0.1741887
0.10191072
0.4233261
0.60099876
0.56753144
0.88732355
0.29693336
0.464004
0.35057637
0.22881544
0.57869399
0.98291071
0.30555659
0.14601949
0.55855948
0.38552331
0.85502361
0.02303094
0.1000817
0.39833512
0.69576557
0.80497873
0.07885881
0.47319889
0.10960171
0.36349008
0.03773161
0.16491726
0.97877756
0.00794705
0.26556154
0.69852184
0.23768342
0.2977328
0.06957117
0.37269288
0.44848946
0.38132137
0.34700301
0.66656057
0.34599212
0.24131203
0.02681113
0.91656843
0.45608168
0.61022103
0.36896112
0.44537718
0.05704365
0.28096527
0.95925269
0.23720967
0.3143956
0.60050241
0.65679572
0.90093931
0.16349084
0.49862978
0.62881641
0.3320159
0.06767086
0.2357957
0.21098777
0.35429131
0.30749884
0.9851472
0.18841475
0.74402972
0.52650546
0.33384804
0.202759
0.74816809
0.40568207
0.22763547
0.0803021
0.06920451
0.98793855
0.08938821
0.92660933
0.6544817
0.41074255
0.57076302
0.0574192
0.03025928
0.21293244
0.00050235
0.7184968
0.00106284
0.04393611
0.74700093
0.23008253
0.36333482
0.26752308
0.48942981
0.31636885
0.31354841
0.16395342
0.75044184
0.20431113
0.42523969
0.74937328
0.00164796
0.02385259
0.89665601
0.85890115
0.24190218
0.06385089
0.75972538
0.72873557
0.67811433
0.7868723
0.22051866
0.58521216
0.00680981
0.50623207
0.25125716
0.34807292
0.65614224
0.66708439
0.61638048
0.86728189
0.81597371
0.71184444
0.32399057
0.4621688
0.40895641
0.89158936
0.22964073
0.59408564
0.77345833
0.92121346
0.00289369
0.54436654
0.78446412
0.00365515
0.31580914
0.79385525
0.1606511
0.64088743
0.23042714
0.81209997
0.98428599
0.97499905
0.74441715
0.06500381
0.89015348
0.39458569
0.2186569
0.84948546
0.08740192
0.26400552
0.6706984
0.02835827
0.84683001
0.57952839
0.13495253
0.69945447
0.21322122
0.01378154
0.88652418
0.52207308
0.71913261
0.90286612
0.78449994
0.1956957
0.69917843
0.10837331
0.97708289
0.1566366
0.15591274
0.56422849
0.36601934
0.96179464
0.02539457
0.92409211
0.27843319
0.25880992
0.90906737
0.03493852
0.55092033
0.13010047
0.77011544
0.21791137
0.0611624
0.77924822
0.14067689
0.66443803
0.98764914
0.77233943
0.3723148
0.36196764
0.65075777
0.28932746
0.47827818
0.62411553
0.73661861
0.79079736
0.1655739
0.16043747
0.39148966
0.67134567
0.91147423
0.18790047
0.74948532
0.83308893
0.96048127
0.13132426
0.61288084
0.67771367
0.27394811
0.12957127
0.62031079
0.89133395
0.92732788
0.06928758
0.02462297
0.279758
0.98285546
0.22239045
0.2154062
0.95767183
0.77216745
0.5215713
0.62200938
0.49837545
0.14640017
0.38946476
0.25165669
0.41899734
0.10253503
0.42849668
0.17848017
0.51945204
0.27545973
0.82564071
0.73863191
0.69830711
0.46178628
0.02798416
0.95243499
0.88308134
0.49238238
0.61739299
0.60821817
0.51391721
0.07533569
0.33905347
0.74643137
0.32176437
0.19575161
0.97911233
0.84101015
0.59859446
0.77016415
0.39157349
0.8363033
0.24197222
0.38250599
0.40233437
0.50719258
0.27312969
0.21458464
0.91975757
0.32192928
0.63255309
0.75088198
0.59034056
0.60819134
0.41070256
0.93550254
0.54377652
0.39463615
0.1692865
0.86812115
0.6581936
0.38244072
0.08153257
0.15482472
0.08192675
0.82942483
0.50911382
0.08635477
0.9228366
0.36098723
0.57442257
0.41833577
0.86545099
0.0216961
0.98277228
0.09840995
0.65482413
0.50906606
0.0842732
0.44501575
0.23830826
0.71774862
0.64232217
0.76425244
0.57883065
0.02819867
0.56791223
0.29954407
0.83860884
0.15083688
0.66768088
0.15094155
0.63453829
0.65157268
0.23769553
0.8621276
0.8501552
0.29575624
0.31586931
0.48071674
0.70434578
0.63668187
0.86274513
0.48360097
0.92691853
0.84367255
0.66149771
0.67844695
0.71561385
0.15838819
0.07964385
0.0506379
0.41945113
0.29227841
0.65364925
0.11178726
0.53853762
0.41422064
0.38446397
0.62628283
0.50404059
0.00630574
0.65964506
0.53187215
0.9764764
0.59119799
0.02928921
0.58804834
0.77486161
0.090978
0.63736154
0.78666883
0.24356271
0.03762556
0.84926443
0.97195087
0.37689345
0.87887606
0.43393002
0.81754007
0.15091704
0.68400312
0.88723727
0.20199925
0.6947325
0.71364504
0.50781168
0.7980325
0.98933622
0.35987549
0.31276456
0.84202317
0.69273497
0.83499224
0.78712402
0.5221369
0.11103297
0.13912672
0.00173212
0.96892243
0.7187772
0.34128727
0.40211287
0.88944472
0.54386307
0.77960091
0.63943385
0.8687307
0.16653599
0.62094306
0.88167418
0.11428902
0.67299261
0.98979826
0.87685279
0.12389618
0.06394523
0.19993235
0.31110486
0.64407855
0.85333531
0.09968124
0.09748935
0.07724553
0.95796045
0.02051375
0.4167268
0.83191055
0.18004177
0.73433464
0.77588186
0.39254701
0.04830325
0.49613485
0.15052528
0.2038573
0.72294396
0.3674376
0.01241392
0.28957185
0.04686554
0.55305924
0.91375957
0.29599662
0.83445921
0.41095936
0.84039704
0.63828202
0.30694167
0.03155194
0.9174181
0.21673091
0.84607449
0.37755781
0.80831973
0.30190928
0.09973828
0.55908167
0.47356163
0.05842694
0.01319602
0.34123269
0.47858513
0.66543158
0.32239323
0.67304596
0.57389806
0.14336566
0.54686039
0.44729228
0.77663274
0.76986338
0.64890443
0.0426745
0.85773191
0.10633942
0.09540586
0.10636557
0.71500539
0.50417822
0.90337603
0.91343268
0.91619377
0.51911456
0.15845819
0.24969317
0.22032074
0.58516255
0.03018281
0.88095244
0.2789453
0.64088936
0.25801142
0.93956586
0.27138395
0.13985665
0.86612783
0.41014889
0.15938552
0.37441436
0.50767381
0.36675831
0.5168006
0.57210138
0.70248348
0.85619921
0.48743319
0.98664841
0.58027237
0.75675627
0.6820482
0.80828841
0.42949934
0.9233727
0.94627832
0.08883521
0.65589793
0.79702577
0.53259771
0.41077565
0.8206053
0.11769594
0.30064417
0.9727959
0.73009487
0.25390265
0.23471017
0.0583078
0.70562104
0.5963671
0.7243778
0.02614726
0.5460384
0.0641068
0.53610386
0.49905581
0.21826315
0.51393898
0.31713045
0.59692947
0.01376432
0.48909673
0.45356416
0.62390828
0.2026025
0.11878541
0.67899672
0.45881532
0.6891762
0.51907555
0.49433635
0.21886406
0.11239905
0.22472099
0.2054232
0.27481409
0.88446492
0.71685304
0.26468718
0.35557506
0.95518647
0.10771393
0.72789331
0.42657882
0.09273532
0.12899734
0.3657945
0.4016276
0.95497517
0.61333551
0.19266489
0.56320716
0.34376721
0.7870033
0.40235734
0.15594195
0.93051345
0.19669187
0.04060262
0.37564055
0.70033533
0.17412914
0.14188483
0.54516326
0.0733048
0.45185882
0.88260812
0.14148318
0.77573387
0.30850826
0.52861502
0.29606047
0.62933558
0.16197558
0.19474444
0.59071794
0.01071683
0.19877471
0.89643694
0.22944954
0.00096101
0.25277614
0.04368318
0.29978034
0.12887248
0.92078016
0.65386177
0.60092519
0.56276053
0.40094267
0.01821096
0.90844216
0.52964235
0.05416055
0.09030026
0.5386697
0.11661392
0.55679157
0.66268999
0.73502615
0.82203414
0.70048498
0.21085533
0.44485158
0.04064934
0.40864769
0.92424391
0.18244893
0.08645384
0.55317518
0.19191223
0.52460741
0.30619603
0.60011253
0.58538005
0.44833596
0.7083685
0.03033851
0.05177752
0.92098926
0.62448181
0.4395564
0.5972422
0.51751243
0.81960603
0.33408299
0.77936686
0.44566233
0.20784513
0.68627713
0.05231038
0.42059965
0.28490372
0.65438049
0.86471756
0.75230469
0.63084111
0.18203297
0.33764691
0.76773587
0.80473657
0.41050982
0.22130034
0.61153689
0.13522628
0.59645249
0.50173838
0.27399214
0.46690198
0.02552464
0.79701093
0.70394811
0.26619034
0.3452981
0.32115564
