0.47557616
0.62450803
0.38888788
0.25590645
0.28767435
0.23086205
0.13431161
0.58094412
0.35065301
0.90871668
0.39072183
0.34873506
0.50976697
0.15806408
0.92239972
0.42663391
0.73621852
0.75465427
0.62720485
0.78718657
0.57132922
0.36718398
0.46148274
0.84334674
0.33612545
0.89457985
0.8294475
0.98862495
0.18530912
0.70434155
0.72136523
0.61021972
0.81319181
0.05792454
0.30581528
0.38859708
0.63872673
0.91582005
0.23606461
0.95126456
0.12629212
0.79945267
0.94713259
0.16652619
0.76216567
0.38869654
0.34284671
0.86398403
0.86389577
0.48657127
0.91127401
0.48233834
0.94504473
0.06053731
0.91161637
0.60430318
0.7767084
0.98720569
0.87211051
0.33119359
0.79592298
0.38145052
0.27655702
0.12806524
0.49274343
0.83490757
0.27788936
0.32386042
0.28227995
0.48048485
0.55897315
0.89088187
0.61904717
0.89172305
0.350851
0.80746649
0.3722749
0.86079774
0.95875757
0.95919138
0.67943153
0.61721798
0.24845324
0.36061723
0.86739677
0.63776816
0.73574368
0.58287928
0.38959934
0.57872477
0.26942504
0.29431104
0.46412637
0.2452052
0.27330662
0.3789599
0.24038034
0.67038866
0.80189371
0.84599432
0.25214551
0.11559995
0.43040079
0.3657021
0.89133871
0.17609657
0.05279582
0.00568623
0.75454243
0.1497786
0.08117025
0.19936257
0.76943081
0.00678035
0.37279771
0.83404666
0.84089755
0.56099833
0.33798758
0.56225019
0.32409035
0.28998464
0.5266091
0.20742382
0.95544891
0.85713229
0.96619613
0.70829224
0.5441683
0.14366291
0.562313
0.62439527
0.82464039
0.20181714
0.15481269
0.30754847
0.80109036
0.05326923
0.50519405
0.3537339
0.37276529
0.66537621
0.13388275
0.29744852
0.55532377
0.00626753
0.22759939
0.27136323
0.98082433
0.08605959
0.10249384
0.81933122
0.89633563
0.59864079
0.78922737
0.95085392
0.30386921
0.43801924
0.42819547
0.39141799
0.64864515
0.24464547
0.91556552
0.67620528
0.83083127
0.72373668
0.83892018
0.94487082
0.27591156
0.49988865
0.31687042
0.36753448
0.4279781
0.45858474
0.51358826
0.17695621
0.06982904
0.46607559
0.53671532
0.17426163
0.72968669
0.48117614
0.01043069
0.64561278
0.09690395
0.46751939
0.81088881
0.81249755
0.2494186
0.35652156
0.79120286
0.75248611
0.48354696
0.35698571
0.21398723
0.12296522
0.21551005
0.16870731
0.64428183
0.44339991
0.63052282
0.11331018
0.48744833
0.15472647
0.70328128
0.05739616
0.37234388
0.89379213
0.50596983
0.52979051
0.36544698
0.90556611
0.04420111
0.37180111
0.89280751
0.90460729
0.89216167
0.45279661
0.12097624
0.18443126
0.77667977
0.29142674
0.33553788
0.11233455
0.25731819
0.38290303
0.9661297
0.7989059
0.95131039
0.51110954
0.03199412
0.85182967
0.38885612
0.98527567
0.06361937
0.56753015
0.01550127
0.29355808
0.01317038
0.98873091
0.09636563
0.15848487
0.46567645
0.20640732
0.06975659
0.51128791
0.08260429
0.37095504
0.97392926
0.58598516
0.61908992
0.36071036
0.71470378
0.23329851
0.21063127
0.04508182
0.22347414
0.21946384
0.77552488
0.64213929
0.04018086
0.97335722
0.25706903
0.94557363
0.48476221
0.3503911
0.52438956
0.72054223
0.34231457
0.50221188
0.06972491
0.29554761
0.64496398
0.50868133
0.08555905
0.43780849
0.98418404
0.89230679
0.89205087
0.18700487
0.57098208
0.29743816
0.13988689
0.45099459
0.51377353
0.55663656
0.9006177
0.27441489
0.11021726
0.28168249
0.88350208
0.15353538
0.15552676
0.77693895
0.85089251
0.28604794
0.52901087
0.96096984
0.65149963
0.54469319
0.47010337
0.65988478
0.97155491
0.94783847
0.63482205
0.4490296
0.56549115
0.30961068
0.57594063
0.83034596
0.21371401
0.84076072
0.24612365
0.94478852
0.74407183
0.69361616
0.28875521
0.04719862
0.08768372
0.02908805
0.36462924
0.63873475
0.18673842
0.64933235
0.09347459
0.32865241
0.91506007
0.23321346
0.18705574
0.59023248
0.07780206
0.94707048
0.32261805
0.70343653
0.23613139
0.09057796
0.72916423
0.21260888
0.31953576
0.56673103
0.08083168
0.39593
0.88518258
0.10574723
0.24702099
0.23106962
0.40741573
0.28842956
0.68544717
0.83081112
0.03516204
0.75881704
0.02793501
0.563201
0.35974812
0.25117461
0.63714684
0.39846608
0.4780529
0.82675897
0.85180709
0.84907456
0.1153052
0.07096757
0.75872183
0.71901996
0.64720298
0.3214471
0.30999224
0.92079753
0.10334779
0.56100306
0.08353905
0.66949709
0.63197066
0.70043379
0.09309681
0.0876097
0.62767685
0.8322561
0.17422902
0.78824551
0.91512254
0.96349769
0.16623635
0.41567168
0.98165925
0.01655804
0.30607255
0.67368936
0.76195603
0.27191973
0.65679108
0.25426742
0.12078882
0.84435979
0.40232431
0.93755609
0.7891743
0.10086217
0.53028388
0.8615296
0.91024841
0.15647212
0.35155098
0.16076332
0.06339044
0.78792049
0.55392055
0.77826445
0.54620845
0.91879775
0.78313278
0.84179917
0.15572702
0.84165631
0.53799119
0.48189793
0.43392299
0.17469361
0.15468937
0.63912833
0.55411763
0.47719498
0.03188776
0.41966247
0.65468204
0.43244004
0.73849651
0.27054625
0.08124769
0.11475607
0.65238991
0.62729394
0.47096161
0.88281365
0.87617787
0.4281085
0.06543082
0.92501694
0.41151658
0.8805315
0.762071
0.70787865
0.55959476
0.03811651
0.23825026
0.23961298
0.2453394
0.04059565
0.78017516
0.57598743
0.27373413
0.41560138
0.82065255
0.97570765
0.36822121
0.27623725
0.46681488
0.4593943
0.69999226
0.86373417
0.60149956
0.46057903
0.52618879
0.06563589
0.00907321
0.45607375
0.46793284
0.57474557
0.45577541
0.9207018
0.5926756
0.86693406
0.21700087
0.4974702
0.92999784
0.82714551
0.48916233
0.94806327
0.41643579
0.12712193
0.15318578
0.404007
0.51594399
0.10974479
0.30565397
0.17161827
0.36984775
0.3309712
0.78172479
0.20365727
0.91027873
0.50686611
0.27525699
0.90636093
0.01744278
0.7557104
0.58372506
0.21288967
0.52648795
0.58222721
0.57953756
0.468615
0.26858267
0.43081021
0.85301425
0.66793069
0.0743014
0.11201432
0.43226658
0.91176727
0.21712379
0.12195846
0.20328057
0.716138
0.93777074
0.18920624
0.78005035
0.65082701
0.22983077
0.85126296
0.59881749
0.34796884
0.57347438
0.70492293
0.5436421
0.85499753
0.67296352
0.6581537
0.34338847
0.542005
0.5174794
0.08801032
0.01104881
0.58354882
0.91063104
0.27952554
0.81472194
0.74164674
0.2615198
0.61154826
0.6352808
0.47653809
0.03296292
0.02783664
0.53539124
0.22429182
0.13798784
0.64481583
0.07095903
0.22546049
0.88946251
0.80255855
0.89208483
0.06302156
0.94470673
0.67188953
0.92352229
0.88412868
0.79369591
0.50108051
0.13699265
0.24047348
0.17753363
0.11636618
0.48151519
0.76030495
0.4984775
0.53656326
0.94593851
0.02777443
0.13089557
0.2258156
0.56907193
0.0412689
0.3776751
0.68480634
0.18047055
0.50458084
0.90911649
0.98856811
0.47049152
0.60882179
0.6262256
0.47944712
0.38407754
0.09690184
0.25401085
0.92414578
0.10848144
0.94337639
0.06923013
0.21224846
0.11043519
0.07721276
0.7432736
0.06687543
0.85781015
0.70351096
0.2100032
0.76670509
0.5082141
0.74983319
0.7713606
0.35430704
0.2388001
0.73413273
0.46909763
0.62205488
0.34580257
0.9255239
0.2031799
0.4077401
0.83122407
0.24029906
0.13752008
0.07825874
0.26466614
0.77829055
0.91638291
0.88051258
0.41962512
0.47200704
0.49754091
0.16544419
0.3504304
0.4484078
0.59662584
0.29574144
0.79190877
0.03354186
0.80613834
0.45868325
0.21932484
0.15816959
0.21317597
0.06878692
0.25937302
0.80550613
0.56194313
0.20045232
0.08956058
0.68642204
0.41033315
0.74566064
0.62641699
0.30854072
0.84310581
0.95824562
0.35156444
0.55569018
0.86315952
0.05474276
0.24147652
0.58098871
0.33374107
0.59411007
0.71358996
0.65321361
0.81456753
0.90246174
0.42519709
0.3358529
0.37222547
0.01311002
0.21841586
0.53562717
0.58212325
0.45471416
0.08379812
0.03664824
0.1134143
0.29079269
0.5939584
0.53893835
0.3284786
0.69530995
0.89304708
0.84846068
0.14780118
0.84499825
0.46102955
0.23027354
0.3042219
0.4606859
0.47424487
0.94834554
0.81340349
0.02522266
0.73816798
0.00463814
0.22335389
0.2614324
0.4566766
0.17395936
0.88071194
0.62659383
0.98552888
0.0941776
0.16388032
0.9635517
0.77185806
0.94087218
0.12849372
0.78875091
0.83776935
0.46564614
0.749779
0.55114297
0.13181949
0.9844968
0.93770844
0.55266629
0.39138748
0.11711126
0.81851672
0.85090757
0.42475898
0.77106147
0.33005539
0.10779251
0.70086139
0.92951941
0.27551465
0.63435052
0.44127796
0.91642011
0.09613058
0.94960471
0.88550638
0.63626967
0.48199139
0.11840314
0.95360928
0.53203348
0.7577723
0.61928884
0.33953589
0.93243618
0.94669076
0.83518939
0.83576048
0.544414
0.24307045
0.84566657
0.87728384
0.12690354
0.21924474
0.74287428
0.66575532
0.77957244
0.13798182
0.40860476
0.16831224
0.20962762
0.53728519
0.39388908
0.56272647
0.12116716
0.00566964
0.89362949
0.43217947
0.12269684
0.40674658
0.91629422
0.50267031
0.74808405
0.1661688
0.58766927
0.06671118
0.67257004
0.44995253
0.79552028
0.18483515
0.31072063
0.38351092
0.22401642
0.78725841
0.65732491
0.48849967
0.42913582
0.33631503
0.00456794
0.54587839
0.96080793
0.93935334
0.47684163
0.08690008
0.05977696
0.75152315
0.59404175
0.92622833
0.47313345
0.86036886
0.25603277
0.55159053
0.18641561
0.36075761
0.00055213
0.31874099
0.55062041
0.61485029
0.13729708
0.21941419
0.93208311
0.42694455
0.01296703
0.44593428
0.50791757
0.34774037
0.59451243
0.69925055
0.65212553
0.35867021
0.24807383
0.4461312
0.39141932
0.67473927
0.45818849
0.64996735
0.26088304
0.63567958
0.76248538
0.03155286
0.0885497
0.3956979
0.07278341
0.08247911
0.75064433
0.98386925
0.10548057
0.31805167
0.47433677
0.41199005
0.67484912
0.64459778
0.31173823
0.30638477
0.71747237
0.85455211
0.18545814
0.94349439
0.8349698
0.78981549
0.96721412
0.8502931
0.59506969
0.73771383
0.09308857
0.75570649
0.25192782
0.98700175
0.27699383
0.19887943
0.38541055
0.17374896
0.16858426
0.14701506
0.06896845
0.45705894
0.95453525
0.79337085
0.39191535
0.46019582
0.41817847
0.91569344
0.65593914
0.90483757
0.48437013
0.7389336
0.25501123
0.06802537
0.18542516
0.73221103
0.84190197
0.7530413
0.02333408
0.94086232
0.22146085
0.24833425
0.58931189
0.55997176
0.13227514
0.14567357
0.58830966
0.45101147
0.87071673
0.35900585
0.14096395
0.76866106
0.63400487
0.61578159
0.67969244
0.04153438
0.48277472
0.89541833
0.88245926
0.98393205
0.71324346
0.46211469
0.06616795
0.87056791
0.64188748
0.98220941
0.9243221
0.2055648
0.01110441
0.19335602
0.51432139
0.28996291
0.62279766
0.86504137
0.65768267
0.34918755
0.25963778
0.96954363
0.41000297
0.02978222
0.63871166
0.1823025
0.82066646
0.77659901
0.71281142
0.18182382
0.68198627
0.77992029
0.41080763
0.17797785
0.22015356
0.66696755
0.33747451
0.46192491
0.70664169
0.04118725
0.22007991
0.17080252
0.03869388
0.35310613
0.42632074
0.93510313
0.25182857
0.33564915
0.24166629
0.66794334
0.80084073
0.94895018
0.88774936
0.24868314
0.42038409
0.12789569
0.92503637
0.35776529
0.92263517
0.67938974
0.529967
0.06419469
0.14548036
0.15244231
0.70739036
0.16188902
0.8047553
0.36965641
0.69619914
0.11984958
0.05618993
0.60653785
0.72120737
0.2834299
0.8193419
0.81679166
0.51788699
0.21549819
0.07963195
0.78467933
0.72278929
0.59359806
0.46235146
0.5928904
0.92586092
0.5151903
0.79223166
0.6868718
0.12575755
0.73742162
0.33213449
0.87942309
0.58985645
0.48818346
0.02131163
0.66084657
0.79519913
0.47814527
0.43481129
0.66415726
0.88458671
0.14121448
0.40379177
0.47793296
0.67605393
0.52968503
0.03979209
0.57153599
0.04357263
0.34717226
0.94477043
0.07091338
0.01026115
0.58716751
0.75616784
0.80870048
0.03956515
0.72652853
0.60144714
0.30200163
0.79823156
0.50252046
0.20376438
0.55419042
0.95629041
0.84532103
0.61816058
0.88394075
0.73868333
0.96524728
0.3702897
0.0261809
0.13358391
0.52802339
0.21122369
0.40865124
0.67929514
0.4324189
0.11008531
0.63895643
0.9586706
0.20431851
0.39399787
0.82112822
0.33255684
0.97319478
0.58038125
0.12870504
0.14067371
0.67254443
0.90656548
0.07475134
0.95576375
0.51546486
0.81769845
0.89883322
0.7228127
0.3535967
0.83044702
0.67046562
0.15291351
0.26734723
0.87543898
0.52341848
0.9141261
0.57134457
0.71807716
0.65498571
0.50677618
0.49040413
0.25035293
0.92749238
0.44766174
0.09953805
0.96734788
0.94521967
0.0962172
0.32090169
0.63893704
0.02988365
0.1573182
0.42684918
0.78578174
0.40912901
0.56012995
0.04591012
0.8973362
0.0435027
0.01375909
0.14664065
0.39819565
0.77658249
0.35516867
0.85604378
0.58151747
0.30107668
0.67635093
0.87217083
0.67483997
0.91943986
0.88565584
0.72067154
0.74748936
0.94719598
0.51634927
0.29455986
0.79098503
0.12834733
0.11870676
0.02206157
0.30954094
0.56656089
0.52316967
0.60785185
0.14363632
0.54450917
0.89068901
0.3826026
0.10106712
0.22049202
0.70827752
0.56320968
0.38631332
0.04094992
0.85264515
0.20232003
0.33603598
0.86872253
0.28335067
0.20590835
0.51529355
0.73830539
0.9220624
0.62819174
0.70214739
0.15742556
0.60901586
0.55752756
0.1776299
0.862973
0.11380055
0.14010286
0.33255785
0.75958428
0.91987969
0.87031185
0.87273077
0.63716029
0.2419301
0.85923429
0.25374867
0.79990649
0.51787523
0.40673957
0.59492543
0.75795133
0.15042134
0.49655051
0.57492428
0.72250777
0.33132584
0.95269575
0.83645139
0.41220604
0.78984175
0.37888055
0.96840244
0.32842651
0.23316447
0.92802648
0.64221505
0.19113184
0.1072651
0.85456796
0.36639369
0.20779349
0.98744633
0.12587516
0.77637785
0.66059343
0.67640152
0.28120253
0.31256358
0.05094343
0.69600908
0.82335512
0.96243866
0.01770589
0.1383766
0.9155443
0.77329133
0.66365377
0.7344201
0.97180484
0.97793474
0.70049284
0.50177789
0.4698552
0.71994311
0.89129988
0.73025697
0.08557784
0.85702494
0.90826473
0.19273542
0.28299165
0.86536723
0.5948763
0.32596312
0.77159052
0.03030307
0.52114
0.49633572
0.48835225
0.38730789
0.74222687
0.30144816
0.48129285
0.41427692
0.57222038
0.06769854
0.3034032
0.49564925
0.02531957
0.14770637
0.12030097
0.70327932
0.91192217
0.03433889
0.76065519
0.02435476
0.42416732
0.74585969
0.95544016
0.8057064
0.95265044
0.40549916
0.43812965
0.61710733
0.34535381
0.94076104
0.87904202
0.21252648
0.83870287
0.25592265
0.17794649
0.12652339
0.8965246
0.68326159
0.52917386
0.28825514
0.83060285
0.77206182
0.68930303
0.69987731
0.20631071
0.13527543
0.69623816
0.41829976
0.14843197
0.55933928
0.37178437
0.39851904
0.42597664
0.61160955
0.46940996
0.35098687
0.03754069
0.11875682
0.2617316
0.40611909
0.34752508
0.27061378
0.97882303
0.76519082
0.33170724
0.26018915
0.03039026
0.03162339
0.5248059
0.78248278
0.45981906
0.70117581
0.88033444
0.94934462
0.46256379
0.96915147
0.59736821
0.83117224
0.08323318
0.1835236
0.47275759
0.64351364
0.32404738
0.13241958
0.88153187
0.45343904
0.15700452
0.66106354
0.19249516
0.17355032
0.07648517
0.05806566
0.52312581
0.50043121
0.33325333
0.69605296
0.98234842
0.320532
0.05472259
0.08756216
0.54507351
0.20317957
0.75640076
0.68166256
0.41059266
0.95190564
0.58658821
0.83671287
0.73441066
0.59584398
0.36790258
0.4378932
0.37562864
0.13097854
0.13877179
0.91339698
0.00248625
0.30844692
0.21880641
0.70860976
0.72989064
0.59938899
0.43751538
0.2951581
0.54195959
0.01980055
0.31056479
0.16073751
0.75696227
0.0489888
0.83720794
0.33037528
0.47129997
0.45638327
0.59295025
0.05878113
0.97490545
0.82362959
0.82514557
0.39411173
0.9831401
0.69080739
0.67686555
0.37703016
0.75705647
0.98104194
0.56542013
0.83673939
0.01894429
0.30847467
0.43317289
0.77189589
0.38645227
0.01709834
0.15551001
0.82701561
0.02099085
0.41176994
0.15697323
0.14022965
0.01540935
0.95766835
0.38362462
0.18416701
0.4256832
0.52400209
0.36338751
0.71096538
0.28429354
0.16292809
0.40194055
0.04118654
0.31262445
0.34027414
0.58580578
0.14216654
0.21463538
0.88406163
0.54252012
0.80441246
0.84781092
0.05156856
0.77204544
0.3860021
0.38753476
0.85369552
0.6896741
0.81930349
0.86550002
0.21625739
0.47756059
0.60706642
0.86981693
0.71832554
0.65693479
0.29359926
0.08862134
0.06680975
0.74598308
0.17605725
0.45288809
0.37223197
0.69058588
0.53819058
0.3773248
0.81980818
0.57203346
0.44771024
0.75809136
0.40951366
0.6695536
0.54266548
0.78096041
0.61016859
0.36891268
0.96560567
0.54823393
0.0503987
0.7929123
0.79178594
0.17434249
0.88447225
0.81122294
0.5017634
0.71562958
0.94426097
0.18844475
0.56389257
0.84127177
0.24295642
0.98184163
0.81224552
0.63375643
0.66011359
0.01636776
0.86020278
0.94201272
0.93299033
0.69968894
0.83624484
0.0991517
0.93711121
0.02567474
0.88572882
0.54064792
0.82112194
0.81324271
0.36557594
0.61404556
0.45647917
0.666174
0.763214
0.75774269
0.5432354
0.81805493
0.2772556
0.89722142
0.88881552
0.31791122
0.69996306
0.94621574
0.91746248
0.77036914
0.38184752
0.45123222
0.77320429
0.37538796
0.93330779
0.10592611
0.91581094
0.75137888
0.16978943
0.03361623
0.88983065
0.74348033
0.07977539
0.89521858
0.51735183
0.72620053
0.15778759
0.11278757
0.81504267
0.8989941
0.21070194
0.86022593
0.92552022
0.68558557
0.76835795
0.98027797
0.20686275
0.47446037
0.3906322
0.71391224
0.42031308
0.77188048
0.65268318
0.96869238
0.59743887
0.02573913
0.11758289
0.90325336
0.54893797
0.54502832
0.23902906
0.82462377
0.55325079
0.18920625
0.18988425
0.92956744
0.84539805
0.56703716
0.36167258
0.10881731
0.11798635
0.60390751
0.14601902
0.26085406
0.73675123
0.47445125
0.03425511
0.91329153
0.58722308
0.00340399
0.40543759
0.16339049
0.0177817
0.18042103
0.12806036
0.35619109
0.04364065
0.11708845
0.02046858
0.46676037
0.38940695
0.13523743
0.47772499
0.18040165
0.12644171
0.63902235
0.13757385
0.5481957
0.62796034
0.44005512
0.58504577
0.14724372
0.14674895
0.62872562
0.58844492
0.21253818
0.62454018
0.28604271
0.911389
0.04740349
0.30649971
0.68875765
0.8562525
0.50905069
0.57442611
0.41679027
0.52979534
0.59855345
0.09849711
0.82660024
0.90268756
0.71781603
0.25640403
0.577844
0.00056308
0.72140391
0.52215576
0.78480461
0.84474708
0.3721627
0.23927797
0.80260789
0.73833061
0.63091426
0.01366648
0.35992303
0.69988011
0.03341454
0.46574275
0.12432129
0.32021889
0.62600123
0.46501024
0.25391223
0.67864534
0.41738668
0.94072687
0.37468253
0.05257764
0.97197374
0.00088977
0.66696021
0.19355941
0.95664817
0.31307126
0.19778445
0.02352803
0.95985889
0.69953409
0.24736589
0.87650095
0.57140487
0.70269272
0.63085746
0.82506941
0.53828651
0.90143774
0.52955827
0.74072387
0.21825504
0.1468621
0.86774853
0.13897636
0.88213461
0.89482316
0.02086919
0.77893465
0.35820718
0.72772827
0.12102231
0.40868422
0.78724482
0.4998059
0.54194535
0.69874406
0.29948266
0.73041565
0.74306626
0.65852104
0.80699636
0.9147585
0.53890076
0.73799023
0.73913494
0.96292708
0.71328553
0.30347979
0.793942
0.79745623
0.5998218
0.2826792
0.0457297
0.74584534
0.26265299
0.58872808
0.71952858
0.67092114
0.94593988
0.70670941
0.18071023
0.70233003
0.6332448
0.65277469
0.95079826
0.33109461
0.44649713
0.01693694
0.47137042
0.0501214
0.56599178
0.693892
0.66475093
0.75618666
0.10789534
0.41538492
0.98296651
0.89353398
0.5592038
0.40322328
0.65257154
0.82119393
0.56563079
0.17188272
0.45249558
0.0344217
0.60093572
0.29090556
0.68655845
0.08528158
0.96481664
0.26227122
0.01986327
0.64177457
0.09572989
0.1678564
0.3902859
0.66132044
0.29906768
0.98290089
0.53062534
0.89065789
0.32184984
0.48036837
0.9633688
0.44138133
0.18277493
0.85151784
0.92261951
0.30744205
0.26959364
0.67963959
0.03806605
0.72499039
0.55535449
0.2650867
0.68078397
0.62739953
0.35893423
0.58814091
0.64737751
0.96658807
0.81959395
0.65086681
0.92852889
0.06969174
0.72574887
0.17023008
0.07361371
0.96547635
0.89529822
0.83936656
0.7050125
0.9154283
0.10285749
0.52973338
0.57692479
0.4687826
0.48746592
0.41891806
0.51329641
0.52042016
0.84032271
0.09189602
0.14574281
0.14181342
0.76018205
0.11458458
0.6259823
0.43059623
0.56438936
0.65653815
0.50201316
0.43754804
0.60422815
0.02769977
0.7251832
0.26574494
0.19560932
0.5606934
0.67686394
0.88509258
0.69631448
0.31582478
0.6719359
0.24325383
0.08579909
0.88942336
0.2519183
0.94866603
0.09229479
0.24004386
0.50575955
0.64118855
0.9235424
0.21427563
0.85105495
0.02955112
0.4001224
0.83317962
0.37783427
0.32630274
0.95552648
0.7784746
0.56893499
0.88572806
0.68636606
0.06971538
0.97558041
0.00711945
0.83974757
0.44951338
0.97545703
0.49175062
0.20924243
0.67567193
0.2352721
0.23804698
0.27325655
0.38647675
0.4209458
0.60480474
0.93107713
0.76678947
0.43164821
0.81278559
0.10072209
0.20663701
0.75133578
0.93480871
0.28046922
0.4229312
0.84694661
0.27053739
0.58528472
0.97276476
0.84669336
0.81794919
0.22562909
0.74565874
0.84313951
0.28369215
0.61655591
0.01902212
0.89617144
0.61224259
0.14330814
0.70062448
0.1828308
0.12504986
0.82159108
0.38418658
0.31096965
0.37016052
0.58687721
0.63255131
0.86434643
0.86220223
0.34456604
0.52278618
0.18219929
0.70000937
0.78884546
0.35322376
0.91864904
0.69174563
0.50495978
0.53066711
0.8288198
0.39809684
0.39761876
0.06789796
0.11215792
0.63922479
0.12096632
0.4102431
0.92904465
0.28692275
0.27182835
0.3375608
0.95646036
0.71692032
0.45922629
0.19297994
0.63103968
0.23808866
0.76490451
0.94471236
0.39558609
0.07465364
0.69059903
0.32764836
0.79638175
0.51507584
0.73596844
0.1470416
0.52261638
0.92757016
0.00734143
0.03241335
0.47510696
0.1614239
0.42418396
0.02063877
0.53125596
0.2403013
0.19696857
0.38969267
0.65115481
0.68835199
0.34282681
0.96405631
0.24389035
0.32540524
0.5744756
0.40935132
0.15561743
0.41831499
0.9401454
0.33269092
0.87733265
0.48375849
0.35550272
0.84360639
0.65063887
0.65179984
0.68094385
0.90408873
0.41117623
0.31016101
0.42075924
0.80907584
0.4408684
0.32745856
0.17703925
0.38493429
0.20252514
0.35593349
0.92335849
0.49502274
0.97062143
0.61659872
0.13296886
0.62050161
0.82636621
0.0624287
0.16110437
0.63874213
0.3828895
0.6036405
0.17099668
0.27697228
0.36597177
0.57366255
0.29565167
0.49803344
0.46523308
0.38487213
0.11554568
0.67131265
0.17269234
0.08971076
0.34749152
0.78317398
0.59186198
0.28838187
0.36589669
0.50674045
0.77893673
0.42062925
0.25540987
0.83509685
0.39245725
0.69819779
0.05567367
0.30632393
0.686828
0.77906222
0.62781195
0.97393104
0.66768147
0.80847475
0.61073979
0.75402505
0.57543763
0.24973574
0.34411174
0.87337517
0.46433696
0.0512807
0.35685419
0.49537895
0.66270991
0.01010114
0.45624775
0.5391214
0.88684121
0.11954683
0.72788948
0.70003512
0.02431007
0.08337188
0.32543062
0.56489455
0.84583307
0.75352736
0.36716079
0.10147174
0.31491005
0.56738147
0.82722047
0.97156581
0.60074474
0.83645477
0.10583766
0.03922537
0.67363584
0.29304425
0.45482559
0.22109854
0.01898746
0.46873667
0.47754289
0.19117955
0.93995659
0.74237551
0.22719315
0.30012221
0.17815052
0.29015753
0.9041768
0.69209296
0.33191373
0.43279345
0.63174674
0.52998904
0.39742492
0.11108188
0.25946132
0.65180625
0.37123219
0.24203263
0.36955621
0.87236686
0.15146514
0.20839702
0.50530462
0.12486597
0.30168641
0.7909834
0.93610566
0.6204091
0.70005977
0.21388073
0.85261711
0.70269119
0.36373289
0.56666615
0.82866233
0.85766764
0.25063208
0.55886976
0.60520952
0.76151138
0.29586176
0.31324218
0.27186923
0.33295344
0.2936807
0.4152518
0.60015132
0.29579273
0.63720084
0.74257728
0.12600193
0.65149245
0.96812087
0.92524485
0.15455614
0.93984108
0.80415516
0.53801513
0.2118878
0.90971263
0.31535961
0.42506394
0.49354355
0.06524794
0.24723299
0.39833512
0.22489147
0.34844387
0.05672816
0.12348573
0.02789558
0.4004616
0.72049791
0.8826774
0.55116246
0.10768635
0.86123973
0.8024567
0.86495266
0.81890631
0.10964967
0.42226836
0.04433866
0.59025416
0.69985299
0.66232282
0.16754483
0.79720721
0.50559763
0.63526272
0.71016865
0.00842635
0.10731131
0.83270885
0.60499856
0.01664547
0.25123725
0.54452512
0.54418429
0.09686269
0.59496199
0.45178911
0.1616577
0.64769185
0.47484335
0.14298809
0.38506913
0.82552605
0.57332971
0.84820001
0.07055875
0.95430352
0.00795214
0.81006696
0.10366027
0.63581086
0.01761401
0.65827296
0.46982783
0.32256365
0.58347007
0.76028421
0.50569545
0.01162165
0.78695412
0.12148201
0.97667886
0.10299984
0.87103015
0.09347998
0.04180114
0.96679202
0.22061851
0.53104501
0.11656759
0.72982688
0.53320822
0.52608017
0.95446531
0.95119805
0.90125725
0.85448834
0.06875916
0.8328544
0.65685007
0.01090391
0.98970461
0.68071683
0.76010679
0.06322827
0.95691623
0.82445212
0.66824723
0.2477245
0.39706133
0.4754738
0.33966431
0.09132175
0.22298496
0.31989908
0.00069666
0.86913974
0.20325959
0.09807702
0.76610643
0.40203652
0.6483147
0.38254208
0.76781046
0.14933256
0.92362288
0.10521345
0.22830311
0.34494651
0.43656235
0.13869369
0.29676469
0.0605789
0.25252074
0.13298074
0.4375196
0.34943826
0.15034598
0.35631559
0.06151865
0.05308292
0.20036249
0.65323942
0.62006063
0.18268569
0.37598807
0.89039307
0.92078768
0.81311506
0.23758734
0.04653669
0.07899497
0.85212184
0.10213202
0.06582595
0.38138718
0.07259775
0.13912808
0.44255265
0.87977423
0.80130186
0.54015088
0.17252684
0.18190851
0.34070485
0.7172314
0.93564388
0.98714222
0.46298036
0.44120457
0.87538505
0.56167746
0.18767527
0.61263459
0.12949519
0.80734523
0.71796097
0.05969907
0.09423093
0.93971824
0.43309462
0.38476226
0.20964415
0.41957242
0.39955652
0.07499905
0.54293439
0.68953094
0.685031
0.33811294
0.03870331
0.61806174
0.21942014
0.38467871
0.20019413
0.02347838
0.0777441
0.49113922
0.3235093
0.98856347
0.87510025
0.62865171
0.52373691
0.02888586
0.55350867
0.65616837
0.54548137
0.45991059
0.13408927
0.12869532
0.76357424
0.58397695
0.73265612
0.60721331
0.9190546
0.69400307
0.27490233
0.55696071
0.0374552
0.38123765
0.56658119
0.06002843
0.29806921
0.57749537
0.16234741
0.61597454
0.45888304
0.05610396
0.86379774
0.03853509
0.34395959
0.82728141
0.67620683
0.67355408
0.49683859
0.95019711
0.1767703
0.39420516
0.89853741
0.44367813
0.63927762
0.72337585
0.47060012
0.37139568
0.31621915
0.98401875
0.47750228
0.2394939
0.57722639
0.40321823
0.88979052
0.14259226
0.93026207
0.42089308
0.94441687
0.5051227
0.39308543
0.72567621
0.66459014
0.1988578
0.19779957
0.46089182
0.50082033
0.9018773
0.88159278
0.27922001
0.98774534
0.66316753
0.54908367
0.65738196
0.50840235
0.08779167
0.12526258
0.37877911
0.15197696
0.08260668
0.66140213
0.58551608
0.90922833
0.81180427
0.98766491
0.91015649
0.61943693
0.42325713
0.08542965
0.206027
0.98016452
0.08723317
0.61554892
0.22418128
0.14006441
0.78772088
0.1133349
0.66401133
0.08655654
0.63254781
0.96083177
0.60389665
0.4492495
0.41177639
0.56042619
0.59625419
0.70583194
0.42731327
0.93060258
0.98966438
0.4929252
0.04023351
0.54928725
0.58691487
0.93019446
0.06983276
0.31470776
0.0785907
0.93082229
0.82191013
0.00215988
0.06645996
0.24034033
0.93233619
0.61670183
0.2641975
0.1334141
0.70026807
0.00430785
0.68092448
0.48998327
0.14412672
0.96666713
0.65490333
0.0115556
0.86064396
0.10390532
0.38155483
0.86590242
0.83174431
0.01804069
0.18423957
0.10138882
0.01304955
0.72750258
0.82516984
0.21369119
0.92764955
0.83705805
0.23326806
0.80467579
0.92615967
0.62637996
0.31382939
0.11143096
0.6731751
0.46197084
0.04556567
0.17303321
0.50818521
0.3734763
0.29908646
0.70901698
0.36046058
0.16121797
0.53744878
0.77419229
0.75096679
0.67989312
0.75176561
0.7984919
0.0669539
0.4540769
0.66640009
0.04852066
0.91523623
0.23745948
0.85250779
0.86871274
0.72786023
0.85876685
0.21100171
0.70308027
0.34264284
0.16443697
0.93983889
0.51350706
0.5250991
0.39541872
0.85079184
0.17477632
0.47902835
0.64819498
0.91084614
0.87734884
0.09178355
0.76457561
0.60700184
0.04089394
0.08388151
0.40897307
0.41957839
0.82616701
0.61877467
0.35203519
0.25825134
0.66136331
0.98686021
0.45094111
0.2757751
0.6942675
0.0159138
0.94355627
0.81112144
0.24756226
0.42284519
0.95348953
0.85111018
0.29010741
0.87746547
0.39690105
0.32763987
0.65585484
0.32014936
0.37322773
0.80983435
0.51382367
0.17647859
0.65177692
0.19356998
0.91198683
0.80233454
0.20491738
0.6855053
0.77146074
0.59294554
0.62543286
0.72366459
0.57349105
0.18594386
0.93636748
0.70640455
0.9043858
0.44739401
0.90252602
0.89553221
0.76065207
0.34049857
0.03158803
0.70209197
0.75541673
0.28224335
0.6475091
0.20749339
0.72280948
0.93075657
0.71001537
0.93090073
0.32806965
0.48994048
0.52891964
0.85722331
0.47942726
0.63573149
0.27863665
0.20668959
0.36073321
0.00667379
0.76558929
0.11177724
0.83714405
0.41331125
0.6710512
0.73026173
0.31972298
0.41537401
0.55497348
0.24026848
0.22805019
0.80257917
0.18742846
0.31209073
0.13480739
0.46947117
0.73652593
0.44081904
0.36446331
0.7882173
0.2557502
0.14527725
0.47423142
0.01107599
0.30742894
0.55538126
0.27125743
0.58136353
0.85901173
0.85411185
0.68119771
0.94407235
0.85310734
0.11700626
0.45558411
0.3277195
0.03752541
0.50734098
0.28864661
0.00500172
0.86555159
0.13323912
0.26085442
0.89800855
0.89221346
0.51539543
0.32462016
0.8156714
0.70956728
0.68609494
0.89445571
0.39685552
0.5651794
0.46347939
0.67461679
0.66728174
0.00258612
0.63969103
0.32391538
0.81728657
0.58253941
0.31951063
0.1996811
0.49192154
0.71842419
0.55680757
0.94368774
0.07180099
0.7264684
0.13208828
0.783298
0.71620936
0.34346145
0.36197609
0.23812003
0.23886429
0.62001515
0.73900599
0.61201142
0.47272795
0.59172437
0.95042107
0.13722926
0.41168851
0.17823056
0.57211878
0.41843578
0.43489064
0.74287317
0.91114597
0.50358184
0.29263898
0.01016009
0.08690391
0.62154222
0.71272074
0.74120755
0.35414502
0.80188544
0.08271746
0.63935363
0.73255012
0.92607237
0.93791443
0.5278727
0.87687253
0.815173
0.33598468
0.20906762
0.27126107
0.21619833
0.26046291
0.86942896
0.97960151
0.34868701
0.13690487
0.55144681
0.86090392
0.32677191
0.58885026
0.30954327
0.62177828
0.98388561
0.60765004
0.24885179
0.13208238
0.87865434
0.93998348
0.00890609
0.26378624
0.78244413
0.67749794
0.92941299
0.28147526
0.64704436
0.2052067
0.51721442
0.05782566
0.70594251
0.83173629
0.83372306
0.62634443
0.84187483
0.58104721
0.1894253
0.40246191
0.85693821
0.64191379
0.29920752
0.21347861
0.70639979
0.76676273
0.08640936
0.72314894
0.44153528
0.92729374
0.12874011
0.71502132
0.28465486
0.7806027
0.23080274
0.68885071
0.15725522
0.06713207
0.24032749
0.62619331
0.45918657
0.74571887
0.32939408
0.7482376
0.10964032
0.69444452
0.43552569
0.09777524
0.81423464
0.34939951
0.90236706
0.06594876
0.68086595
0.38967795
0.04567446
0.23444578
0.05541023
0.73147119
0.74073077
0.38146149
0.21904855
0.53903566
0.96441635
0.10308244
0.08124464
0.91490594
0.5487209
0.00262496
0.80145037
0.15848587
0.98069721
0.72413983
0.85080786
0.52048279
0.79428872
0.37917513
0.11110717
0.07057435
0.95330206
0.29549049
0.54752725
0.89546984
0.70471186
0.89380316
0.78360732
0.40822899
0.54177248
0.26501315
0.50341093
0.66436787
0.38427512
0.27117948
0.00411931
0.41513828
0.55022359
0.17060537
0.16729402
0.33629849
0.73961971
0.54047567
0.91059497
0.80159671
0.91547298
0.87245512
0.58770886
0.15005233
0.60816056
0.78031882
0.20672091
0.8143224
0.10614819
0.40512696
0.73785048
0.20401462
0.43459281
0.41610978
0.20833594
0.81004283
0.98315295
0.6993586
0.03230273
0.23569235
0.0115614
0.40239637
0.84530885
0.36046653
0.45142545
0.52582443
0.03695045
0.4270962
0.48659798
0.8982914
0.32931402
0.32355447
0.83561845
0.51107504
0.88449299
0.72405758
0.2731559
0.76543985
0.76750885
0.19804091
0.28823728
0.33324784
0.86098015
0.92903844
0.92093376
0.16501732
0.3117142
0.61493659
0.54100377
0.85992953
0.12990103
0.56842388
0.84662213
0.96208861
0.09634865
0.81061116
0.35024854
0.13017015
0.65469645
0.85548168
0.59301999
0.2904716
0.54997765
0.11158972
0.72772533
0.58042224
0.47270806
0.21740311
0.47450856
0.66690579
0.2631869
0.72870323
0.62035904
0.04389675
0.7157068
0.01934125
0.74702054
0.04062674
0.00814058
0.67680436
0.46876768
0.02992237
0.20995231
0.49252412
0.02030232
0.39986275
0.93440898
0.4594036
0.17918902
0.89165218
0.96474811
0.5798564
0.0463852
0.84323874
0.18473143
0.79902204
0.63462121
0.66477461
0.70305314
0.09208807
0.80107095
0.12686024
0.74213688
0.19304414
0.12262607
0.69845703
0.60648795
0.24323395
0.67231762
0.98839737
0.48375575
0.40648286
0.64217426
0.69604636
0.96313002
0.48985416
0.67318031
0.05885054
0.16941484
0.72802509
0.44710187
0.84856106
0.54402568
0.36667919
0.65137416
0.76292859
0.74175601
0.90669166
0.17540041
0.06170549
0.48144394
0.91718577
0.44460104
0.68616447
0.29471476
0.50686339
0.17286103
0.29325359
0.66753104
0.55428763
0.55152488
0.04472419
0.9596624
0.85329782
0.46550541
0.82008176
0.85698805
0.22400338
0.80174081
0.23416084
0.71913195
0.98832152
0.65270232
0.49073181
0.89650407
0.22367807
0.06892609
0.13452848
0.05406052
0.49010183
0.0578206
0.37361389
0.25326349
0.55777094
0.11763675
0.74176525
0.4386286
0.98338118
0.87052738
0.88834127
0.56731911
0.71679736
0.56172401
0.74527906
0.41006052
0.95674498
0.59879618
0.12269396
0.8768314
0.75074548
0.40531849
0.94919835
0.93903541
0.05112241
0.49504846
0.67191851
0.9271615
0.60355504
0.79168083
0.23548866
0.91140383
0.47533204
0.73005141
0.23433034
0.48560311
0.33218262
0.96361952
0.59433051
0.48107026
0.16687877
0.93001458
0.26662708
0.11218223
0.81779152
0.09106397
0.91832666
0.51064895
0.9776956
0.27255038
0.07744946
0.6600647
0.92415307
0.28345956
0.31203233
0.32187022
0.83098236
0.82858542
0.06163582
0.43973275
0.00310977
0.67009804
0.96206506
0.5815103
0.17853483
0.22728153
0.84139374
0.43720338
0.12019477
0.71004307
0.61980961
0.75495946
0.58392265
0.98671914
0.84955325
0.54798432
0.60023042
0.50156434
0.26467953
0.47973917
0.39150763
0.31119033
0.1947429
0.77908893
0.16556525
0.27955771
0.87327923
0.11215851
0.82557181
0.70267237
0.05120415
0.37274044
0.03775615
0.78508719
0.39656455
0.14035344
0.96688458
0.68022493
0.75099852
0.75955443
0.6995395
0.04870268
0.17775784
0.00649663
0.11613689
0.50068286
0.53789602
0.71503212
0.87997072
0.78451399
0.96777677
0.9787775
0.17055724
0.36461882
0.71824871
0.56744354
0.76629355
0.69324986
0.29326118
0.85196416
0.60635765
0.609991
0.43682059
0.72545393
0.7573234
0.02926132
0.71629963
0.09048359
0.92254351
0.92891337
0.89443723
0.7929518
0.50383819
0.1722032
0.93170536
0.27419968
0.80470733
0.00406911
0.59021559
0.20567935
0.17727022
0.73012987
0.86146673
0.74213929
0.68237528
0.17363582
0.80620901
0.64748388
0.14823807
0.0202614
0.00849228
0.12299761
0.59729388
0.09624016
0.4667673
0.89934517
0.07399779
0.81655651
0.37383223
0.47938857
0.04810652
0.37029249
0.85249083
0.91353527
0.12432318
0.25603151
0.63568235
0.30506375
0.89367064
0.39105276
0.5892103
0.41460002
0.77388035
0.93651762
0.94149513
0.60943221
0.56733189
0.11929466
0.25221317
0.14201996
0.12692613
0.00314455
0.44919751
0.39682264
0.26566896
0.80437222
0.4683925
0.3579277
0.58223759
0.93070213
0.58374368
0.01402766
0.86863688
0.0748916
0.46625976
0.17950835
0.81234983
0.34185375
0.36772016
0.46206666
0.83739781
0.44999987
0.15111591
0.60916493
0.33071369
0.97993884
0.109204
0.10044384
0.15253263
0.16826723
0.18154822
0.91526443
0.39013299
0.18222819
0.26823888
0.58856759
0.93941829
0.45137259
0.04484745
0.23707536
0.53866165
0.73584167
0.76365977
0.51567775
0.85947575
0.11200382
0.35071085
0.10331683
0.39734288
0.42825335
0.2525646
0.30621961
0.2042601
0.44555573
0.82072003
0.92662934
0.91088256
0.87303578
0.89989184
0.66109999
0.75517666
0.03804442
0.0234626
0.96978652
0.63255927
0.7122173
0.38214967
0.32043442
0.75314654
0.31804333
0.98195203
0.41975165
0.23781946
0.84352908
0.52658965
0.62011703
0.37755107
0.97713306
0.35360306
0.79406899
0.5204524
0.18229995
0.50791907
0.59118272
0.5358613
0.40822859
0.29076594
0.60365663
0.55570821
0.03730293
0.53387419
0.18323562
0.25415775
0.48354071
0.23202188
0.50072533
0.93601692
0.75214636
0.08094041
0.43970474
0.5988965
0.27687383
0.16790509
0.84079123
0.78923381
0.14533879
0.56486398
0.56287697
0.31238206
0.17451502
0.07629369
0.52550999
0.42147925
0.96797475
0.36077458
0.89050304
0.44541064
0.52987082
0.95239494
0.76727729
0.52828914
0.02922955
0.63448803
0.02919442
0.67083236
0.95798584
0.35245923
0.78489461
0.45705812
0.97548301
0.54818737
0.47309628
0.36764243
0.69512996
0.10342813
0.35648625
0.26060407
0.62435855
0.8448634
0.27069083
0.78803574
0.63034522
0.60681632
0.272057
0.33314552
0.7208849
0.33193652
0.81037225
0.00306454
0.68994021
0.74425508
0.3161967
0.02490634
0.58338114
0.16414386
0.82673977
0.21744889
0.29787048
0.08200582
0.95380427
0.5967225
0.06788261
0.54988684
0.29066518
0.06272565
0.55868832
0.68347141
0.79857526
0.39280056
0.03151039
0.64366841
0.65895493
0.94154985
0.49862698
0.85600994
0.17674159
0.42484063
0.01100061
0.25924961
0.98253879
0.73438192
0.4294756
0.59119282
0.18283716
0.12039009
0.66244893
0.35122435
0.93483107
0.14121042
0.33057873
0.06413173
0.97126462
0.33031053
0.25337338
0.94242936
0.57406762
0.10290579
0.70093286
0.97558199
0.48815921
0.915748
0.47707258
0.75934158
0.87148676
0.61705845
0.21469386
0.95499453
0.46893726
0.0108194
0.95084806
0.82258939
0.91772594
0.41541467
0.09036979
0.6702739
0.51436647
0.7234416
0.91574253
0.89737603
0.20260347
0.83571922
0.44015034
0.75809172
0.73585391
0.52527959
0.79291783
0.54395362
0.01158455
0.54085218
0.39775422
0.54747747
0.91187781
0.8219761
0.02892204
0.74497522
0.00742682
0.08641519
0.72746006
0.67432932
0.39690642
0.3174398
0.46135731
0.88929532
0.00816205
0.28963023
0.94906928
0.4456617
0.8832013
0.43193228
0.8643519
0.087748
0.59025727
0.92772339
0.26312209
0.5906452
0.85794619
0.74396685
0.37492794
0.93886921
0.73433729
0.38695402
0.87120833
0.81895254
0.15669297
0.84223615
0.17398559
0.62698535
0.77703545
0.06368183
0.83652389
0.69083
0.29148204
0.5300463
0.34049538
0.61703355
0.21690808
0.18180358
0.21830507
0.02840055
0.41793572
0.73371905
0.42870616
0.83262602
0.63474679
0.01798811
0.30001323
0.40248489
0.34894572
0.56484771
0.72815226
0.6089843
0.1728428
0.82664581
0.98803387
0.62043428
0.65397068
0.2905452
0.03910064
0.59338084
0.29141065
0.13128824
0.72077015
0.45642706
0.77666611
0.73424136
0.12937314
0.58366838
0.4618796
0.89669863
0.5289308
0.53934848
0.46741467
0.5111167
0.16045316
0.96491836
0.54690974
0.25253375
0.67494336
0.59480631
0.53847683
0.29223795
0.78131209
0.3539022
0.75645993
0.30763157
0.55748097
0.70834515
0.25406776
0.30327628
0.8546562
0.22449719
0.96048853
0.01781846
0.02954647
0.10505899
0.51428745
0.43212273
0.11666532
0.36905467
0.11481922
0.18276505
0.14167482
0.81452602
0.69545131
0.54572516
0.41664218
0.65753948
0.77961157
0.46415505
0.44175975
0.50160666
0.0190632
0.0068046
0.39444971
0.62352575
0.7881131
0.91189977
0.43765361
0.58534605
0.10788689
0.41119188
0.59184356
0.57669682
0.00496006
0.89526297
0.45288198
0.90296949
0.19663717
0.20373596
0.54951814
0.78686715
0.97590776
0.53347959
0.24904653
0.59943831
0.98366835
0.42289306
0.86681276
0.12802215
0.06189402
0.4413959
0.20898563
0.43465921
0.1380185
0.76009129
0.44491357
0.34948361
0.87637942
0.19155548
0.30216182
0.47963571
0.43615023
0.32407618
0.0872268
0.62916168
0.2242302
0.39721992
0.52559764
0.54952267
0.11004071
0.6027224
0.48012246
0.18268319
0.06336476
0.41016801
0.6899547
0.42633867
0.23010247
4.379e-05
0.58051462
0.1148816
0.88770444
0.84066614
0.08248476
0.75149612
0.90620491
0.55704356
0.44998778
0.49500963
0.10778539
0.61046415
0.09633363
0.53126798
0.88830195
0.27886477
0.75797138
0.69824429
0.74266704
0.55716955
0.17702694
0.68779721
0.08587103
0.11351378
0.82985923
0.02629951
0.48861562
0.97825821
0.24642636
0.50040724
0.88543944
0.76659226
0.22414894
0.27210755
0.16572916
0.53591685
0.07066895
0.42640322
0.83172675
0.49473006
0.34832103
0.51843933
0.46264562
0.45415751
0.31346508
0.64674094
0.44723122
0.08393573
0.90016412
0.51735232
0.3808795
0.38004406
0.310804
0.81399403
0.75225209
0.58398574
0.26031928
0.49917806
0.95051431
0.6407204
0.62459758
0.86080829
0.72767699
0.72851898
0.83382491
0.88517714
0.52690258
0.57390643
0.79031232
0.19736377
0.60439393
0.36211115
0.48258617
0.45847536
0.70478669
0.40405616
0.03349728
0.91076254
0.82014127
0.18367517
0.94412238
0.71965992
0.794538
0.80928668
0.90810439
0.09957913
0.09707474
0.01078404
0.72225139
0.94865055
0.15663964
0.41076344
0.38201957
0.09253071
0.18705873
0.94941853
0.85941466
0.4175747
0.05856033
0.83722063
0.45931285
0.01921823
0.75620258
0.04623428
0.527228
0.39681715
0.81811339
0.03906914
0.19513295
0.82431564
0.29448102
0.18437093
0.30750149
0.98332687
0.38566483
0.115236
0.71036099
0.14182026
0.37067426
0.07996443
0.81411671
0.8575742
0.69233105
0.08814867
0.45344586
0.16792164
0.21754064
0.41929579
0.59264112
0.34792813
0.2602459
0.13757342
0.50599837
0.23184266
0.02545011
0.9594084
0.55082762
0.3187496
0.35873569
0.16547496
0.09057806
0.25074753
0.52187219
0.50118777
0.04476381
0.88989444
0.97227044
0.20316654
0.21369225
0.77668595
0.42897122
0.57194677
0.60822197
0.32801557
0.04002181
0.13452424
0.06692143
0.69112931
0.70996261
0.49640721
0.2750882
0.05549331
0.12438527
0.66251815
0.81524067
0.27203578
0.53115822
0.35972054
0.92763742
0.33981666
0.32503569
0.65665167
0.30481165
0.66935697
0.07891276
0.46876432
0.55847843
0.50791388
0.37437191
0.50275242
0.5783886
0.23253683
0.09531426
0.30552498
0.53981241
0.17426869
0.11632235
0.45495933
0.93897999
0.81774009
0.29610819
0.44936627
0.50764319
0.71819612
0.12779201
0.22181039
0.15734882
0.63763828
0.00947308
0.74704571
0.43206731
0.47684999
0.84463868
0.1424838
0.60554928
0.43744328
0.89308517
0.82448617
0.04735854
0.42776155
0.34413351
0.90075305
0.27270838
0.47372631
0.71027972
0.25053329
0.15932926
0.20154021
0.71240205
0.83872836
0.29001343
0.1582507
0.01914071
0.24845989
0.43122212
0.6942501
0.53644894
0.31135395
0.11173551
0.38432239
0.25664758
0.47550266
0.59719152
0.09123155
0.40959769
0.50179508
0.09926459
0.25128247
0.10417152
0.68828851
0.83473138
0.94841088
0.49384615
0.82484972
0.29047047
0.14176305
0.23442177
0.52364331
0.65632645
0.32830263
0.65209421
0.02693213
0.00182713
0.30615097
0.68690183
0.79852655
0.75554856
0.24284174
0.96246733
0.0242337
0.62984986
0.34137711
0.43393542
0.74745374
0.63268847
0.14375351
0.16605135
0.15424093
0.09235044
0.7836418
0.89948164
0.98377186
0.21259283
0.61313629
0.97208361
0.16210261
0.20775442
0.73031293
0.74887296
0.06370401
0.88717713
0.42294312
0.50574927
0.00509659
0.9719764
0.58577634
0.64999509
0.74011582
0.63580722
0.43090299
0.5616122
0.33197241
0.71064235
0.69111159
0.48744642
0.85472098
0.58371929
0.28955524
0.39398191
0.9427229
0.69380549
0.69621828
0.14253016
0.53300218
0.88716237
0.57277273
0.34529921
0.51857337
0.07494948
0.55066326
0.4771536
0.26532003
0.36977409
0.21311038
0.31995409
0.90120334
0.43954857
0.41652761
0.85263187
0.07901611
0.4937016
0.05150125
0.50004501
0.6131056
0.67637673
0.87390973
0.13386769
0.53772111
0.33129451
0.07837944
0.24739776
0.32264793
0.40846346
0.71160785
0.87889757
0.49313283
0.44002194
0.89084094
0.44939488
0.29090511
0.47973739
0.56410519
0.83469173
0.42727495
0.31820812
0.86576904
0.18773212
0.31954697
0.52510324
0.54618688
0.47062113
0.70899048
0.12784152
0.30620842
0.80168821
0.45469059
0.6523162
0.71581785
0.09009446
0.73105726
0.57811531
0.97863741
0.79023508
0.53094323
0.38015007
0.63925962
0.06434529
0.94941144
0.11371218
0.54350194
0.59678035
0.80922338
0.32227767
0.85465119
0.20416114
0.93916184
0.78705267
0.33728279
0.06806151
0.29100821
0.77492841
0.48665643
0.40644471
0.11220622
0.44872049
0.42233329
0.83876427
0.85593079
0.84984853
0.21223407
0.82999221
0.13619248
0.31401115
0.30918952
0.10491748
0.68062986
0.13460835
0.08210867
0.46674772
0.24855794
0.93185619
0.50846618
0.33256355
0.86016701
0.73304949
0.73059175
0.38708237
0.74722503
0.92975031
0.84235376
0.05129307
0.48120524
0.98361348
0.63376762
0.19311726
0.37436271
0.89004675
0.31940121
0.26269275
0.74108849
0.24538938
0.37025722
0.24849201
0.79754908
0.2945055
0.47983368
0.52058905
0.15607634
0.88117099
0.15871172
0.00240893
0.68051356
0.89159922
0.48368028
0.10609846
0.13694239
0.21868956
0.87277397
0.82158597
0.7604027
0.39918824
0.04291113
0.53952204
0.28113437
0.82957632
0.0848269
0.64438906
0.42852532
0.58954545
0.80295913
0.24783741
0.10098596
0.39113917
0.64456195
0.42764927
0.06219057
0.66726948
0.58324101
0.84461508
0.53907458
0.10288622
0.07040576
0.54758248
0.64521006
0.44703125
0.26904323
0.83479521
0.96246778
0.08689835
0.76701621
0.94209877
0.85103472
0.80969181
0.87394775
0.3014186
0.74247724
0.05486952
0.64961509
0.11266474
0.20198058
0.58219532
0.61330636
0.03297068
0.09986767
0.71606651
0.56493172
0.32522019
0.20454454
0.80423162
0.22280855
0.58081982
0.39549547
0.7618623
0.08711945
0.60531113
0.35598241
0.80642953
0.89083197
0.52181022
0.02096112
0.40315035
0.15474337
0.47755606
0.01144867
0.03462133
0.13526647
0.787839
0.24239726
0.49344481
0.53114919
0.31849822
0.64103286
0.33014754
0.72047943
0.56792179
0.16078492
0.06957305
0.53370466
0.02142099
0.28133742
0.49682921
0.70445896
0.20153406
0.25801796
0.55463099
0.90514876
0.56118055
0.40960912
0.89528788
0.00137593
0.00286813
0.68370151
0.89093313
0.41874865
0.35231407
0.44741048
0.85823867
0.80800555
0.33290988
0.95687645
0.01421824
0.38477356
0.71854171
0.07017242
0.05827166
0.81725886
0.7678913
0.13597782
0.64066534
0.10304864
0.01309879
0.47380952
0.36652737
0.63316007
0.0278951
0.28023544
0.10289414
0.19207098
0.25172862
0.05393609
0.53594256
0.31982007
0.60524267
0.08474683
0.87894601
0.85428539
0.30198299
0.40847991
0.83797486
0.55020234
0.72829192
0.75630459
0.94566958
0.94654234
0.63371772
0.52822372
0.89130914
0.03080225
0.88165574
0.25382546
0.14322746
0.88344441
0.22575637
0.10381485
0.42089081
0.41206778
0.60694692
0.12567984
0.85175199
0.05366959
0.69513367
0.51861784
0.6584212
0.57464066
0.4805145
0.92695641
0.58707163
0.21938219
0.47432723
0.28289525
0.47394944
0.81416927
0.94898777
0.34421365
0.56216799
0.04864238
0.24917393
0.66966224
0.1948594
0.43600519
0.82572163
0.96285258
0.14428977
0.96831736
0.52437213
0.61128673
0.34517831
0.40988302
0.66253708
0.53503196
0.43151965
0.02054066
0.98975651
0.87430726
0.51795827
0.45993307
0.1178026
0.80403904
0.02701081
0.80733746
0.43760109
0.90447578
0.9137574
0.64377596
0.48125231
0.92212102
0.37803888
0.88438104
0.88463823
0.36271968
0.21548753
0.03168633
0.29394075
0.97376426
0.08756416
0.5740787
0.85586437
0.08717637
0.59227401
0.69213095
0.84272604
0.56711133
0.29938461
0.55639394
0.96405481
0.12744599
0.28851463
0.61176991
0.97517184
0.09513255
0.79689546
0.13667497
0.89198946
0.27987502
0.9391145
0.87884007
0.00470315
0.88344528
0.39862372
0.23440548
0.26441426
0.57184257
0.4192143
0.8900846
0.96853234
0.12902065
0.49016568
0.10124548
0.34843208
0.94754093
0.4185623
0.5838504
0.06804244
0.42097648
0.20414598
0.14306994
0.02731481
0.2767341
0.2896517
0.19653187
0.47285258
0.78015172
0.84483844
0.41686537
0.00485908
0.88700792
0.55596835
0.30311224
0.71594327
0.8588304
0.46131538
0.89764501
0.23921984
0.43899428
0.27618413
0.60145995
0.01851732
0.92860282
0.89991893
0.45996303
0.3783754
0.91732896
0.68962616
0.53994
0.2711353
0.61443132
0.21314789
0.75413555
0.58742581
0.19622751
0.92899654
0.6450523
0.09915241
0.71311171
0.67305713
0.43795106
0.40148979
0.62718459
0.35320797
0.28351056
0.37020171
0.67750353
0.41343412
0.26811098
0.19570206
0.35205414
0.95161011
0.24276233
0.37323925
0.00233978
0.58501207
0.21226838
0.67860786
0.63661487
0.98545638
0.84011685
0.30631357
0.54830262
0.64044373
0.23329799
0.20842515
0.05838306
0.38979791
0.2128153
0.10947785
0.45553428
0.43699067
0.16524879
0.49684856
0.22606963
0.33367158
0.54945367
0.95437335
0.94728776
0.97030596
0.19093956
0.05029164
0.69486085
0.86085614
0.46642114
0.77059209
0.59897466
0.49503579
0.03127804
0.55371091
0.5145207
0.80312854
0.29393289
0.85548414
0.77674432
0.17910177
0.56994578
0.32819904
0.62556034
0.92113523
0.57876147
0.68118861
0.71867263
0.15165284
0.45327678
0.10251088
0.72507963
0.70091742
0.20949376
0.04315161
0.47320945
0.66330511
0.90559341
0.69114812
0.40765402
0.87208957
0.16214004
0.63760959
0.05340615
0.98285192
0.35423726
0.34414389
0.09943376
0.863631
0.80864889
0.17355528
0.44041057
0.28640239
0.10841635
0.23107213
0.67059291
0.09704173
0.14069157
0.21081997
0.13978922
0.49206589
0.22139397
0.58629668
0.29900686
0.6692226
0.60565098
0.16685049
0.32506983
0.1846117
0.01619342
0.63735776
0.64663006
0.96927438
0.24121568
0.18060716
0.88176818
0.80691522
0.0505705
0.98713615
0.98726778
0.37440614
0.04262086
0.21955222
0.94047198
0.28574561
0.87991649
0.1144276
0.29355507
0.7844476
0.6529411
0.69381113
0.29968859
0.96621401
0.08895064
0.76018222
0.47067528
0.10496372
0.80101813
0.26462966
0.38857778
0.68333673
0.65387581
0.37772003
0.42200428
0.5869654
0.64998401
0.34945327
0.2839195
0.66300091
0.86247695
0.0082463
0.91697819
0.04346338
0.93258408
0.65259609
0.85440395
0.53288641
0.5856216
0.506904
0.41317997
0.89022167
0.22835376
0.87706746
0.85037744
0.57268959
0.45370111
0.92637673
0.15210239
0.70679931
0.31910918
0.2823877
0.91152828
0.43435943
0.02952552
0.02148449
0.30260238
0.25540751
0.75060741
0.57639644
0.41440392
0.80729237
0.32187721
0.46774873
0.35209329
0.48913659
0.52509683
0.18919129
0.34316716
0.5041873
0.37329054
0.20903584
0.32518542
0.41509029
0.19832528
0.73448839
0.4042828
0.63085133
0.68509926
0.97842197
0.05631124
0.25867505
0.92168434
0.13012953
0.46535138
0.42792234
0.00141652
0.47954176
0.20760629
0.79289787
0.95005233
0.82974916
0.34507117
0.33025403
0.27424143
0.08008841
0.64253596
0.16343307
0.1636019
0.20493394
0.79819317
0.9319318
0.77139269
0.26043182
0.22921363
0.91007482
0.66921703
0.90421425
0.07801668
0.14059847
0.77366152
0.09315582
0.91126084
0.33790142
0.95753961
0.29631261
0.80475939
0.88295302
0.59515921
0.5092934
0.26514887
0.3673046
0.59414984
0.68596909
0.4105737
0.16881898
0.92731343
0.65299576
0.3125364
0.35777146
0.2547148
0.36170658
0.71770368
0.39503171
0.36007328
0.18021151
0.54323087
0.88386172
0.14022645
0.33289967
0.86017576
0.11291229
0.43154947
0.81847817
0.2825801
0.29385298
0.74849299
0.39031649
0.34461106
0.0292549
0.13145886
0.9341419
0.4980361
0.48747276
0.75680623
0.53360188
0.45931418
0.90594516
0.02160631
0.36151289
0.38017391
0.67663911
0.24158436
0.82728763
0.73834081
0.04406145
0.5812013
0.07628671
0.26806585
0.93324157
0.61647287
0.09673636
0.05859639
0.00294952
0.13367274
0.0681014
0.22106284
0.47056038
0.36416379
0.24431785
0.47933899
0.96847947
0.23299017
0.13397834
0.62757653
0.37412148
0.56920484
0.19571285
0.50235748
0.18295934
0.75783011
0.95046236
0.67798527
0.38367383
0.25202333
0.53076692
0.91681252
0.46224817
0.68557081
0.76867921
0.83485822
0.23462221
0.83819783
0.20839408
0.34392668
0.63492535
0.39035197
0.7515768
0.90590238
0.26115393
0.58395791
0.35895764
0.66262954
0.8710345
0.06551473
0.76577184
0.37529189
0.03644633
0.39833601
0.89301237
0.18765537
0.51324341
0.69033102
0.01256774
0.67739943
0.79880284
0.71471938
0.00207028
0.80555454
0.23351826
0.85505729
0.58898062
0.11660957
0.45443374
0.41193304
0.29579744
0.78142753
0.11835853
0.05578084
0.41487405
0.42258067
0.63599176
0.40500606
0.06198042
0.98817629
0.9146529
0.69227546
0.26956252
0.4063565
0.87954282
0.11351469
0.24160567
0.0144268
0.19990404
0.46038614
0.70535997
0.54466364
0.53296603
0.9244062
0.62489076
0.87450728
0.61538249
0.80434134
0.11559403
0.74422049
0.65702834
0.75308377
0.96868776
0.10243957
0.73248089
0.14051508
0.36433505
0.17614619
0.85030915
0.82786885
0.19732693
0.37224081
0.03596514
0.57809702
0.44626991
0.69167935
0.23281484
0.93165971
0.11819652
0.73948313
0.06230324
0.82186479
0.80309401
0.72678405
0.18050792
0.03865267
0.66196525
0.19378663
0.97655445
0.27064305
0.84698997
0.82984516
0.01802952
0.83739141
0.19541448
0.26057038
0.45416174
0.626491
0.70402184
0.6651291
0.31973655
0.33983896
0.12105092
0.15332745
0.92374657
0.91731957
0.23953984
0.02428299
0.13996492
0.24923306
0.83973215
0.6173041
0.54174392
0.69030718
0.14104063
0.15406659
0.22920196
0.80519816
0.25375117
0.14552831
0.47393386
0.45896332
0.44376791
0.83198717
0.61558942
0.43059258
0.53470348
0.6010943
0.70934167
0.07433051
0.43199579
0.71720255
0.21473977
0.85084837
0.78924841
0.58995765
0.94449883
0.22902486
0.01908647
0.35508514
0.55836137
0.95547944
0.7345001
0.30264415
0.1488383
0.02126253
0.89033005
0.55872767
0.74471382
0.63700749
0.11250198
0.18747715
0.5908767
0.24466421
0.7724564
0.98398855
0.59802584
0.21981905
0.39952461
0.28140487
0.01171575
0.2264261
0.69169063
0.79366499
0.48486727
0.82769882
0.96250093
0.57946889
0.36091788
0.94984643
0.35411611
0.40976969
0.24158093
0.71980054
0.91344197
0.18928225
0.36430747
0.6142981
0.76074421
0.2362405
0.90429018
0.66893007
0.47914383
0.29786819
0.34533488
0.12023119
0.02783748
0.02830739
0.36552863
0.0663194
0.26121013
0.72459943
0.05810559
0.27463318
0.96290028
0.79837521
0.59627768
0.0549895
0.78213462
0.20058733
0.71029033
0.78356522
0.46564106
0.61799401
0.50069827
0.76934195
0.10930116
0.93405636
0.79836672
0.47859344
0.13482741
0.09499328
0.88388088
0.02131139
0.22809903
0.43397099
0.80955417
0.17169808
0.5097249
0.46731062
0.22777176
0.88713752
0.68817312
0.80947112
0.87119176
0.2272115
0.5968504
0.53204409
0.50302648
0.46771241
0.6825318
0.40803052
0.23052522
0.43103795
0.97859703
0.68996706
0.6549742
0.58088792
0.77316945
0.75975108
0.77560398
0.11654887
0.22427169
0.08402426
0.98281137
0.48521059
0.98250867
0.20606358
0.50211765
0.37031484
0.44496211
0.59055266
0.15529505
0.41986159
0.4679425
0.18012968
0.09778125
0.22965552
0.28491964
0.77761583
0.78995719
0.55881871
0.6703331
0.92729051
0.92666874
0.7462575
0.23042865
0.29396723
0.81007845
0.52402545
0.25320862
0.37514645
0.84627217
0.50144672
0.47002663
0.57459561
0.85482016
0.35437874
0.47755921
0.23826466
0.37056587
0.16273047
0.536283
0.18755381
0.90352794
0.37447396
0.79330389
0.32146549
0.29676672
0.18365492
0.79946428
0.16174494
0.78551955
0.51594322
0.22486351
0.17121906
0.28685073
0.90964464
0.65834638
0.98113659
0.70268808
0.47089814
0.90371242
0.68877107
0.07515351
0.45260554
0.10424227
0.94339404
0.75008983
0.53487557
0.50436167
0.0794063
0.91872133
0.54609135
0.56952047
0.385247
0.94654771
0.52223734
0.9600248
0.34726887
0.53271352
0.20706951
0.46586042
0.06358105
0.45531769
0.20955115
0.43674849
0.62577209
0.28303475
0.15382936
0.48797746
0.20881209
0.40134862
0.03049182
0.08930394
0.85327841
0.30984009
0.78737238
0.38504744
0.96311479
0.34970278
0.97554046
0.67088781
0.12107063
0.24926735
0.77690671
0.59311441
0.10432451
0.56742212
0.58076648
0.19897687
0.12953197
0.06199257
0.08863367
0.87677891
0.5780231
0.89581761
0.41362164
0.96136052
0.28844216
0.88087926
0.00799264
0.96145737
0.07993707
0.97977818
0.13106194
0.64430672
0.89392425
0.98455208
0.18293551
0.1164933
0.18612434
0.38267061
0.38338678
0.35151938
0.54009654
0.93335843
0.32225783
0.15086987
0.14200846
0.91326412
0.42718639
0.7454369
0.49428919
0.48256028
0.70440586
0.26893837
0.38979579
0.51074632
0.30273722
0.27856529
0.58769256
0.40588541
0.7673457
0.30330378
0.43199757
0.69015709
0.15071364
0.67413452
0.55889025
0.43283259
0.81950636
0.5671184
0.78951798
0.33740758
0.34200368
0.95544006
0.87269432
0.01102089
0.25282827
0.13974662
0.30055601
0.09968828
0.87833166
0.01389044
0.75238163
0.7334372
0.21586737
0.30709082
0.12231936
0.15118745
0.05860565
0.95907838
0.75114212
0.07843513
0.16480122
0.3630927
0.86402627
0.1918902
0.06718554
0.77225016
0.69212662
0.52145962
0.55197551
0.13054683
0.71557601
0.97148185
0.58605832
0.67110628
0.49975952
0.08915459
0.80754879
0.24444434
0.10258559
0.13696701
0.14075454
0.47627578
0.890448
0.90896644
0.72361806
0.97332217
0.71261873
0.95578507
0.72115056
0.84417462
0.13814865
0.61182916
0.67758759
0.49474541
0.95983703
0.61103776
0.43515811
0.25853927
0.46248792
0.97475911
0.52911681
0.05363423
0.25630051
0.60702376
0.64637493
0.56643137
0.7780291
0.41902128
0.53944837
0.24013269
0.08772645
0.70480436
0.55687537
0.10919853
0.62434338
0.15454233
0.16770189
0.20202686
0.04204447
0.79186261
0.54996151
0.48324103
0.57419373
0.3341372
0.63558552
0.57999815
0.3136105
0.103469
0.68704366
0.22631678
0.05435155
0.36125085
0.64723235
0.74357701
0.34727294
0.52629622
0.10127509
0.35578686
0.18385192
0.6347586
0.27296999
0.80009729
0.87766591
0.19358382
0.08284735
0.04180897
0.27019058
0.97326977
0.82074766
0.96164906
0.66735258
0.60434905
0.65240346
0.57305183
0.79805425
0.87535599
0.41244052
0.79457188
0.36114601
0.96600774
0.55336254
0.7749709
0.6605513
0.85869063
0.30396964
0.54404236
0.93302821
0.14753531
0.12838684
0.6185645
0.33309678
0.05298707
0.94173435
0.257861
0.30493668
0.20790584
0.38005036
0.92118616
0.01889573
0.34415328
0.81296411
0.38324304
0.55595351
0.29404581
0.0085767
0.02325697
0.75241198
0.44442264
0.20711342
0.07303136
0.57019115
0.22381057
0.96021879
0.82082808
0.3247737
0.63038818
0.18811755
0.25886666
0.76922941
0.49800207
0.25301078
0.39897334
0.77712643
0.90188225
0.01326522
0.21754273
0.96810852
0.9885863
0.81566579
0.53491867
0.74998815
0.01619575
0.40487858
0.19306745
0.58582157
0.41541371
0.52897991
0.16594203
0.72619045
0.30416953
0.11840836
0.01376371
0.80317162
0.37286584
0.70432702
0.00257728
0.75940843
0.48884213
0.37105562
0.20720752
0.02982093
0.47801316
0.19205363
0.16671249
0.89183819
0.16702711
0.07624123
0.08996968
0.27983781
0.58788249
0.28745821
0.04671522
0.06163401
0.01680573
0.14933343
0.91790114
0.76724281
0.46785923
0.19400287
0.03464123
0.72300497
0.8742385
0.01006493
0.78761423
0.61335455
0.98096664
0.42682613
0.58907354
0.2560407
0.42531328
0.89914161
0.97506635
0.48659218
0.03844231
0.90070216
0.97026651
0.6991786
0.81685355
0.19767527
0.65298684
0.42710158
0.82609163
0.23479251
0.65733506
0.43124546
0.42131639
0.59300634
0.80818804
0.44451145
0.63788797
0.74436141
0.63345966
0.06754628
0.71265043
0.66195395
0.86374399
0.97209233
0.14679737
0.07768556
0.45395992
0.80685829
0.03999952
0.37591807
0.39795954
0.13955332
0.21462814
0.75342107
0.23748989
0.86747416
0.51413963
0.08324166
0.25281146
0.32995276
0.17232432
0.04536963
0.95843594
0.10786459
0.55850871
0.18425177
0.8952063
0.98311173
0.91189909
0.57050083
0.20885131
0.44194615
0.08226764
0.05459094
0.39300402
0.8720027
0.12919918
0.1950017
0.0643617
0.34307806
0.70283271
0.12522672
0.0826458
0.54642988
0.6513184
0.12122808
0.52389767
0.84507581
0.70776693
0.11504415
0.97938512
0.80801964
0.29712037
0.0113935
0.65837047
0.83917425
0.58397434
0.46560864
0.75404764
0.59681561
0.28220203
0.96276292
0.4613918
0.09175661
0.39995556
0.0312994
0.08698556
0.17357099
0.19759949
0.76808719
0.86770625
0.78898466
0.47676076
0.39363059
0.67347508
0.43226618
0.14667235
0.9040433
0.57612106
0.94709303
0.50953213
0.17009463
0.96869969
0.22785413
0.05165362
0.85256427
0.40466079
0.583564
0.89503645
0.63609658
0.70665264
0.55338245
0.87035221
0.19097179
0.19864615
0.24300212
0.32523463
0.78185954
0.9603387
0.7365616
0.94647449
0.2151288
0.83114692
0.06017278
0.91703422
0.3987317
0.62640575
0.77366695
0.15020845
0.98321211
0.82855549
0.34296501
0.1969769
0.34753203
0.56071545
0.19541956
0.19132296
0.2343673
0.39839412
0.94510916
0.83867273
0.58849994
0.25777602
0.09425809
0.95160649
0.65293045
0.6759855
0.81756626
0.33894309
0.87298921
0.87298713
0.92542555
0.20879576
0.3015236
0.88996472
0.1927274
0.05208182
0.95335129
0.18485404
0.02688335
0.82580567
0.24748468
0.86079324
0.17705136
0.41233946
0.96748801
0.26426491
0.78060139
0.0843684
0.29499424
0.96309894
0.00635253
0.25096094
0.15182515
0.52946091
0.09874799
0.02039035
0.82387837
0.46793781
0.04014856
0.77333339
0.91648052
0.82568829
0.1729884
0.60075521
0.50016395
0.67846872
0.54101817
0.33770407
0.42155518
0.89275269
0.95042933
0.49315219
0.12602666
0.38657129
0.70612339
0.2635678
0.8350724
0.6670591
0.11143497
0.71898885
0.27363143
0.85292084
0.00413758
0.32600078
0.43495589
0.39703158
0.89732045
0.41774548
0.64380528
0.02311581
0.98296323
0.76243651
0.27735509
0.55162074
0.38547932
0.00903077
0.62725445
0.95762374
0.90002457
0.53071631
0.63958515
0.03698499
0.21788904
0.4977492
0.96253809
0.33242106
0.76900656
0.55132718
0.69103872
0.89611599
0.41971459
0.170236
0.50544004
0.3206316
0.54723422
0.54999966
0.69567311
0.38318084
0.03681772
0.44117431
0.60318991
0.67507871
0.33154379
0.54149795
0.32980705
0.15338832
0.55305844
0.47105026
0.83176409
0.13765461
0.28695759
0.85979302
0.23254604
0.75550304
0.61700416
0.35654749
0.93630824
0.9752721
0.18337449
0.19111571
0.38645582
0.00388732
0.96917831
0.70475093
0.11957006
0.65970597
0.4370144
0.05588833
0.14095484
0.09348172
0.06251366
0.25678237
0.49220116
0.77094338
0.7321379
0.15253634
0.92032404
0.73994022
0.79381495
0.8034296
0.38793197
0.59146329
0.87151328
0.85632132
0.7865191
0.06407983
0.07181956
0.25024546
0.35070197
0.43487615
0.70786616
0.35762994
0.50998742
0.76197361
0.95477918
0.57921345
0.09117871
0.41665854
0.63117203
0.91008112
0.48835259
0.47534074
0.33666303
0.21758295
0.75808523
0.72999658
0.31922599
0.73516372
0.16123587
0.4687088
0.84623907
0.31807238
0.18631921
0.84854205
0.47052241
0.66221477
0.27514935
0.76634498
0.4035023
0.33819222
0.93945769
0.07210759
0.39552988
0.32314089
0.04025718
0.16386734
0.23318298
0.35939266
0.58859185
0.93321999
0.60947175
0.56836285
0.37037673
0.33919001
0.43633775
0.15453722
0.17777568
0.72495666
0.4266524
0.80045528
0.30151203
0.00217328
0.1547215
0.56670371
0.43837311
0.23666886
0.20261752
0.49962003
0.81418376
0.28525979
0.70844017
0.63211103
0.07181186
0.34731874
0.4277621
0.05544894
0.54603508
0.75295099
0.45003638
0.88299793
0.39184487
0.17807804
0.81256616
0.65608115
0.34979664
0.35867678
0.57042005
0.65751452
0.15497784
0.56916063
0.39996145
0.69727312
0.07316602
0.9447176
0.98213258
0.42165484
0.91081711
0.30307168
0.92954388
0.08506083
0.11358405
0.83446418
0.52523558
0.97515565
0.39821929
0.34024732
0.03207087
0.75235086
0.06055535
0.39766418
0.6564194
0.01390174
0.02372287
0.57652089
0.67816064
0.47577043
0.60547719
0.26285371
0.83954458
0.30855781
0.68959037
0.587628
0.72349845
0.11018648
0.63612608
0.22681732
0.87824586
0.48163103
0.40516182
0.09779192
0.97895854
0.28383266
0.33222477
0.25230831
0.06864371
0.64624901
0.33226299
0.62235629
0.60921453
0.71599213
0.10400592
0.92789613
0.33839196
0.19518768
0.79695033
0.87364464
0.26158474
0.0641243
0.23008588
0.60060281
0.15911583
0.24980071
0.71329296
0.21952562
0.44504961
0.67154501
0.67770811
0.41265244
0.65118794
0.56647372
0.29789318
0.63871541
0.66037185
0.86871304
0.08233665
0.12912675
0.59629299
0.42935061
0.45819053
0.29741436
0.52996322
0.33593315
0.43962626
0.34302965
0.96227044
0.53112053
0.46341015
0.81689113
0.3926675
0.79830349
0.96150828
0.47651521
0.68565488
0.20821762
0.05030204
0.73972826
0.49606291
0.88683398
0.25765408
0.61216646
0.51053206
0.35544549
0.33355564
0.37826764
0.25489821
0.60982563
0.16550043
0.43127983
0.08414072
0.7728125
0.40493736
0.04653364
0.66199778
0.17819803
0.47794495
0.21445419
0.1016975
0.59945643
0.5506457
0.18894838
0.78566355
0.1940136
0.22208697
0.55162381
0.27761933
0.53068357
0.75965901
0.97161322
0.07515043
0.54127167
0.66007684
0.73429941
0.91405096
0.62434798
0.45787756
0.35823163
0.47050907
0.97095576
0.28975928
0.88474947
0.54816651
0.87056104
0.42163798
0.46913869
0.82592666
0.73948161
0.50208503
0.71655678
0.13144269
0.55545578
0.94975298
0.20792648
0.57618672
0.43652921
0.29979727
0.28053036
0.63227201
0.45898553
0.28783807
0.72734377
0.48168886
0.88669851
0.42585128
0.42737655
0.52113617
0.34953308
0.16256673
0.90964603
0.13797428
0.98228486
0.76625632
0.58413067
0.58569119
0.33060266
0.2751738
0.25053451
0.48327604
0.10197133
0.98230004
0.37536036
0.67227931
0.02893313
0.15088089
0.44699137
0.8895309
0.46168916
0.89754517
0.74728529
0.06849095
0.47441159
0.71663979
0.77093304
0.1371615
0.34575978
0.68914389
0.18188374
0.59592006
0.13945848
0.73827374
0.38650479
0.65283584
0.10799524
0.90933904
0.53572358
0.56828407
0.01691233
0.01291812
0.98819965
0.3686499
0.69886271
0.57718764
0.62477783
0.57570471
0.22083034
0.00476943
0.46541862
0.62824365
0.95402191
0.58573959
0.10228542
0.84041389
0.91900781
0.261383
0.36110131
0.56680496
0.90745843
0.32547433
0.73327617
0.19512339
0.78787142
0.3614336
0.40657321
0.48055236
0.9631469
0.81215664
0.73349198
0.9415084
0.77304513
0.47804434
0.65976619
0.18727831
0.85296509
0.62758202
0.60533632
0.27771668
0.8463342
0.77628298
0.77655135
0.13150015
0.38940734
0.85125468
0.27602549
0.21272328
0.70988182
0.17629641
0.37923913
0.22057817
0.49305531
0.09166643
0.58125683
0.35658596
0.51739793
0.69227016
0.40871814
0.17648891
0.86030409
0.94708408
0.40481422
0.30744156
0.82147712
0.76205341
0.98856236
0.91412204
0.86727688
0.84952885
0.735977
0.92901342
0.62659466
0.33944149
0.44834204
0.58147674
0.43945627
0.63188659
0.81439312
0.79544693
0.84436591
0.02833708
0.79228532
0.59057218
0.45643061
0.72295843
0.80830911
0.53685667
0.8665313
0.86658281
0.34672376
0.33113443
0.35637414
0.4453871
0.40344013
0.80350137
0.76282778
0.09172331
0.86269389
0.59433537
0.29418102
0.72149433
0.05387328
0.87090475
0.75591565
0.12666618
0.70459572
0.75925362
0.95933265
0.65609739
0.36920683
0.25487271
0.79829895
0.38427316
0.36562106
0.22875515
0.63255933
0.8277324
0.32543756
0.72749146
0.05800508
0.20497204
0.65246043
0.31233988
0.17502802
0.11695166
0.87835505
0.09186943
0.54760095
0.72773759
0.7897854
0.87602035
0.17894931
0.56020248
0.74859325
0.11220058
0.84372161
0.56418999
0.66544924
0.41158484
0.43884593
0.01131692
0.92045252
0.26976383
0.62606025
0.80863922
0.97626209
0.63571636
0.34301941
0.30675593
0.11022628
0.8879743
0.85894537
0.16934254
0.05508361
0.49967977
0.73368412
0.82815722
0.10600716
0.84753256
0.83034259
0.7286791
0.18290101
0.37698518
0.35848164
0.17145085
0.03889541
0.75477412
0.05034978
0.1302958
0.69275056
0.26364113
0.73286059
0.40310719
0.51147813
0.68928818
0.59857475
0.56658191
0.63367255
0.89533262
0.13740041
0.89956241
0.61994248
0.21630028
0.56411587
0.32672208
0.45547377
0.17790071
0.5665581
0.08950671
0.82890506
0.1019902
0.94423211
0.4326507
0.56262698
0.20639863
0.70736514
0.49390619
0.81031503
0.35902515
0.15665666
0.57329408
0.80450344
0.57476651
0.03077593
0.29771326
0.22343772
0.01345418
0.1889482
0.68158226
0.31165387
0.72838065
0.20917814
0.82297684
0.91693658
0.62891252
0.89094613
0.21667053
0.81986101
0.80671464
0.19334688
0.74770729
0.31288873
0.95436472
0.09685379
0.95907255
0.41100783
0.1502286
0.03826815
0.04191669
0.64082999
0.42847994
0.97563366
0.85882974
0.11963778
0.07614549
0.42319203
0.85294998
0.17611548
0.71369873
0.82610292
0.17338895
0.72959968
0.42683661
0.2736975
0.24529431
0.17807044
0.23017101
0.92972445
0.31780717
0.28774074
0.78287972
0.65344154
0.82240609
0.32779266
0.43799911
0.68849551
0.4231953
0.10142728
0.36258008
0.18992702
0.65984278
0.36708348
0.89064916
0.07971205
0.87746955
0.17321771
0.3989995
0.17383263
0.7966999
0.94500855
0.24176695
0.80208154
0.78282006
0.03161878
0.20135651
0.78175681
0.62558656
0.01162636
0.44038681
0.10242454
0.0583498
0.93787493
0.36692997
0.95246825
0.46943616
0.61546463
0.24003992
0.55781898
0.96420046
0.18064749
0.55721544
0.31088766
0.34051548
0.68717314
0.46919917
0.38849874
0.94163669
0.0566936
0.08891433
0.04680565
0.0140218
0.72494434
0.62565463
0.91809834
0.93623376
0.43384997
0.27588921
0.71739931
0.45801578
0.46281769
0.01780734
0.25327394
0.21967552
0.66816693
0.08302213
0.64795129
0.17879813
0.70812477
0.95186917
0.46635629
0.15159939
0.47782225
0.80331037
0.90526685
0.47673707
0.11193
0.34860573
0.76772684
0.80193601
0.78252429
0.57995067
0.8923346
0.33238533
0.75208439
0.25540124
0.66035221
0.07429852
0.1847998
0.07586642
0.55781952
0.08640062
0.13802678
0.53111676
0.80350957
0.00676143
0.97396213
0.65825258
0.53184213
0.45459407
0.26852853
0.63880639
0.04683698
0.83943274
0.98390307
0.25603808
0.32159027
0.88110189
0.10404177
0.56686297
0.73506242
0.0244181
0.71001957
0.05550093
0.54636965
0.49004325
0.92309028
0.27879219
0.53350087
0.69924117
0.82323924
0.83698494
0.08807308
0.55420618
0.17584864
0.2203716
0.23066562
0.32784428
0.15089351
0.79634705
0.83330251
0.08963883
0.84873111
0.14678126
0.65116901
0.07274245
0.76229683
0.64546164
0.14322169
0.5309717
0.66463008
0.91940382
0.90685755
0.10582986
0.12566965
0.7108573
0.07986034
0.6294216
0.64765088
0.54324014
0.65764216
0.68558711
0.2613724
0.77097406
0.3093464
0.37105668
0.62770194
0.86191773
0.64611815
0.78080706
0.92228629
0.52596265
0.12033184
0.58143062
0.21127501
0.57661433
0.26648109
0.61947874
0.54755953
0.52955747
0.40543518
0.70360535
0.07853331
0.02974692
0.81792175
0.30680265
0.39778124
0.69201872
0.75713826
0.6757379
0.7998631
0.3156105
0.67024997
0.95779853
0.01901374
0.53656199
0.76461157
0.38884065
0.00169033
0.97227406
0.44996635
0.69859043
0.5659881
0.25193224
0.00016924
0.57638452
0.5261653
0.82960695
0.09408988
0.94878681
0.00606558
0.13944295
0.83671061
0.49190404
0.51382632
0.29086108
0.96608588
0.36821842
0.40470712
0.47092754
0.06657513
0.95337109
0.74886706
0.45543064
0.1840286
0.35206244
0.37735567
0.92706962
0.19468932
0.80684746
0.00861058
0.26392699
0.09663497
0.08584436
0.00288166
0.70154979
0.83441255
0.38452722
0.02804536
0.75862012
0.56701288
0.16344037
0.98778104
0.35423668
0.98607613
0.22560061
0.09904642
0.4151095
0.16701515
0.75105116
0.41445109
0.95349815
0.05751928
0.6709234
0.20629944
0.42080176
0.24759812
0.13180524
0.88642736
0.92371985
0.89201393
0.35281202
0.93134275
0.54926172
0.15461844
0.62993464
0.63113047
0.22182658
0.83101517
0.87929111
0.43581155
0.36957392
0.00583247
0.60208681
0.40557217
0.47158815
0.83277098
0.47108278
0.67551997
0.79673336
0.06946309
0.02302723
0.11264312
0.81836587
0.67857345
0.35528991
0.35146947
0.01751531
0.57310807
0.43543155
0.09089583
0.776033
0.98331204
0.6524133
0.6794265
0.44906931
0.66947929
0.56187342
0.45641351
0.32750307
0.7784369
0.50611569
0.92386511
0.30754641
0.19061726
0.77958547
0.55484751
0.95075762
0.87562496
0.8512415
0.19344785
0.64242066
0.74074576
0.2323599
0.32396319
0.63775811
0.10920124
0.86904979
0.84447395
0.62297838
0.37279542
0.56656801
0.48780527
0.34153383
0.45302025
0.2443988
0.56821398
0.50748359
0.26572811
0.05785391
0.03682474
0.38005414
0.38215254
0.34238821
0.65002385
0.32273057
0.08392337
0.79901793
0.97131469
0.09053145
0.07211497
0.75069025
0.71666207
0.33911084
0.60484504
0.82844216
0.40045012
0.08597553
0.85075682
0.91787229
0.7395651
0.08274201
0.71999583
0.57174763
0.21057715
0.01960677
0.97533554
0.91772221
0.59591756
0.43289182
0.07079867
0.47240738
0.0368282
0.87826352
0.25155102
0.01857377
0.54724644
0.27044852
0.80662507
0.61790289
0.36429774
0.18785271
0.33582655
0.35957798
0.25974769
0.3759907
0.08637181
0.85447317
0.48140641
0.76946298
0.6538826
0.4836695
0.90688646
0.16509242
0.71690757
0.71105257
0.18917327
0.9483182
0.67990344
0.8805707
0.48755232
0.37319162
0.97373501
0.323288
0.96151116
0.49261065
0.92971094
0.72693664
0.4705733
0.94493587
0.20440549
0.80999154
0.11611377
0.23337992
0.68584407
0.11543226
0.48144584
0.51087754
0.50458199
0.71648923
0.29551244
0.59251144
0.86052577
0.01185557
0.50040871
0.73170515
0.08743707
0.59744764
0.19426846
0.43078502
0.63401337
0.72772544
0.49758797
0.28213014
0.82496297
0.31558962
0.0969597
0.25317978
0.20406401
0.10987096
0.72440395
0.5025693
0.30267349
0.80243123
0.65472806
0.02212751
0.06752478
0.13243026
0.22267279
0.12004548
0.92091995
0.55888379
0.71163949
0.24852715
0.48116311
0.55733931
0.94361103
0.58333841
0.08695715
0.24175708
0.82807185
0.44651369
0.83928472
0.40293737
0.09224031
0.92369375
0.06175527
0.64569239
0.07738881
0.86826512
0.15905439
0.52765762
0.24154178
0.91450034
0.81775225
0.54142201
0.84938693
0.9453122
0.76082968
0.1548833
0.56010103
0.47889558
0.56499717
0.62702176
0.11057901
0.38266787
0.37396708
0.56871404
0.82598384
0.67189863
0.43768836
0.86259719
0.12782451
0.01304867
0.7653414
0.4544922
0.783529
0.2460894
0.8340285
0.46020354
0.03581079
0.63934544
0.88190128
0.77536016
0.27790764
0.09562244
0.75012841
0.28216718
0.73516271
0.09851018
0.09547303
0.76086677
0.54672386
0.90192817
0.55475574
0.49820461
0.46881914
0.75773084
0.7837855
0.61510909
0.16385643
0.6572065
0.66184001
0.48474333
0.48843419
0.47164127
0.43374429
0.26142936
0.94793948
0.3461433
0.0566731
0.34223146
0.7492393
0.18737397
0.89013168
0.74843597
0.09806285
0.00229551
0.03392
0.39992711
0.59963
0.9018993
0.60608184
0.78051692
0.76454118
0.98748092
0.54095296
0.9585784
0.15759332
0.14704426
0.95239198
0.52708925
0.42466853
0.09258417
0.62407871
0.68390955
0.79854021
0.31814506
0.37648002
0.90938846
0.51749774
0.19149093
0.06726666
0.84576042
0.72801339
0.52834427
0.17468867
0.85545113
0.61280737
0.34974567
0.17733665
0.95456527
0.60372003
0.88513631
0.00879394
0.98630488
0.65650284
0.39691088
0.90791721
0.2567099
0.80600469
0.22557739
0.9319573
0.49094026
0.56844605
0.20243312
0.32395563
0.68059596
0.72364541
0.66459593
0.46882347
0.82683868
0.75242856
0.69638698
0.88949509
0.58218241
0.25304962
0.12918911
0.73536422
0.4287211
0.56786924
0.97312854
0.80876944
0.31130559
0.93897441
0.70945157
0.32474858
0.76418278
0.1189075
0.08271963
0.36115049
0.62005751
0.18569907
0.243758
0.80414706
0.06995428
0.07221855
0.63952355
0.48149304
0.32823701
0.45059232
0.79752505
0.79728836
0.72221761
0.20754702
0.96148703
0.08337055
0.45119918
0.92384427
0.06878842
0.63444304
0.10068303
0.59404861
0.54891174
0.54825702
0.70166526
0.43309079
0.87799568
0.0471368
0.44116596
0.29130007
0.82260452
0.50783235
0.30065672
0.62982407
0.43135394
0.32127516
0.44266444
0.24816951
0.93992015
0.77730429
0.70944358
0.23174876
0.56805513
0.4796441
0.96991588
0.08364062
0.61370507
0.04546151
0.59039482
0.29814453
0.63307721
0.89427179
0.85022209
0.13734046
0.72756288
0.69276286
0.30527511
0.86989442
0.869612
0.23682507
0.98978038
0.78349513
0.95113584
0.53809024
0.83185072
0.23638067
0.97339574
0.77290531
0.06609955
0.68675084
0.08740775
0.11590646
0.34327684
0.05733989
0.51650425
0.55259326
0.97150312
0.18576181
0.21747814
0.9151265
0.21131474
0.86675956
0.47546974
0.19810642
0.50418257
0.57687759
0.16304598
0.33909296
0.77193461
0.37738308
0.02598117
0.20559851
0.97026402
0.23708731
0.97193015
0.74703729
0.45480953
0.74961487
0.17034361
0.65942072
0.97680041
0.95900874
0.95867519
0.88310414
0.91386527
0.15506429
0.80490569
0.5253901
0.67601353
0.35276924
0.80581245
0.67062185
0.44703726
0.02673151
0.87167189
0.61167787
0.21779697
0.46256052
0.66374112
0.78110743
0.40628979
0.59066542
0.56774928
0.64362845
0.80353169
0.03290532
0.00965102
0.8308954
0.64678593
0.42462573
0.18593746
0.83400894
0.71543733
0.20923955
0.4329556
0.96321137
0.31991758
0.23809514
0.16981112
0.40010675
0.7256308
0.2857575
0.67123006
0.72344714
0.34569644
0.50675281
0.96618743
0.89279192
0.89782103
0.29509169
0.57298091
0.73072521
0.75495792
0.7029256
0.25345766
0.1095698
0.8985795
0.14948648
0.2187175
0.17826236
0.60381887
0.25636
0.78600593
0.75568817
0.44046096
0.15423634
0.77344134
0.84044073
0.57636446
0.24706902
0.8750739
0.67674569
0.40969159
0.96924452
0.82382778
0.57718006
0.18700287
0.12564994
0.87056512
0.36038441
0.80606987
0.97627874
0.70240863
0.877231
0.62002757
0.19084136
0.50934581
0.20614192
0.96276224
0.93066127
0.12897218
0.29416791
0.96290838
0.0679205
0.81522753
0.15111473
0.15792467
0.55414745
0.94983029
0.96804719
0.95571564
0.81590996
0.44896159
0.63024162
0.52135175
0.63304321
0.62397567
0.85545141
0.76144458
0.98377008
0.29556924
0.13998408
0.9435996
0.90619674
0.92499488
0.26219556
0.05788021
0.18339659
0.25369264
0.18328881
0.80649564
0.42040519
0.81779387
0.84322743
0.93212676
0.06668716
0.72042456
0.37902429
0.16467183
0.21441396
0.57226106
0.4821075
0.64232224
0.05889451
0.47791221
0.13054745
0.74651543
0.23551404
0.76973345
0.1702705
0.16283568
0.21250868
0.53706434
0.48135984
0.61999798
0.5199265
0.42739586
0.84506395
0.27593536
0.94323091
0.78188724
0.27308219
0.61445058
0.91687994
0.8274992
0.95187348
0.40374283
0.79915451
0.77727473
0.08033958
0.02518218
0.26338339
0.0214886
0.07763249
0.69791932
0.56751477
0.83620572
0.56806893
0.63354402
0.38883421
0.01682975
0.56613071
0.62183584
0.92482027
0.14000695
0.37871277
0.13738704
0.02009445
0.9412729
0.12807862
0.10210065
0.38351058
0.62409337
0.8535809
0.88350771
0.80469216
0.29986551
0.0048559
0.67520132
0.53020307
0.02011764
0.24366936
0.15816793
0.0142493
0.55219394
0.27161555
0.93531935
0.52417494
0.81719476
0.4802573
0.83304469
0.41278236
0.6098865
0.70130339
0.88385064
0.28512989
0.44230885
0.43208784
0.6445007
0.84430797
0.23080721
0.26095675
0.96713045
0.78811463
0.18448619
0.6448737
0.26720684
0.73581951
0.31607467
0.66854295
0.61008626
0.6263139
0.82447292
0.59117462
0.3096524
0.29195638
0.48338127
0.23826799
0.36581194
0.21759273
0.9033559
0.95909507
0.05527038
0.14665034
0.00920618
0.64441749
0.37470159
0.26353105
0.68915805
0.606406
0.61456717
0.75880409
0.86623644
0.5654755
0.38928125
0.66231208
0.58784564
0.30871021
0.14500509
0.01045291
0.76726048
0.75271734
0.40224875
0.4737316
0.91910695
0.25309831
0.00422233
0.06425173
0.04576069
0.63780811
0.84005784
0.14532927
0.01541685
0.02928277
0.64945729
0.30476155
0.27433495
0.93631161
0.13363328
0.42527285
0.48047658
0.7659787
0.20030423
0.58198572
0.65002708
0.83637215
0.68118791
0.12898951
0.85913697
0.79656202
0.46960762
0.64299274
0.98570692
0.27251226
0.52642852
0.89341692
0.05232493
0.17224276
0.91700708
0.13693869
0.16385211
0.68491379
0.92948987
0.77227517
0.94138492
0.62396114
0.28085024
0.78461755
0.22968278
0.6102657
0.68976941
0.70092204
0.86863328
0.90435987
0.21234997
0.74603529
0.16484721
0.5554552
0.73942998
0.94434507
0.38658677
0.44739618
0.05939856
0.71535563
0.19755052
0.09776228
0.05757369
0.68524461
0.11924848
0.89972248
0.20144667
0.80098522
0.69696055
0.13638339
0.62942773
0.62168821
0.30990904
0.5732441
0.17981441
0.53321332
0.52981565
0.70943395
0.73719891
0.05143211
0.71871111
0.47733623
0.79427563
0.41976509
0.52850105
0.65124793
0.66614925
0.34669221
0.10899094
0.73709626
0.18734771
0.3278121
0.83291636
0.95279973
0.52466389
0.70525808
0.85191341
0.39825407
0.11123793
0.71419353
0.39823364
0.70470587
0.45698282
0.22115361
0.33000048
0.92253926
0.15681849
0.04871573
0.06444089
0.26747753
0.20181365
0.57941961
0.1412447
0.59026906
0.84659025
0.25862662
0.10575148
0.95406125
0.07522624
0.32167013
0.56503195
0.30892265
0.78274972
0.671534
0.20728654
0.86528106
0.37761856
0.35417781
0.2112996
0.26075428
0.19027923
0.38705267
0.20110747
0.27661165
0.98786831
0.69436208
0.87238318
0.69427697
0.69972148
0.12778425
0.57070137
0.09423478
0.42929785
0.55715196
0.18522444
0.39649927
0.92123726
0.82086457
0.19716507
0.07394142
0.05064628
0.55305548
0.56322807
0.08780631
0.50455857
0.30920613
0.06345309
0.79842277
0.78804862
0.81905524
0.63092872
0.30601103
0.7312158
0.089903
0.45381535
0.61576695
0.8661181
0.8686748
0.65179821
0.91574559
0.04770953
0.63636769
0.08628121
0.07329073
0.62790407
0.77520748
0.07309833
0.63304784
0.62506355
0.95100196
0.8137609
0.13286491
0.76693564
0.26550489
0.38200513
0.58370482
0.19237713
0.66755535
0.84673373
0.2980657
0.8561681
0.65002112
0.22184154
0.15192249
0.86539295
0.28089578
0.14987341
0.12668795
0.98646158
0.78928537
0.2039625
0.11350971
0.9093478
0.12690803
0.80682356
0.4834722
0.35963789
0.53621014
0.91637571
0.36391241
0.84108572
0.97323174
0.61954354
0.96150064
0.34715731
0.97732858
0.42795069
0.84878751
0.12505109
0.75603098
0.16493429
0.3078835
0.7632186
0.41522281
0.6101744
0.18889516
0.85920974
0.3883571
0.69015659
0.2619275
0.70467292
0.12170799
0.27987816
0.81819445
0.05385642
0.06940683
0.66576376
0.63930766
0.13441324
0.18760726
0.53190848
0.36739164
0.51134872
0.3663434
0.97231871
0.30381902
0.5557237
0.39832522
0.11031997
0.35593544
0.3889789
0.51958291
0.75576443
0.31265027
0.85640727
0.26247912
0.38542353
0.62226818
0.72155001
0.19730238
0.79723765
0.17635216
0.51084235
0.82111115
0.95662389
0.76237701
0.92941005
0.43243243
0.75211994
0.44253279
0.45657754
0.83073571
0.03592752
0.18890419
0.64829758
0.56010325
0.7699652
0.95654702
0.36544341
0.33303731
0.05278714
0.27487505
0.35977635
0.88721074
0.7382911
0.36345999
0.88374147
0.50860862
0.19206375
0.73724564
0.04974789
0.38224636
0.20055041
0.63937741
0.15244621
0.33845075
0.07374056
0.77367604
0.32600959
0.97506419
0.33551271
0.27203336
0.18968175
0.35983682
0.72060944
0.01824931
0.82597455
0.72928803
0.18074739
0.73295574
0.06394329
0.7324654
0.73684333
0.15196738
0.36764787
0.01769837
0.89274549
0.82822127
0.96930594
0.7577459
0.19132162
0.23000379
0.5083088
0.07736544
0.53597049
0.54878519
0.32368682
0.16797717
0.04904324
0.00156137
0.55047044
0.25127966
0.16842997
0.60693519
0.4377849
0.88495156
0.91013632
0.90067433
0.11306853
0.63846193
0.97264019
0.20287362
0.00295237
0.03997482
0.31673519
0.53272527
0.64719935
0.49101386
0.89046293
0.39772552
0.03014644
0.47878217
0.53323509
0.47486105
0.83425269
0.79441426
0.51653517
0.95759771
0.41204201
0.6616279
0.80540333
0.21502098
0.83711312
0.549611
0.73031879
0.91417882
0.01751356
0.86778449
0.0319748
0.14643114
0.36553508
0.92250227
0.07363924
0.83381933
0.42195859
0.25291957
0.24357649
0.37595185
0.90410504
0.18441288
0.900956
0.8363186
0.04666688
0.70965381
0.46105752
0.42432325
0.00995192
0.80115611
0.14627979
0.69829525
0.05243451
0.10935776
0.40759638
0.6168929
0.63130441
0.665507
0.63036897
0.17286063
0.68742921
0.79083477
0.14271633
0.61194968
0.73249685
0.29303704
0.4859446
0.18115871
0.18502811
0.70567997
0.01284092
0.87926312
0.32158455
0.64852633
0.79861129
0.59953359
0.2773068
0.06257077
0.94939723
0.86374552
0.25653864
0.34042047
0.24851352
0.37564107
0.39996579
0.86323273
0.57445866
0.28097075
0.77380243
0.66071048
0.84986006
0.477413
0.63626918
0.40580692
0.68734032
0.41354678
0.59295364
0.89489102
0.37479998
0.47924075
0.56014667
0.60415527
0.90438786
0.73146917
0.20908508
0.53164484
0.10607417
0.81925969
0.66049114
0.57669969
0.16638272
0.88077376
0.5186219
0.51919861
0.58900943
0.91725662
0.65188981
0.57238001
0.62196253
0.98960713
0.7107113
0.11667842
0.85265288
0.72734764
0.74319329
0.32904669
0.44523327
0.45334933
0.60752732
0.68031302
0.70149779
0.3220648
0.9174592
0.53509853
0.11312088
0.18921032
0.3410151
0.0436907
0.59509742
0.89181559
0.89027231
0.81105991
0.07146131
0.48055066
0.33778698
0.47996087
0.85290736
0.82805081
0.52115488
0.24081504
0.51790095
0.49941415
0.52384379
0.87245101
0.94007252
0.61687913
0.55281637
0.62306417
0.59586555
0.28133493
0.85622232
0.75716507
0.97347789
0.68946783
0.04435918
0.74675805
0.92364032
0.32626495
0.17519298
0.35208158
0.67294808
0.98339937
0.72758076
0.10477861
0.14269374
0.59433847
0.90892099
0.68007588
0.12240506
0.31107281
0.14905138
0.0816307
0.45899066
0.95207995
0.64609685
0.98176533
0.52583207
0.43744559
0.18853494
0.23409564
0.64338178
0.40134892
0.0455267
0.64448852
0.19787306
0.71301264
0.87925881
0.3615862
0.03244304
0.23942032
0.10928756
0.03422202
0.57191105
0.1981322
0.48471319
0.78344396
0.88005131
0.25439367
0.13362444
0.23130673
0.48468174
0.95726727
0.86632985
0.54992966
0.68162586
0.96138449
0.74317035
0.43563887
0.75238415
0.57459573
0.38046072
0.74821158
0.14529735
0.04573448
0.15407892
0.95236243
0.35259881
0.36218385
0.17380262
0.47872553
0.09782484
0.6541307
0.98382821
0.38340944
0.8188022
0.60331507
0.4635025
0.63919524
0.22271279
0.92227445
0.92777704
0.90438333
0.38341944
0.89198542
0.54649131
0.6654298
0.52778936
0.1483257
0.6877408
0.0518237
0.35341959
0.67764645
0.38445123
0.51604317
0.48189105
0.45713258
0.39450487
0.20101314
0.4727603
0.22396502
0.08049214
0.96200077
0.3601963
0.53841516
0.92125392
0.62099818
0.56027466
0.70771705
0.94692052
0.20578084
0.14098826
0.97267242
0.24960552
0.75449299
0.47568832
0.37537633
0.78698855
0.0442444
0.5186582
0.89824348
0.58334345
0.68091819
0.98696836
0.84826478
0.001296
0.14096414
0.77635073
0.70679917
0.39539669
0.21927399
0.89329565
0.6927601
0.36891533
0.07215783
0.93067163
0.24607317
0.37541581
0.89710174
0.62171253
0.14243916
0.48333801
0.38113819
0.38781794
0.57146364
0.70297276
0.18840448
0.39417694
0.23797819
0.27362754
0.20277502
0.89492818
0.10542674
0.21129144
0.84743684
0.71616545
0.22077187
0.58092504
0.37987827
0.67605365
0.41532519
0.57673061
0.79991189
0.59750806
0.72499068
0.44153814
0.84523489
0.56458085
0.77115077
0.63744381
0.87698508
0.01496628
0.31259109
0.64540584
0.14022482
0.29146064
0.73269899
0.76422771
0.32156538
0.12184956
0.94222525
0.97142475
0.60359503
0.34897733
0.68202268
0.1097505
0.61985598
0.64002201
0.29071481
0.46544301
0.71422198
0.5127201
0.55004703
0.28103944
0.93676693
0.17496775
0.57988091
0.87641946
0.50283708
0.93580373
0.41122866
0.78797135
0.88215071
0.90567959
0.58013744
0.50585095
0.13743652
0.29104909
0.39012917
0.98961122
0.62489547
0.59662044
0.30841647
0.79090195
0.31031504
0.85875522
0.67616919
0.25959275
0.03575188
0.25301627
0.76781094
0.60438611
0.37566162
0.93003237
0.38089994
0.60571849
0.36216486
0.57944768
0.30402589
0.98077633
0.46604294
0.65808986
0.35092084
0.93010059
0.6585956
0.09799278
0.32485821
0.62639782
0.30926454
0.22480581
0.96063297
0.14668515
0.75261167
0.90617364
0.98275715
0.55778992
0.15047748
0.21260791
0.34556703
0.88788554
0.75128747
0.66437811
0.78629292
0.41881087
0.04169529
0.5352785
0.2933446
0.34271221
0.09315985
0.30647465
0.22006751
0.35517305
0.89653924
0.29474881
0.88653488
0.37537113
0.13117739
0.85437681
0.20559943
0.1027358
0.02205141
0.04151101
0.74579394
0.32711966
0.31639955
0.32919733
0.61158855
0.84145362
0.32236976
0.22831725
0.85547295
0.14353893
0.10395079
0.2637203
0.91165609
0.52746228
0.77187455
0.63967272
0.27557995
0.07101583
0.02537591
0.6225064
0.85691904
0.06805987
0.13799564
0.4330576
0.8503487
0.09755113
0.39208446
0.18860592
0.55705222
0.64757034
0.23225429
0.8841897
0.67194017
0.18420919
0.47226871
0.85803259
0.68307711
0.67068735
0.27611623
0.57609437
0.28475786
0.0605267
0.72922649
0.88740563
0.73844176
0.44164616
0.46531254
0.03442607
0.05868228
0.85835829
0.87978991
0.59995215
0.24678211
0.97217411
0.12884457
0.83140495
0.83773849
0.74565352
0.86154076
0.62132828
0.83121197
0.48568829
0.5232126
0.63501777
0.2896581
0.41402009
0.27814831
0.34515982
0.61282003
0.39806898
0.30449156
0.23836534
0.72396777
0.00390415
0.43555341
0.54019084
0.40418417
0.35049356
0.64204326
0.49097024
0.56991904
0.6723428
0.05446578
0.21265764
0.0833777
0.08196059
0.13807528
0.31448157
0.49747287
0.40661008
0.16570939
0.42341712
0.34076064
0.13383736
0.54707538
0.73758553
0.06817745
0.90106626
0.19740595
0.6321883
0.97790642
0.46551638
0.89510329
0.44297917
0.98186107
0.81655955
0.01072076
0.14724027
0.71437538
0.6471157
0.3100136
0.07523283
0.20023308
0.56787218
0.10139704
0.76563957
0.63339318
0.92915633
0.66435817
0.88375145
0.86908319
0.91533292
0.65140586
0.41735468
0.56038953
0.04215062
0.90688247
0.66668753
0.15605859
0.06127677
0.69285049
0.8121426
0.32014524
0.00724236
0.72028968
0.41091589
0.73734776
0.78935892
0.86605691
0.7312184
0.46547241
0.56476255
0.88001808
0.20113363
0.48965239
0.43116313
0.51513094
0.31450002
0.00707482
0.60343323
0.09702944
0.47277198
0.41459465
0.27436155
0.32695552
0.5872708
0.98230703
0.48799557
0.28811822
0.15571322
0.83729297
0.51431341
0.80292984
0.57297932
0.02248794
0.97884997
0.19153463
0.419826
0.29300919
0.81006593
0.93365773
0.7779831
0.24959381
0.62695447
0.07876306
0.78797093
0.31198212
0.22576085
0.56066876
0.8575587
0.56273502
0.72364325
0.87183017
0.26042489
0.54479909
0.37298895
0.65885011
0.54364173
0.98984701
0.44842945
0.58534944
0.52560168
0.02587249
0.78062759
0.27674945
0.08244091
0.12132187
0.32005652
0.3396618
0.91302493
0.12100614
0.41744794
0.05127423
0.94653037
0.85538129
0.2639115
0.92329768
0.59742728
0.82647966
0.12316308
0.84640199
0.27593385
0.42441491
0.19142793
0.92775038
0.50745919
0.35540739
0.37232867
0.91560844
0.46311483
0.45233121
0.18464993
0.3051868
0.83663326
0.17120814
0.09273572
0.77491529
0.6473779
0.10395688
0.50473325
0.01499153
0.5687258
0.28506503
0.80619888
0.47933684
0.06585611
0.57567012
0.69835842
0.1864887
0.06501062
0.24238976
0.62737436
0.4980255
0.2763696
0.23286448
0.13972365
0.5018272
0.50958932
0.60975303
0.6284849
0.30681046
0.80689207
0.15936534
0.64160298
0.30689394
0.24873943
0.1847124
0.41598938
0.93629651
0.25059691
0.62699879
0.3895413
0.81370832
0.29036335
0.36293418
0.47995773
0.98168146
0.38912211
0.04496176
0.80711543
0.74133488
0.38248815
0.37078512
0.94366937
0.82534574
0.31836373
0.39757902
0.53504087
0.79891305
0.43377262
0.30283873
0.6310349
0.87993051
0.94577579
0.76963811
0.41559846
0.98742105
0.86540379
0.05923227
0.45246169
0.26016009
0.67111507
0.37212722
0.59263749
0.9080727
0.77328696
0.21799689
0.85617252
0.79421671
0.97601772
0.75391912
0.67420103
0.82030304
0.64729985
0.94057741
0.96955944
0.46928542
0.6485903
0.41761424
0.49696185
0.51986119
0.8211557
0.11755141
0.77144416
0.72116732
0.4803724
0.70422491
0.00163008
0.76154325
0.4243656
0.53921632
0.20761288
0.03000324
0.66703156
0.03894219
0.58490902
0.24110222
0.18722301
0.08877136
0.45026884
0.60964534
0.82640788
0.97918849
0.76505491
0.23018091
0.06152287
0.07078222
0.8216698
0.42122356
0.32710148
0.52049386
0.16079399
0.01415292
0.12883407
0.95079715
0.03831842
0.80919018
0.39291537
0.19800806
0.54156873
0.66426448
0.79051024
0.21839656
0.19796064
0.87384746
0.33956512
0.09962817
0.20287201
0.37305586
0.29926015
0.11626077
0.06205848
0.31711933
0.12353875
0.5818805
0.82975208
0.41651479
0.38550136
0.08467544
0.75612716
0.98281556
0.57054984
0.89288717
0.43612908
0.39081581
0.83446886
0.88768124
0.74330848
0.94087268
0.13204152
0.68730585
0.86129339
0.83482758
0.77250687
0.96823857
0.08266476
0.37441808
0.83001601
0.65584275
0.54490932
0.25302628
0.57554331
0.93435141
0.68801806
0.5136059
0.59677728
0.38310753
0.50479247
0.05993645
0.92634253
0.45803633
