0.50431937
0.5125228
0.69580266
0.76415941
0.69302835
0.96909164
0.72288541
0.30876397
0.17405662
0.91074212
0.26656684
0.67561279
0.81892814
0.46592683
0.78279351
0.61973815
0.12975654
0.97343425
0.23352044
0.52781462
0.40731644
0.6573232
0.23249108
0.81587805
0.19498962
0.31591133
0.59616005
0.68325987
0.64712476
0.84297
0.66830187
0.21172364
0.2054617
0.49177617
0.60941724
0.09629172
0.70370504
0.59153234
0.7068185
0.57704469
0.05243462
0.82726205
0.36059232
0.82904416
0.0961808
0.22507902
0.9778103
0.12683901
0.17864617
0.16798052
0.8169798
0.26173561
0.80482391
0.76217048
0.61018974
0.4374591
0.15420342
0.93553527
0.89527754
0.31648038
0.13674415
0.43648605
0.36490991
0.94689999
0.29346383
0.57605127
0.35772251
0.8373354
0.17317301
0.36980901
0.40363383
0.89285764
0.86545789
0.09416318
0.13971465
0.45602498
0.66245721
0.4416049
0.50511194
0.8581875
0.91184675
0.89325346
0.2333905
0.97400954
0.98740495
0.30140162
0.23582405
0.48961207
0.44835393
0.16414338
0.47593326
0.1323483
0.08634268
0.51838714
0.72078787
0.90593791
0.10343587
0.2356094
0.17212623
0.34812216
0.53545076
0.22096379
0.45653833
0.05483953
0.56785248
0.10599703
0.25142069
0.02077445
0.65041378
0.58932304
0.56890109
0.42821759
0.2366297
0.73720875
0.53859901
0.77736508
0.25403504
0.02598756
0.36320063
0.23174208
0.3779506
0.90391485
0.19254563
0.74465601
0.83385068
0.34353292
0.95599965
0.54268424
0.76991165
0.82431209
0.84091776
0.5999582
0.93065458
0.00359687
0.96419127
0.8088539
0.80555277
0.21976304
0.83018926
0.59074265
0.89660108
0.78735569
0.25171998
0.47626335
0.32470512
0.83930169
0.23531065
0.17724686
0.48638687
0.07722753
0.5696009
0.91340629
0.20752969
0.3687933
0.91231305
0.94473624
0.78999277
0.38286213
0.10500503
0.69444508
0.7329407
0.57978077
0.66760466
0.54255331
0.95406663
0.01090926
0.31213933
0.30471937
0.21380685
0.65062862
0.53835337
0.716327
0.05271631
0.50629177
0.52384218
0.59623401
0.93697041
0.39601785
0.72477251
0.82005522
0.212732
0.67661303
0.11651661
0.94271045
0.63390128
0.73374322
0.61761777
0.6704418
0.24483963
0.66883501
0.90189035
0.66087495
0.18717242
0.02598345
0.94452929
0.2750256
0.74111937
0.43479846
0.61259361
0.18503854
0.34724064
0.15979441
0.26412382
0.67350239
0.33479366
0.98109206
0.20579931
0.64239216
0.42235619
0.20031557
0.57574945
0.29234229
0.40718452
0.45492271
0.96962015
0.78449726
0.93975378
0.54757156
0.17024445
0.44029877
0.58111257
0.25739189
0.01347569
0.77527101
0.19571089
0.57196288
0.62719631
0.81244807
0.40589671
0.40375176
0.46139026
0.45913682
0.14533592
0.92660616
0.59583015
0.30511808
0.02045648
0.29862503
0.82015291
0.03866963
0.01997316
0.65145787
0.36169267
0.35951442
0.52063989
0.13220331
0.60202522
0.49917065
0.63986706
0.84135881
0.34833174
0.22354667
0.52199952
0.08726639
0.93662355
0.59091063
0.41292474
0.90790954
0.82405622
0.89388691
0.18682258
0.62876322
0.76436462
0.62356
0.15827876
0.42565533
0.04329031
0.30522221
0.81804929
0.39610162
0.71671908
0.88297433
0.82381094
0.42413518
0.01370895
0.81110706
0.66833248
0.10728014
0.83953066
0.73551585
0.23512471
0.68593102
0.90151592
0.48386091
0.83990884
0.71068408
0.4329444
0.11376963
0.98376502
0.85812058
0.51693788
0.70410918
0.29303926
0.85784791
0.11428233
0.79048712
0.30359946
0.66429208
0.64654691
0.71058266
0.32788365
0.77678585
0.26814704
0.9491796
0.09285214
0.56064416
0.90687293
0.36281197
0.75653827
0.10284723
0.09725161
0.54754401
0.15338188
0.6344071
0.9855657
0.25089186
0.49630664
0.30207689
0.33587124
0.33425628
0.98591563
0.36374733
0.31060607
0.07348806
0.90341085
0.01893265
0.69532245
0.68865764
0.10897785
0.56170718
0.24643905
0.2817886
0.21573327
0.90626128
0.37224129
0.77797743
0.00017603
0.4844784
0.67498699
0.6041596
0.03338371
0.47707145
0.74244908
0.26291058
0.052421
0.62611302
0.53712951
0.09322769
0.08345146
0.60398327
0.01377217
0.68982432
0.94372693
0.94626195
0.01398016
0.97448671
0.56629475
0.12735526
0.80704724
0.00045615
0.42933508
0.51475618
0.44885832
0.52122875
0.8679582
0.7802463
0.3951937
0.70514225
0.67089226
0.807731
0.33833984
0.3959184
0.50263558
0.01240879
0.72126559
0.17210773
0.36195071
0.74446723
0.01578858
0.00032839
0.77291179
0.67231182
0.65093171
0.10459512
0.30352626
0.98820093
0.61595348
0.40096223
0.01200508
0.49330006
0.75849825
0.12683211
0.68212867
0.708281
0.81097175
0.12434403
0.65798499
0.03328147
0.96050299
0.28217641
0.00719486
0.18019601
0.62029727
0.91556214
0.59081238
0.75869685
0.36802292
0.53265895
0.07266583
0.44646157
0.75367387
0.70656079
0.08325194
0.91101851
0.43385328
0.95964171
0.20226727
0.25620355
0.3029924
0.77067565
0.26010376
0.54197506
0.50187863
0.13470302
0.91596238
0.91429218
0.20714158
0.02003233
0.15913227
0.46776253
0.38180485
0.23908466
0.81255711
0.13780114
0.89143062
0.88810553
0.45639042
0.53699726
0.91769449
0.85577156
0.97739524
0.81490594
0.33623076
0.83997144
0.80458971
0.02674661
0.1574714
0.53519706
0.14115187
0.64302876
0.58893849
0.23763679
0.71434001
0.11396638
0.14465457
0.12572387
0.89474625
0.50395438
0.44081966
0.66395361
0.90037963
0.32883368
0.58333869
0.05838127
0.56583178
0.76090574
0.62336525
0.0815247
0.78126668
0.33664245
0.17077908
0.19185964
0.38411044
0.20845799
0.95920412
0.14701554
0.46615291
0.07931462
0.04918444
0.97879853
0.20798249
0.54680015
0.00176349
0.98967586
0.38197147
0.03616041
0.03791809
0.15286464
0.84964266
0.89231112
0.88231982
0.6592025
0.16046431
0.23780772
0.47867989
0.21979971
0.62503784
0.49792856
0.15160237
0.83375019
0.85838256
0.25089018
0.74851888
0.00965361
0.00355167
0.11493956
0.18643215
0.47406674
0.63680986
0.68109969
0.89475733
0.56388997
0.54047876
0.82561353
0.46466036
0.57381995
0.19672823
0.18827771
0.0278549
0.19328831
0.20892568
0.22407252
0.87580104
0.39046626
0.33224889
0.5746503
0.36697542
0.86256301
0.79471393
0.73935212
0.91853933
0.06778215
0.78599762
0.14537887
0.32545507
0.03302049
0.40210418
0.18779704
0.38869863
0.41367226
0.59010847
0.23143043
0.97306904
0.34659072
0.14552254
0.16678212
0.5092375
0.30606127
0.824901
0.86422588
0.24631353
0.30538342
0.573112
0.79474971
0.37793805
0.65882549
0.89975752
0.13996517
0.63681567
0.52569966
0.27407618
0.24989414
0.62380419
0.1613467
0.72558874
0.93343172
0.7738873
0.88315936
0.63629904
0.91035285
0.68660894
0.8120522
0.18545316
0.48437388
0.05329979
0.18830043
0.89336214
0.00554648
0.84573502
0.85112274
0.40168356
0.49222927
0.41552291
0.09929524
0.1641349
0.60430066
0.59147006
0.21434486
0.45287412
0.86588639
0.93848297
0.57076855
0.21389756
0.92334267
0.97067994
0.62772151
0.62171636
0.91053653
0.5566691
0.41023144
0.56208026
0.16074785
0.03507772
0.06417296
0.42646036
0.28183023
0.98462539
0.54420475
0.3903641
0.48907392
0.16135941
0.0824352
0.64666844
0.07718542
0.61918983
0.22603563
0.80476233
0.19907579
0.2268373
0.19378442
0.21511368
0.45696054
0.35448956
0.34814017
0.87177897
0.25121383
0.92145284
0.39834178
0.89286797
0.64612206
0.20704462
0.07038065
0.79245177
0.5148281
0.38745618
0.05749289
0.03734675
0.08072445
0.6341284
0.34492738
0.65943644
0.34115712
0.90409332
0.08037491
0.75463012
0.09250858
0.88997777
0.69460075
0.03587304
0.15376557
0.48064845
0.13193518
0.73487295
0.35640484
0.11732967
0.84603417
0.23740435
0.3915867
0.70588578
0.26219492
0.37310912
0.38318806
0.45985724
0.23556724
0.71525151
0.04861183
0.53993554
0.14706182
0.87386948
0.53819917
0.59839705
0.51371957
0.28405597
0.28259305
0.36228407
0.17401586
0.77370023
0.98458523
0.38857253
0.0679197
0.82950089
0.46287052
0.31823509
0.31410415
0.84240801
0.85141376
0.09493483
0.44984283
0.06722921
0.18222058
0.90888879
0.59356675
0.12371631
0.59355369
0.43583265
0.3677432
0.70711941
0.84484742
0.50584874
0.89587226
0.76543153
0.86161749
0.43655569
0.78424428
0.21658667
0.13960123
0.31698503
0.95339977
0.71698944
0.73677386
0.84396742
0.05291422
0.46957922
0.86494754
0.313856
0.25761599
0.39445514
0.01108173
0.43150888
0.37995944
0.56869635
0.71486788
0.30159534
0.12460484
0.65353998
0.27834444
0.02707064
0.88544269
0.97504299
0.37746904
0.98943181
0.27718711
0.37667561
0.31814121
0.08537904
0.94187207
0.3625432
0.92864315
0.15382991
0.89544301
0.69298602
0.18128521
0.32032608
0.15228932
0.42341364
0.86163945
0.80378876
0.29226772
0.28944307
0.78451173
0.11328585
0.12529721
0.77770868
0.2068148
0.34877037
0.24331222
0.81545572
0.96929535
0.41716548
0.43920693
0.53976676
0.23422956
0.17346543
0.23335195
0.39787316
0.43214547
0.87236534
0.68661071
0.968183
0.7544716
0.36147487
0.09107703
0.7864479
0.22016718
0.06795019
0.72977105
0.48655435
0.9101082
0.29220951
0.1173924
0.15579845
0.7725103
0.50127276
0.91567199
0.49884437
0.65315314
0.37787311
0.98983573
0.64070117
0.75412217
0.09401483
0.59560803
0.85937893
0.93015913
0.92119662
0.43083387
0.62213526
0.24414188
0.57244925
0.29418659
0.86557921
0.71963708
0.26299016
0.59669515
0.71265526
0.47387496
0.20028418
0.20641646
0.8899485
0.66884141
0.63541072
0.12128984
0.89050277
0.12620689
0.30874786
0.06920152
0.65858561
0.6049524
0.92453906
0.91835855
0.59582766
0.64931834
0.13263148
0.25679487
0.97332621
0.59631505
0.63850328
0.57148092
0.45699478
0.79374639
0.40586571
0.8151388
0.90382277
0.1189232
0.51065716
0.0602484
0.73919939
0.49723123
0.59603693
0.24010808
0.78606447
0.188485
0.7965456
0.74381527
0.70615397
0.91592043
0.0046196
0.09781393
0.10613631
0.4638909
0.71517159
0.74292378
0.46487759
0.162816
0.20675462
0.07221139
0.0805575
0.97836959
0.13035304
0.43206031
0.95028272
0.77373539
0.55408174
0.40901101
0.22849911
0.63128685
0.21230612
0.86032917
0.07206917
0.82158467
0.10213137
0.85709573
0.24780725
0.2503388
0.07748343
0.96315784
0.61773993
0.51120276
0.92725882
0.42538057
0.24164541
0.90039125
0.35652168
0.92090675
0.25908592
0.55769683
0.25807694
0.10562783
0.01768001
0.86919781
0.36757765
0.31631125
0.95982041
0.88968511
0.97343324
0.21445722
0.02160988
0.56970359
0.48862495
0.51080244
0.23978952
0.30908416
0.20639468
0.88499252
0.19491865
0.50979539
0.06780734
0.49741711
0.41092326
0.36190068
0.31682277
0.47017691
0.35945048
0.56605442
0.24128952
0.86841702
0.52597383
0.64355555
0.43035957
0.49629196
0.14103083
0.81727604
0.86177664
0.30322772
0.82386061
0.10235502
0.42337368
0.57335703
0.56787652
0.98099549
0.46991242
0.49682788
0.35972003
0.37419949
0.72598151
0.9269634
0.42010945
0.76617235
0.31132121
0.25485023
0.44472207
0.12852619
0.85687836
0.22882598
0.30455021
0.06277235
0.44994011
0.29139359
0.88523066
0.6369461
0.61672534
0.48596402
0.64934121
0.75534878
0.02169855
0.58146871
0.13506857
0.86283502
0.36697202
0.26435127
0.66126206
0.3745322
0.15567863
0.62585924
0.37522541
0.54167761
0.25967496
0.69300298
0.42916417
0.54445196
0.12700398
0.86910805
0.19043375
0.18742033
0.31082902
0.67997463
0.36277079
0.78876107
0.05732915
0.20682075
0.61290123
0.26658573
0.32287325
0.52191106
0.81208862
0.30016741
0.68581038
0.26186738
0.59012711
0.58245416
0.44537261
0.49737676
0.19449373
0.36319129
0.8305851
0.83653472
0.74259694
0.58043675
0.49732142
0.51892028
0.13319722
0.7440951
0.1116272
0.14667627
0.40647804
0.91554048
0.08219085
0.4375469
0.84261951
0.27330491
0.79818046
0.10187695
0.4691184
0.50387327
0.127148
0.5506391
0.93324893
0.08866533
0.83666135
0.71240601
0.15269339
0.46137247
0.30996772
0.45893387
0.71497766
0.30009683
0.55555303
0.52716084
0.39952003
0.03420182
0.63273713
0.78418184
0.34055384
0.79898921
0.43246589
0.00409164
0.20612828
0.18464585
0.77360526
0.2240247
0.28504209
0.37932184
0.84917499
0.57334602
0.47903941
0.00523392
0.08866058
0.76852796
0.12712235
0.6241496
0.30272617
0.1200595
0.51465816
0.00876808
0.95258017
0.11210508
0.00221898
0.66946187
0.53007982
0.61178228
0.21163507
0.63698355
0.03585662
0.40543245
0.24499211
0.72410752
0.77632191
0.89232627
0.70759771
0.21174866
0.92869153
0.07239983
0.08335363
0.42927278
0.35983837
0.74483191
0.81264405
0.34563299
0.78234395
0.17110285
0.35768287
0.16066094
0.51988852
0.29605454
0.52794401
0.23571755
0.8901306
0.54710629
0.59138596
0.38121756
0.15330777
0.18697974
0.22934381
0.87347124
0.92563808
0.89329536
0.29704163
0.72848341
0.73019493
0.08771936
0.51949762
0.29835731
0.35670874
0.41432317
0.36087614
0.4554032
0.91377617
0.90895559
0.44616925
0.85950562
0.52288297
0.98855473
0.91210062
0.68499881
0.00885971
0.39487833
0.49721566
0.28597322
0.54305657
0.84117788
0.85615754
0.74699896
0.94604463
0.84926296
0.38315494
0.95922321
0.04175632
0.60285942
0.90972748
0.02974446
0.51956617
0.23741548
0.05107073
0.55070817
0.75980852
0.6403781
0.95353889
0.09962054
0.79747585
0.84029416
0.61934331
0.079025
0.62086913
0.84545618
0.35589982
0.13691954
0.19225425
0.73124095
0.52778177
0.27745354
0.31188995
0.20182354
0.01056184
0.03204131
0.54666247
0.97417825
0.68499932
0.32340054
0.79366571
0.34710642
0.02318004
0.02338099
0.73748705
0.81822762
0.6711346
0.85228632
0.52742325
0.21891388
0.06743304
0.123173
0.67015704
0.28865698
0.63909526
0.82854373
0.06207343
0.27382605
0.80505218
0.75101742
0.69763662
0.3658354
0.41838479
0.42984902
0.1623217
0.43334536
0.52365704
0.84702906
0.8210963
0.65482554
0.3945928
0.10603423
0.32179758
0.65500263
0.94206163
0.31973267
0.59405266
0.34442014
0.37503976
0.46296373
0.33308072
0.07552111
0.13275343
0.21866705
0.92607919
0.02674801
0.4843857
0.87265614
0.24708357
0.24580024
0.96004194
0.03692913
0.55132956
0.75703697
0.36163766
0.13165449
0.20364305
0.22866943
0.5585264
0.86257371
0.56177258
0.78043926
0.29876816
0.60059704
0.32182415
0.7366615
0.75830987
0.66911779
0.67132922
0.46085254
0.00469794
0.3345938
0.13275029
0.63101721
0.48843855
0.81432239
0.11090233
0.61624705
0.37769232
0.18609854
0.38790214
0.49605193
0.30411634
0.07237793
0.81085483
0.48794305
0.31610719
0.57708213
0.33118987
0.19255324
0.57017337
0.97462327
0.46358234
0.98911952
0.48748842
0.22263535
0.49297666
0.2778626
0.52325148
0.74405027
0.9044375
0.91904005
0.66821422
0.31418436
0.98042088
0.34181665
0.43730649
0.59652221
0.35252835
0.25148876
0.80250992
0.61130539
0.72031728
0.66003906
0.83083603
0.86206889
0.83285968
0.94666188
0.50043018
0.31225364
0.0942663
0.5114501
0.40968895
0.90256656
0.61251511
0.84847499
0.30562059
0.89819329
0.1920811
0.57032378
0.53291472
0.34297204
0.33848094
0.66936605
0.37390723
0.5139841
0.49015066
0.86803134
0.57703296
0.64101767
0.37377628
0.68060557
0.3926027
0.21838781
0.2888979
0.70699658
0.69868619
0.48734422
0.8045664
0.12547522
0.15525518
0.65364865
0.00991011
0.54144988
0.89745378
0.74676441
0.02651857
0.61700552
0.10134354
0.52055062
0.50218469
0.53400073
0.34164749
0.01960347
0.43929646
0.68808124
0.95501137
0.9393432
0.27767672
0.03758258
0.1287063
0.31967904
0.38791077
0.15154315
0.44296938
0.97278055
0.15624221
0.78813163
0.03664115
0.47128526
0.86903954
0.4498316
0.95507016
0.95783101
0.17208511
0.9201258
0.59564263
0.68649794
0.47856834
0.6298729
0.27923108
0.24785174
0.79787495
0.85109178
0.18911113
0.284121
0.21282833
0.580354
0.07890212
0.07760912
0.84452919
0.66738557
0.84376328
0.46385318
0.5732925
0.64246731
0.85291365
0.37135941
0.07576763
0.19841003
0.78713425
0.83573609
0.48747048
0.94179424
0.3868565
0.71456897
0.07472997
0.19590738
0.96345483
0.60624677
0.16961293
0.03276001
0.31753018
0.932386
0.52159758
0.53005738
0.8784816
0.91162464
0.41807443
0.35444328
0.61331676
0.6484337
0.45410416
0.08623488
0.76385667
0.43556377
0.73759033
0.57359354
0.7048152
0.38125826
0.09763139
0.92290461
0.32092974
0.72955878
0.53947334
0.23585079
0.80564994
0.54415885
0.24962718
0.34238202
0.64795435
0.02773792
0.20783161
0.19919221
0.00708612
0.45879015
0.16605107
0.81943136
0.18278326
0.27123937
0.53093877
0.49558661
0.08985356
0.75490717
0.84020646
0.24007327
0.70351645
0.90188295
0.55799991
0.02458939
0.79723027
0.03290127
0.39968687
0.71632819
0.49885795
0.91879642
0.25531282
0.28961397
0.24097404
0.50228364
0.04741813
0.51392716
0.53120051
0.44975038
0.71255796
0.90058783
0.00306771
0.53551343
0.94276935
0.58512119
0.81713827
0.29298968
0.77588705
0.67672139
0.47302768
0.57190295
0.9811246
0.33510987
0.78604859
0.05202472
0.07986416
0.68891723
0.01356366
0.81572717
0.12200651
0.56388353
0.57834074
0.75981955
0.69646784
0.57806788
0.24686032
0.52802522
0.56172886
0.26261765
0.69428163
0.54249179
0.51418398
0.915939
0.79196505
0.29244435
0.8341868
0.62941288
0.35793896
0.35608809
0.95372645
0.59673044
0.26698148
0.41875724
0.40613995
0.82471041
0.30682458
0.33548753
0.34716707
0.74849916
0.09154959
0.73310766
0.25464862
0.10396826
0.21679632
0.51634869
0.13479587
0.23223887
0.98522725
0.93205081
0.4342202
0.94265928
0.19154659
0.10024206
0.81811276
0.92767191
0.81680355
0.57959182
0.88084002
0.57311153
0.96781962
0.38152656
0.76836258
0.49666846
0.57445227
0.29882926
0.92142865
0.73330965
0.93260554
0.70248445
0.08502868
0.9011671
0.51680655
0.05234154
0.20802414
0.9749116
0.0520905
0.90770876
0.03529645
0.29910892
0.47374661
0.53010127
0.61643234
0.03221322
0.24656405
0.23683119
0.98841261
0.35296901
0.05093497
0.08394839
0.20000375
0.17940647
0.61807823
0.32079325
0.86978359
0.5472123
0.98973803
0.41608234
0.2216121
0.36186432
0.51677315
0.44737944
0.28144234
0.16209604
0.55502381
0.62835442
0.29639059
0.91482936
0.61262519
0.10176188
0.24542663
0.3663983
0.35339637
0.48813177
0.30007363
0.03628562
0.44897826
0.0681781
0.0289601
0.70695892
0.28863028
0.92975843
0.40819404
0.64450144
0.67191166
0.86655353
0.74796599
0.08552401
0.32296039
0.18790059
0.38096231
0.86920402
0.7775032
0.86556998
0.33892714
0.32799774
0.26068349
0.61790791
0.5173197
0.93277037
0.89038115
0.16740287
0.17149913
0.02004069
0.68161142
0.59742536
0.28796282
0.66027398
0.00844428
0.74412143
0.2928135
0.84862384
0.09805687
0.51215215
0.37354249
0.54609395
0.11582875
0.09711777
0.9682663
0.10717172
0.5239717
0.14298405
0.71317299
0.01784968
0.34526175
0.71755599
0.57337947
0.77471801
0.55840648
0.27848595
0.88809002
0.93752525
0.56413673
0.41546722
0.13421342
0.27929447
0.7747245
0.09586729
0.17412924
0.57907147
0.59180908
0.46203605
0.61667437
0.18925343
0.31457579
0.33153265
0.38036641
0.89705655
0.87897586
0.40033013
0.41713387
0.09914283
0.11302115
0.22467068
0.74399643
0.35342092
0.4560132
0.79208691
0.81749256
0.31759978
0.58511529
0.19044111
0.66760851
0.03018105
0.58096407
0.04826031
0.44928008
0.74956284
0.15225838
0.78976609
0.92078372
0.41631356
0.31828797
0.78180037
0.51837221
0.42251598
0.84924551
0.02144379
0.25550329
0.92169417
0.71252433
0.58857675
0.23054259
0.54671494
0.86356927
0.7813916
0.63126001
0.84981586
0.44674705
0.76075789
0.64556074
0.35456082
0.29362924
0.07753631
0.78144596
0.97671135
0.46058659
0.76195548
0.18496995
0.31422264
0.8037542
0.73152129
0.53922736
0.01191768
0.7738182
0.83270768
0.03187985
0.48681048
0.80368861
0.21292825
0.18221547
0.27098729
0.18612407
0.71907854
0.88449616
0.02872391
0.65866971
0.88222952
0.28524228
0.57826903
0.1594772
0.04206816
0.11891422
0.13103018
0.89160064
0.69697982
0.91172108
0.31898084
0.54936777
0.11032609
0.42580297
0.45483366
0.28569299
0.37915708
0.29205502
0.54387295
0.46785159
0.20705232
0.76664896
0.29299538
0.24158331
0.70024196
0.09908841
0.35513722
0.30285982
0.00881091
0.84972458
0.40061301
0.26053366
0.97026999
0.50968913
0.87888341
0.25931287
0.77629688
0.67185633
0.28568473
0.58905032
0.00679124
0.75510205
0.81933207
0.97965287
0.45863578
0.76637549
0.98729566
0.98538578
0.46520031
0.88533095
0.74828802
0.60710832
0.65560032
0.94092687
0.90943198
0.89994616
0.82955163
0.37794746
0.32044155
0.50352873
0.35349744
0.4003383
0.81092055
0.22610403
0.2748269
0.18948644
0.8111619
0.98168089
0.17978259
0.42802148
0.01115339
0.09454397
0.27045523
0.26828084
0.53604402
0.55126212
0.54018604
0.59445689
0.2470999
0.76502839
0.86103883
0.71008977
0.56750906
0.74225273
0.48846319
0.67510229
0.47270689
0.59749856
0.06040076
0.42261308
0.61144574
0.68007401
0.76157934
0.11272446
0.65440378
0.85305689
0.5227667
0.63152088
0.56707559
0.16922176
0.64213058
0.4052976
0.47370487
0.59660443
0.89225178
0.28001639
0.94923877
0.05328318
0.10326574
0.47481741
0.6330018
0.46702092
0.8819876
0.08087998
0.22138005
0.49002858
0.10978726
0.55466968
0.04957923
0.52076979
0.51966869
0.32973238
0.42617356
0.2120234
0.1989149
0.10287443
0.85182709
0.30220754
0.21379607
0.85020868
0.97323345
0.90743744
0.29786873
0.74024779
0.9267746
0.65382288
0.08851203
0.42553392
0.59212871
0.98801875
0.92193262
0.88111606
0.57949934
0.47781251
0.45270972
0.82436854
0.08557188
0.84449266
0.85413905
0.50524819
0.75387728
0.09779314
0.79186674
0.0671539
0.66740386
0.11528623
0.90450259
0.25993361
0.51551768
0.15007248
0.7903458
0.94398886
0.9442172
0.35512299
0.12240858
0.04411535
0.61864741
0.68065436
0.31237858
0.82156849
0.63989069
0.98365886
0.41131655
0.04683744
0.54912992
0.37073143
0.56357019
0.12697445
0.17019101
0.92943209
0.11607869
0.0288129
0.03060843
0.46610861
0.36017459
0.16085307
0.88741402
0.30899938
0.35882113
0.82992759
0.79942141
0.31175022
0.79454685
0.93079018
0.29775418
0.82557195
0.08762787
0.00081393
0.85330622
0.03181263
0.12287409
0.93390538
0.33239243
0.02151385
0.62520483
0.32907124
0.14045007
0.45573055
0.65659501
0.96363646
0.89763243
0.9666016
0.21865794
0.75911362
0.28549407
0.46401623
0.95228577
0.09492659
0.22965915
0.8882204
0.22669518
0.52039565
0.3612782
0.68872526
0.75489621
0.34218789
0.17068116
0.44276933
0.08855149
0.13803232
0.11830687
0.7228263
0.41203317
0.04770748
0.23125323
0.25386817
0.79733232
0.68781651
0.5467601
0.79075763
0.80626816
0.73340356
0.50325457
0.45526208
0.0816359
0.66996757
0.56783163
0.8686374
0.94268988
0.54020163
0.70440078
0.20970673
0.79320425
0.31255497
0.20664342
0.45716246
0.63094973
0.92745071
0.00149915
0.57409381
0.16334518
0.62278762
0.74191186
0.31046042
0.3775839
0.5504714
0.35595762
0.61144129
0.07220557
0.73708226
0.15379055
0.61159936
0.94958291
0.13797462
0.71361262
0.42734964
0.30344289
0.26034978
0.4124262
0.28061965
0.1446992
0.64657432
0.41146151
0.87789285
0.46800589
0.97066077
0.40609533
0.24603934
0.92838916
0.33291642
0.47871635
0.75092928
0.8744941
0.54557602
0.69326839
0.05458223
0.16398096
0.14129784
0.02079437
0.56239834
0.72620714
0.17122986
0.5449901
0.800156
0.06853012
0.54523254
0.25453462
0.53715844
0.46604135
0.84048793
0.50945476
0.38262811
0.03607499
0.65971974
0.41933812
0.81737074
0.07798479
0.45223196
0.43055706
0.54606904
0.94209017
0.33098569
0.48192026
0.01053187
0.4707096
0.12993082
0.87054994
0.10163017
0.19139918
0.51695138
0.19519893
0.06047025
0.24100917
0.55612735
0.61070041
0.80990859
0.09551588
0.94620141
0.48228602
0.64060531
0.24586786
0.42797206
0.75653744
0.35750168
0.23351321
0.81028648
0.12055797
0.74304477
0.59711608
0.8684205
0.05412597
0.21280579
0.48269494
0.33299685
0.92969795
0.74991845
0.44040324
0.23920604
0.92589127
0.43550639
0.37957832
0.21349603
0.92252812
0.79803384
0.21816517
0.25472579
0.06892485
0.6749023
0.69620203
0.50191807
0.21216627
0.9129367
0.27328301
0.73104129
0.8585932
0.39005166
0.3009477
0.59863888
0.4611784
0.19354036
0.77263088
0.93710095
0.79608139
0.02013361
0.93462181
0.07378545
0.21944197
0.84776024
0.4274087
0.68294993
0.2451988
0.64801488
0.55598491
0.81064795
0.69878527
0.67109448
0.28826302
0.38369657
0.39095856
0.51529004
0.32455333
0.77281441
0.64890359
0.7761152
0.37505344
0.52286211
0.44184109
0.41182164
0.66476206
0.68613464
0.8153618
0.03374729
0.66190532
0.67757084
0.8072081
0.22598698
0.95773028
0.1312905
0.97990951
0.42468145
0.94061314
0.66376164
0.77877409
0.07013575
0.09271527
0.20795411
0.16634941
0.28605613
0.65518298
0.93478746
0.38746664
0.57319596
0.49457616
0.35542304
0.79466889
0.47392955
0.23014248
0.83137781
0.45991511
0.47124939
0.26801195
0.68251752
0.01938382
0.14217946
0.74278637
0.16083373
0.24150245
0.61954076
0.67650265
0.11660452
0.54163644
0.71956636
0.04698662
0.656199
0.87186102
0.48902823
0.22659737
0.61549304
0.32799633
0.68933783
0.94259651
0.43305609
0.34795321
0.79466457
0.2657518
0.06387931
0.80464263
0.59372602
0.72450426
0.24650386
0.29640261
0.23890129
0.56682236
0.63780644
0.40531049
0.50948841
0.8121065
0.72317695
0.19407206
0.51472903
0.72693763
0.89478243
0.15780864
0.9210383
0.46215756
0.89635791
0.06907679
0.11545573
0.16207078
0.76445358
0.58045694
0.07184431
0.74786822
0.60531739
0.23632572
0.52368217
0.22323507
0.60376181
0.64293361
0.9279253
0.17806492
0.60181203
0.92443588
0.23565086
0.50812669
0.09831774
0.33975817
0.64010489
0.37224183
0.62359269
0.48759536
0.34470714
0.24297627
0.28865799
0.60216581
0.83902653
0.05682997
0.90343066
0.68149524
0.39999449
0.58703201
0.68552923
0.64952179
0.04311703
0.33764646
0.31403001
0.17703301
0.00501641
0.19154539
0.62300782
0.41112908
0.14486537
0.49732515
0.34107764
0.6512497
0.54605542
0.09009657
0.93666814
0.35051139
0.65571848
0.42944935
0.50416561
0.83931318
0.20173456
0.65118118
0.83695272
0.10917307
0.95098938
0.60875717
0.90952755
0.20251437
0.91224224
0.66463082
0.81453218
0.50543847
0.73308907
0.1127763
0.64167158
0.95088727
0.05180806
0.0435846
0.04719621
0.42980224
0.23637973
0.51156731
0.6011949
0.71894195
0.83810468
0.704585
0.59528511
0.24399153
0.85412293
0.52447955
0.11147492
0.72627344
0.2444434
0.56219251
0.79664225
0.82118077
0.0005701
0.51760012
0.57538215
0.72117616
0.89867115
0.8227316
0.24554602
0.49584484
0.85661911
0.53929708
0.46043436
0.52549752
0.51607706
0.86486298
0.11347368
0.21971477
0.45896537
0.73775068
0.79529473
0.01000087
0.4568463
0.46047443
0.83293275
0.0029424
0.3638493
0.51974868
0.7959493
0.70957625
0.84022717
0.3611655
0.81382776
0.78724848
0.11298974
0.81914961
0.17162866
0.54444645
0.70726541
0.0774793
0.62064216
0.03845462
0.33061814
0.00099273
0.52581983
0.38024493
0.40680621
0.53516471
0.81550736
0.86269597
0.51771753
0.18921091
0.28015927
0.13195044
0.20975942
0.76974237
0.77517086
0.28033593
0.84168214
0.9467664
0.39852074
0.86664649
0.33728663
0.7741436
0.00541402
0.23916021
0.34578019
0.59393369
0.05403012
0.15753351
0.8833609
0.96852727
0.2116654
0.89463392
0.92711447
0.7662634
0.45191469
0.63949922
0.58972149
0.59672171
0.71878811
0.46786028
0.45403666
0.10782965
0.59537055
0.50527035
0.68499556
0.04920806
0.93054913
0.11133031
0.81240349
0.52889146
0.73337163
0.97697413
0.67839321
0.72255607
0.6878133
0.46695549
0.77236602
0.63064393
0.46206704
0.45971551
0.32868209
0.90504034
0.83700331
0.42789631
0.49936439
0.37960279
0.39078923
0.96028432
0.53227196
0.35293372
0.46778374
0.43915858
0.73809393
0.72574598
0.43627157
0.63326387
0.53365197
0.63825659
0.41877463
0.71812567
0.42823588
0.2433255
0.03092461
0.69774237
0.35511372
0.25446498
0.97333136
0.7473687
0.31844262
0.79527651
0.05563468
0.36651571
0.50906155
0.3250094
0.5073562
0.28843544
0.11391242
0.2089763
0.3274766
0.70953258
0.92412864
0.5149766
0.09198302
0.46768331
0.6773759
0.40669544
0.2478733
0.72317636
0.04209603
0.0623156
0.34707388
0.84560752
0.40151491
0.39736267
0.63160185
0.80106103
0.95276481
0.16226959
0.06366278
0.16532648
0.58612384
0.67246256
0.34052538
0.72570562
0.4182608
0.84260868
0.55801961
0.58902766
0.89813208
0.58008835
0.59830998
0.59889907
0.56821233
0.7103289
0.82675069
0.70622642
0.2357414
0.42748685
0.7339327
0.54740803
0.04812705
0.92717918
0.56512181
0.02231764
0.24602594
0.32670282
0.88007126
0.78546948
0.61899835
0.78979479
0.22060693
0.16369902
0.80624917
0.86826421
0.5026343
0.93463063
0.59275589
0.19717275
0.19381544
0.34346932
0.95080432
0.74935643
0.77661507
0.88525715
0.71344353
0.74449551
0.07858901
0.67358393
0.71942711
0.88342456
0.78215942
0.27480372
0.56284524
0.50588058
0.39945522
0.68565817
0.44591755
0.25488339
0.97143901
0.31451546
0.69883581
0.89196935
0.93572869
0.21610616
0.10235881
0.01674991
0.90692332
0.42750971
0.97059063
0.83231744
0.36537945
0.11604714
0.7721763
0.46750234
0.29588689
0.71511337
0.33525831
0.74380406
0.97552952
0.18944585
0.64491276
0.93887693
0.17914618
0.65099421
0.66688846
0.46607545
0.21101151
0.33637606
0.87534015
0.26760602
0.91235694
0.079834
0.11347407
0.81946817
0.06755552
0.71225568
0.75984314
0.72977479
0.42649408
0.89578126
0.46614356
0.96988977
0.64381207
0.71834761
0.5662489
0.01067327
0.06522704
0.53420305
0.30864583
0.51563842
0.57105775
0.47422149
0.00970518
0.77347877
0.12057908
0.89336204
0.97219313
0.6794687
0.62981164
0.81876044
0.28352651
0.51511774
0.18984901
0.18603214
0.06767823
0.79263069
0.15466802
0.56102488
0.41865121
0.72530586
0.35968116
0.525521
0.63655252
0.58829214
0.11668092
0.75238909
0.66185557
0.28098716
0.34495582
0.29412743
0.70027759
0.40675003
0.280281
0.9421273
0.76307943
0.59655435
0.92601526
0.16280968
0.65644542
0.85592355
0.27159173
0.30123731
0.09908993
0.65095454
0.3074149
0.22201857
0.35678892
0.04392075
0.44783213
0.18875577
0.31852908
0.10661668
0.67484676
0.1861645
0.34864714
0.7153488
0.44899742
0.01726369
0.29725617
0.22965489
0.98442856
0.20219618
0.22025025
0.65767406
0.57862553
0.29650833
0.34120518
0.38637338
0.54143777
0.87173751
0.02220713
0.66422772
0.46552508
0.1248467
0.66493931
0.03691423
0.54776702
0.09476704
0.14489785
0.39513313
0.15757234
0.85785752
0.40046002
0.4757521
0.54500156
0.40473979
0.64349152
0.45928781
0.54075092
0.37907158
0.77349548
0.32363854
0.57029104
0.9561302
0.82712103
0.86931997
0.13839222
0.11191113
0.65272952
0.02601828
0.93281318
0.40916382
0.70582654
0.56300999
0.38105615
0.4089001
0.98928604
0.62510568
0.67755236
0.52553504
0.28718322
0.24838728
0.90914562
0.76974454
0.74247146
0.60134515
0.08855083
0.67453013
0.59446045
0.75225467
0.24682043
0.6700352
0.6073963
0.45817472
0.75852091
0.27231158
0.34971604
0.867757
0.39536309
0.22907586
0.09636368
0.79146051
0.36786886
0.32744207
0.26594609
0.66172238
0.13854072
0.10309351
0.02355698
0.12823491
0.17945786
0.95841444
0.15066414
0.19877714
0.1082692
0.10726152
0.05420784
0.88510024
0.17765864
0.21208421
0.80291939
0.47826645
0.71852459
0.43628869
0.57624425
0.41592324
0.06046591
0.87752288
0.08322927
0.33448382
0.19759326
0.47952057
0.87916309
0.50359606
0.81040829
0.28090532
0.51835739
0.87279057
0.33796002
0.97996761
0.62568503
0.15953332
0.44647962
0.93205953
0.06519813
0.18934349
0.29658648
0.17196488
0.2955459
0.03869759
0.72410847
0.1213111
0.43256505
0.98201537
0.67234721
0.75931411
0.91065559
0.06803308
0.540613
0.59124754
0.05809556
0.38329987
0.32604309
0.97889239
0.30473397
0.97845989
0.46466646
0.74504572
0.55951356
0.27929956
0.12851224
0.54001734
0.60094887
0.47788077
0.15456146
0.90293291
0.63772705
0.72273594
0.11525859
0.15988884
0.11286221
0.3948478
0.92044361
0.31607613
0.52598803
0.86333374
0.43808391
0.10276914
0.53083909
0.08176619
0.58495281
0.26639385
0.52580841
0.13335728
0.83675886
0.03801317
0.33711667
0.38511837
0.16047182
0.20613896
0.2038575
0.67476691
0.53095174
0.45112546
0.83900248
0.91843427
0.37753071
0.19863495
0.13609335
0.03480804
0.40547514
0.95957449
0.97753524
0.03649006
0.26105852
0.82537995
0.69004369
0.34043196
0.46827316
0.97650935
0.82427441
0.94885204
0.29950795
0.20635012
0.55334422
0.0175433
0.31998132
0.01214526
0.66040674
0.71288808
0.63766175
0.25288633
0.42129164
0.91913016
0.38786514
0.44836589
0.24742348
0.70614756
0.53293163
0.91659676
0.25253579
0.9807207
0.29856236
0.69135311
0.15560247
0.19444618
0.4287098
0.62357309
0.25615392
0.96934569
0.64485443
0.89716193
0.80251595
0.44217514
0.7485635
0.32157071
0.40130553
0.68024306
0.1985611
0.33370718
0.42165523
0.31437216
0.97154137
0.8806187
0.08175711
0.57786188
0.11247498
0.96648047
0.36676687
0.49442823
0.20743034
0.6015579
0.09596678
0.34160102
0.62342024
0.89236767
0.50074616
0.03027768
0.80069044
0.42088708
0.51287784
0.57176871
0.90985536
0.05352668
0.5589955
0.82897969
0.9177457
0.56963291
0.89162946
0.58829793
0.21346055
0.97534866
0.0590644
0.96190707
0.44776469
0.40462758
0.7007378
0.34843146
0.73681484
0.29902231
0.95723785
0.00915991
0.74265182
0.11768653
0.95770216
0.90090893
0.0422641
0.08822684
0.61589466
0.44905522
0.66716797
0.25867047
0.94413738
0.66532477
0.67408219
0.92102687
0.88330493
0.38083246
0.69091018
0.63433154
0.66756827
0.42339634
0.84832989
0.85637631
0.29114833
0.85802468
0.91237565
0.89148036
0.06082577
0.10656899
0.28395478
0.01443124
0.72212893
0.4373857
0.80051345
0.5976947
0.9082506
0.10251129
0.07522929
0.80028801
0.66507785
0.27103611
0.31120784
0.86596781
0.84795656
0.08579549
0.40989823
0.18167134
0.56583718
0.28040138
0.30828998
0.3887244
0.28715094
0.74011483
0.4828362
0.60465055
0.5693884
0.47533839
0.58615405
0.03239953
0.28635383
0.47836138
0.20455705
0.71729976
0.18841284
0.05977444
0.17898009
0.04507187
0.13082028
0.66328461
0.80081683
0.42115007
0.26040844
0.76870086
0.40804581
0.39340413
0.05343967
0.57022408
0.34610495
0.16457833
0.60455088
0.56399045
0.83151231
0.6801831
0.11686525
0.38515423
0.92740494
0.48125114
0.03565831
0.35212143
0.79968376
0.54914426
0.81258342
0.1431804
0.89739893
0.86631239
0.54298574
0.83572524
0.56306447
0.2230768
0.35877125
0.07126721
0.10070327
0.26213863
0.58342926
0.52911762
0.58996194
0.9467004
0.57600826
0.47212083
0.37392933
0.35567324
0.53820093
0.95950479
0.39337975
0.98918833
0.23478241
0.68527333
0.87785306
0.27967536
0.65671466
0.63502815
0.70752995
0.82102093
0.00239325
0.82505323
0.70825875
0.48955448
0.29401735
0.75169861
0.01089011
0.38600394
0.49836866
0.06385249
0.96656703
0.32567431
0.04694216
0.16796494
0.74449223
0.41534541
0.06259174
0.80318749
0.43485657
0.4674019
0.62640634
0.96764406
0.7746358
0.60227529
0.07333371
0.82055165
0.17380877
0.5740042
0.27525921
0.74856942
0.29233349
0.30139971
0.34831585
0.55935503
0.83679117
0.49683007
0.12273007
0.58773584
0.3525763
0.87776526
0.8260133
0.84363042
0.42756824
0.18334499
0.4566452
0.32670592
0.26192002
0.55157965
0.3067514
0.6108676
0.55851277
0.71373578
0.95358961
0.44285532
0.11996072
0.05474789
0.32129823
0.59227534
0.77209251
0.38385655
0.07936105
0.74592914
0.37582329
0.51462819
0.07758306
0.6563045
0.2775692
0.22554238
0.96056223
0.11892106
0.1414171
0.52210924
0.24131998
0.35342443
0.77430677
0.06992014
0.38334422
0.72247742
0.82714946
0.19318783
0.63070017
0.87280383
0.34599059
0.32834905
0.542667
0.09597144
0.89058606
0.79718294
0.325356
0.79160867
0.63554485
0.91850965
0.56407556
0.23526278
0.11016345
0.08011986
0.68225672
0.97477971
0.75932107
0.90612014
0.25342849
0.46994292
0.86668204
0.11567283
0.66919072
0.66874897
0.94673944
0.48863685
0.41780568
0.30215499
0.03131451
0.40096591
0.83186356
0.96712368
0.96848874
0.16893617
0.88290072
0.01945238
0.80476755
0.38608792
0.22434062
0.24150859
0.53395812
0.09512683
0.56457932
0.44234448
0.45324122
0.15106529
0.95211142
0.91563371
0.8438227
0.01380864
0.75545737
0.77281169
0.58339793
0.47488802
0.39674766
0.26754067
0.29483724
0.05646616
0.81920047
0.6696035
0.20564176
0.17996515
0.11570814
0.7414493
0.69495266
0.68790636
0.18850521
0.63108041
0.0210676
0.09129422
0.75023246
0.71865418
0.53384323
0.4120902
0.23315396
0.42355611
0.13266175
0.22812527
0.22044126
0.55823049
0.53168949
0.75280128
0.25087741
0.66013513
0.95889839
0.1743648
0.78655219
0.36349362
0.07360818
0.26522313
0.31759331
0.39804529
0.39502427
0.70879515
0.83896273
0.83876682
0.96598387
0.18740738
0.57349156
0.81824297
0.91475051
0.26087302
0.87575584
0.78373241
0.39189583
0.56188352
0.61875815
0.72720645
0.29983648
0.83193202
0.09745527
0.21090167
0.51507847
0.27302511
0.43560453
0.08428653
0.0445596
0.72661451
0.28893411
0.16949986
0.28568904
0.71419764
0.61674773
0.03073958
0.28285733
0.98504749
0.55486249
0.73445951
0.28636659
0.21554338
0.16635742
0.19728622
0.51159926
0.26745811
0.95900771
0.93623876
0.35290293
0.98013262
0.76573072
0.86463433
0.59321041
0.69063682
0.0467043
0.10171461
0.32884995
0.84534329
0.91586141
0.41706412
0.029
0.40869227
0.89533485
0.1948346
0.69908586
0.93487388
0.36459883
0.54825753
0.674498
0.74867308
0.9630755
0.7277629
0.98359261
0.51155478
0.82288098
0.57063146
0.29874256
0.69889475
0.69300718
0.82757254
0.70609983
0.31098006
0.84637106
0.5831717
0.81123096
0.00252756
0.3580001
0.4622967
0.94615177
0.20931554
0.14983285
0.85232579
0.15128677
0.81122472
0.80795457
0.24296282
0.42437648
0.08874666
0.80168745
0.85838876
0.92164754
0.23374354
0.02057501
0.90515076
0.29775068
0.46246524
0.78268683
0.69310738
0.463519
0.39574023
0.33637556
0.26833998
0.26254199
0.29228015
0.51175725
0.87571471
0.37789428
0.63787916
0.61862042
0.84656799
0.76681966
0.5697614
0.2615041
0.54400535
0.05962134
0.67121981
0.74642572
0.81909914
0.73605253
0.23834593
0.33549017
0.00269398
0.39876521
0.15040756
0.83457302
0.01221761
0.0765401
0.66974761
0.97253012
0.93349103
0.22214278
0.61255745
0.85165239
0.140251
0.19262794
0.2990599
0.77726333
0.39899559
0.60408272
0.13885216
0.24642398
0.28479186
0.88181321
0.12003898
0.13538325
0.16510219
0.12355354
0.79464626
0.63423473
0.98487273
0.48525627
0.39054946
0.67448178
0.06132133
0.26775736
0.13424531
0.52181656
0.51362503
0.19084213
0.96184433
0.03411452
0.65383433
0.06602296
0.29388985
0.41465934
0.60468107
0.09715697
0.26857484
0.94433946
0.71197166
0.10860239
0.90785043
0.2519742
0.08146384
0.02074079
0.15262
0.76441014
0.04695808
0.50394193
0.16593687
0.46717636
0.35596247
0.63445075
0.29253184
0.03592452
0.96256155
0.9165429
0.03505586
0.22037153
0.61793232
0.82779437
0.69185273
0.75238451
0.36463866
0.25423843
0.50602481
0.18621923
0.48603534
0.37846603
0.40286188
0.22920416
0.93028334
0.06899197
0.4622442
0.8028764
0.0061496
0.67410837
0.6081398
0.62613627
0.74567289
0.08485633
0.15881239
0.56635603
0.79139379
0.33133528
0.54501316
0.2662428
0.27000313
0.82382026
0.75835321
0.40604044
0.07760842
0.46251252
0.33233217
0.27449604
0.64374165
0.10789886
0.95158005
0.54846194
0.45723453
0.61218125
0.16549962
0.32016391
0.75996599
0.56819277
0.80748509
0.84419882
0.22385676
0.10309467
0.58099459
0.61451515
0.37681476
0.3028745
0.66238019
0.02885431
0.89665924
0.35993692
0.4411989
0.6199003
0.11317333
0.71895786
0.60498316
0.66666568
0.52144876
0.16201701
0.71119591
0.41696423
0.38183539
0.01028498
0.8606759
0.01071381
0.4025615
0.41277468
0.56385526
0.44038643
0.8236866
0.94441974
0.89502979
0.76791346
0.65688236
0.17457063
0.11691488
0.16258933
0.19070579
0.49632365
0.71246419
0.45088554
0.46996342
0.34213331
0.29537658
0.48489318
0.69794056
0.80497161
0.95246766
0.37355527
0.54141413
0.22441592
0.0087879
0.30069876
0.29082413
0.68832958
0.85411232
0.38114443
0.82768823
0.50149791
0.5965895
0.35943921
0.40129587
0.51501514
0.74122124
0.37020284
0.53262348
0.43396096
0.73487922
0.92578866
0.69655595
0.04162904
0.29571474
0.49018075
0.9519996
0.55450649
0.1905708
0.1332136
0.27019742
0.29993136
0.43195563
0.47311956
0.70081917
0.75014082
0.60333221
0.66693611
0.78413861
0.6218908
0.73738868
0.69491051
0.75860643
0.33504415
0.45234822
0.76221642
0.01913717
0.55511936
0.58211903
0.61566283
0.57479699
0.92572442
0.83455755
0.11067353
0.70311378
0.21429631
0.19838541
0.2406724
0.08748491
0.53365091
0.2227744
0.92807326
0.5412564
0.12245526
0.94355422
0.5210533
0.88889698
0.9464636
0.53504037
0.01849741
0.76846851
0.36784365
0.35016062
0.36219318
0.10987944
0.39913511
0.42827643
0.35787207
0.72499835
0.47202152
0.24484083
0.70531735
0.89841642
0.26906536
0.61000409
0.89923884
0.3960496
0.92170806
0.37329009
0.46073089
0.14342007
0.58694247
0.4772335
0.17691334
0.91997192
0.37392561
0.10130986
0.3868953
0.65966116
0.74778242
0.84047517
0.24543253
0.51447668
0.36101319
0.29618902
0.33540427
0.80605166
0.18019302
0.78164443
0.6231041
0.46935765
0.2495011
0.21315533
0.49455641
0.25809892
0.63196584
0.07248266
0.64617056
0.86215869
0.7540303
0.67836243
0.49166905
0.74309216
0.32963061
0.27879478
0.28790886
0.01679311
0.22381367
0.86533823
0.09417041
0.3208528
0.50236106
0.82121568
0.16646938
0.88323068
0.03059111
0.62842547
0.73955144
0.58672102
0.36195225
0.81734524
0.20659893
0.85932684
0.03685867
0.70250863
0.11106513
0.19252551
0.63436228
0.12699393
0.11717127
0.97772114
0.66436661
0.43693214
0.18148879
0.08794611
0.47964174
0.29009518
0.71824351
0.11479186
0.79086474
0.66609276
0.18114201
0.14223872
0.22908458
0.17277327
0.40329466
0.60424667
0.81917642
0.18776
0.29623164
0.38489181
0.97200642
0.34035754
0.7390132
0.31596341
0.13584747
0.22161317
0.82094175
0.54355579
0.66479634
0.87486427
0.82085732
0.06173347
0.68275455
0.76917989
0.33027938
0.47728297
0.71022136
0.70881549
0.46267842
0.78228671
0.69058887
0.87085568
0.43086368
0.89415574
0.3225065
0.64703508
0.72019137
0.92228305
0.85197039
0.58537808
0.96983099
0.13673777
0.1706335
0.27637199
0.33332927
0.93106699
0.04948835
0.90820059
0.96306851
0.74246341
0.05721623
0.81403979
0.95347444
0.20167783
0.25275296
0.18706529
0.83136677
0.13045584
0.38146606
0.32873509
0.02917079
0.64186049
0.41624721
0.04073334
0.89937717
0.10569582
0.43700601
0.20670763
0.2675918
0.8460734
0.16452057
0.67074175
0.14308852
0.69831088
0.66249738
0.46019272
0.36713444
0.86540434
0.63362901
0.02515134
0.44440315
0.45398761
0.69642236
0.19287301
0.18664058
0.67475247
0.69840426
0.18905336
0.71914852
0.93434524
0.18271429
0.80267711
0.12754613
0.19028321
0.40276704
0.40757356
0.72822118
0.93896939
0.27985174
0.59771577
0.72770623
0.65350962
0.67590461
0.95999523
0.91965964
0.2687976
0.9867658
0.28697446
0.54490884
0.29025109
0.16564226
0.2751815
0.54778176
0.63747784
0.23596736
0.97245448
0.90220585
0.50914028
0.05083909
0.89793397
0.0843998
0.61658831
0.49658693
0.25565573
0.10936472
0.83762446
0.37425726
0.38996697
0.25991511
0.83784341
0.2261328
0.89202872
0.15355714
0.69518193
0.82851081
0.25160721
0.39166921
0.52523912
0.3153855
0.72917492
0.93203041
0.2295635
0.18606898
0.42601014
0.1800677
0.5260913
0.63307763
0.2369405
0.02071344
0.29147653
0.76671273
0.87112275
0.82272456
0.40190477
0.69941781
0.1042454
0.46963637
0.83191711
0.45911005
0.25385987
0.70964507
0.80584606
0.7448355
0.24583808
0.46257428
0.5535383
0.87293176
0.2026433
0.93953107
0.28367132
0.30522375
0.51208513
0.91018447
0.55845561
0.46041712
0.7596845
0.11750409
0.09799073
0.93146049
0.71655998
0.71891065
0.6575152
0.84577374
0.11762829
0.85194934
0.97890944
0.56487172
0.75438722
0.236391
0.44726735
0.03908614
0.53327114
0.57049725
0.69530455
0.9349222
0.89207071
0.81088271
0.83357072
0.84554321
0.36370648
0.43367716
0.64459995
0.31203298
0.70141961
0.63878226
0.34695502
0.97232538
0.9469264
0.07108624
0.61998178
0.98946614
0.62421602
0.35854574
0.48265321
0.28095411
0.30922705
0.01772305
0.92228717
0.88487056
0.56169534
0.94421704
0.16860981
0.6881915
0.36183143
0.51798514
0.95444581
0.75788531
0.88826704
0.56137109
0.41901803
0.53451273
0.60030624
0.4054461
0.80594957
0.56666647
0.79595768
0.7748391
0.70804314
0.48681436
0.96890616
0.46324556
0.39741217
0.8083166
0.00289324
0.1432537
0.34762344
0.21009769
0.94065813
0.7276232
0.98051494
0.30978582
0.80738455
0.69735944
0.79384269
0.73158702
0.1173716
0.07647638
0.01117914
0.30210509
0.11964669
0.63509497
0.14111422
0.13464294
0.88622882
0.068891
0.61507066
0.06483726
0.9531655
0.82721407
0.02647972
0.42822971
0.13377444
0.68005724
0.38058748
0.44527705
0.15931588
0.49734759
0.03488698
0.5903935
0.88017289
0.28416868
0.34712718
0.96299298
0.54513722
0.15690942
0.25962947
0.16963553
0.31230921
0.54286692
0.16604468
0.40720655
0.39132243
0.80226614
0.4749335
0.19211359
0.43305684
0.41379049
0.37769504
0.33009533
0.90631219
0.20821236
0.57922662
0.58276699
0.10870744
0.1552303
0.50348131
0.82165684
0.38737007
0.57764677
0.47811976
0.5808217
0.321923
0.00495996
0.61325007
0.86549353
0.54555096
0.86285174
0.84980354
0.04719387
0.44421597
0.98131625
0.66518788
0.92777059
0.40879948
0.48026642
0.80737903
0.6266826
0.08390839
0.36984731
0.47682226
0.15285552
0.35818413
0.48336394
0.02830895
0.83495499
0.39231425
0.49614211
0.09564343
0.95625595
0.34952143
0.64522652
0.59304776
0.9447404
0.37010024
0.59918097
0.28975296
0.91962473
0.91158888
0.44932329
0.03744189
0.77209098
0.1189276
0.77183377
0.74512909
0.59018571
0.43552506
0.10635033
0.77978738
0.80154493
0.43225198
0.84124199
0.04738579
0.55476267
0.79963805
0.2431868
0.76311144
0.67655968
0.91813998
0.9017461
0.73190856
0.21934195
0.23758268
0.17591694
0.33301567
0.54665359
0.92427861
0.73154109
0.5157704
0.18202201
0.53774889
0.94271935
0.94050684
0.63690153
0.32783003
0.60235719
0.09144269
0.29097166
0.31079409
0.69007961
0.50640495
0.54229367
0.70358022
0.7182191
0.4126889
0.53777553
0.97869236
0.94238948
0.09611335
0.03865246
0.9664421
0.29651574
0.95496506
0.82866866
0.84526297
0.24373427
0.50277363
0.32995348
0.18146803
0.80719982
0.91312744
0.00824123
0.97009184
0.12957944
0.12417924
0.677848
0.71278429
0.42038684
0.92932225
0.41418478
0.78237877
0.04966435
0.08796769
0.75963841
0.78978544
0.63559141
0.5269652
0.71253341
0.23242478
0.08240864
0.71350826
0.34305254
0.60549266
0.72182226
0.3149555
0.75443586
0.44362334
0.03577695
0.12164717
0.68396395
0.5842145
0.21538718
0.57283029
0.72236647
0.48020138
0.33914736
0.76390659
0.71930066
0.13600966
0.02168738
0.57542825
0.45617178
0.70476439
0.48868864
0.94338887
0.32499793
0.86311137
0.1616795
0.90420793
0.92023481
0.98327932
0.36495162
0.39829341
0.53381591
0.00077129
0.27403573
0.37887613
0.67828973
0.97031661
0.41767258
0.15831894
0.50053178
0.25690017
0.65753713
0.79615188
0.51623525
0.05170642
0.25722861
0.7604323
0.86959856
0.25926761
0.51171123
0.29043939
0.09428231
0.24352769
0.35279019
0.77915739
0.3991284
0.03247071
0.63163586
0.33068426
0.40490016
0.92486126
0.68978269
0.79270881
0.48283778
0.79592521
0.42049651
0.47066694
0.71607004
0.72167533
0.16784756
0.76716885
0.83934048
0.96597588
0.33608287
0.82480015
0.72210171
0.93638334
0.76912141
0.02626102
0.94986467
0.66406655
0.008477
0.98937595
0.21845637
0.95837819
0.27882586
0.88619661
0.03217647
0.07595881
0.5483331
0.18680215
0.9705593
0.55752405
0.9147788
0.0479224
0.22300036
0.19542919
0.58637523
0.57438001
0.37688011
0.52475633
0.20537888
0.29948483
0.96952029
0.61016917
0.53608911
0.77964797
0.41230194
0.12755626
0.37570568
0.30904823
0.43392179
0.26436966
0.9849115
0.81233509
0.42812084
0.12649257
0.13443912
0.74595727
0.34734794
0.57899683
0.92393988
0.57455707
0.5180086
0.81267086
0.92769426
0.07646881
0.61725776
0.732945
0.62480358
0.18627657
0.18931415
0.41045803
0.93830532
0.0642125
0.19828686
0.70436784
0.53146906
0.51912243
0.06846535
0.50321914
0.06694018
0.8235014
0.98699511
0.82243937
0.69531362
0.89647374
0.05561273
0.11450927
0.06799951
0.42258702
0.37824222
0.42612923
0.77718283
0.00595452
0.23045075
0.58220593
0.67646776
0.01544235
0.80461515
0.57829086
0.59386368
0.72683271
0.22574237
0.56460563
0.47889215
0.34088566
0.57690295
0.7480791
0.94552569
0.3664936
0.2520191
0.9273094
0.02066361
0.35987379
0.8261557
0.81747531
0.59919591
0.48062746
0.88643209
0.17307235
0.31811569
0.75143016
0.16408587
0.3544271
0.48082586
0.6386796
0.28493847
0.97035556
0.29072966
0.22855267
0.5211697
0.69164686
0.13724179
0.23289636
0.58069448
0.1389172
0.84428207
0.63942032
0.72885137
0.39134256
0.17131102
0.53119585
0.90225624
0.40897476
0.88690614
0.07133064
0.66829796
0.54780239
0.60958234
0.39218233
0.72972601
0.7520473
0.92071606
0.73679767
0.43728398
0.51681391
0.23048417
0.56777744
0.47271126
0.76840163
0.85840701
0.49884807
0.48890043
0.62140884
0.03894893
0.43606557
0.97479248
0.91568733
0.21886045
0.16152485
0.23604731
0.72675216
0.24958269
0.81260392
0.75057342
0.80964739
0.603597
0.43317984
0.9623992
0.0565149
0.11515214
0.56563922
0.35006001
0.12964247
0.66488831
0.84878202
0.96658566
0.62458444
0.58609509
0.54059734
0.50881996
0.85609051
0.26868596
0.57593287
0.80317934
0.69404906
0.81483358
0.8955293
0.98447011
0.89837862
0.07751838
0.3370337
0.74040758
0.86029956
0.12878678
0.43411216
0.83299447
0.07255453
0.33923117
0.78212177
0.41969959
0.19720721
0.56270645
0.59990976
0.20853194
0.61939274
0.65624374
0.33616308
0.24216598
0.09454529
0.76819527
0.48952498
0.90974395
0.56738511
0.43223044
0.55473757
0.97472565
0.77290196
0.26302948
0.72888955
0.29216008
0.40495031
0.449076
0.19201584
0.78736945
0.15744046
0.84080425
0.83955225
0.97869981
0.01807362
0.73641742
0.47929003
0.22858139
0.25384754
0.76764279
0.85012298
0.69787797
0.36475447
0.91957658
0.76740195
0.95670202
0.58007705
0.52834134
0.46184095
0.91346079
0.34455275
0.4435123
0.67833185
0.66504144
0.64609162
0.51146448
0.86822176
0.06388226
0.69167487
0.16751936
0.94944104
0.33674766
0.07681761
0.72154696
0.57733231
0.26252288
0.7256775
0.85286773
0.14553389
0.25351627
0.05824581
0.23044496
0.80663445
0.8134729
0.11029051
0.09902273
0.02390169
0.66078275
0.27111529
0.18478149
0.23830644
0.09412091
0.68661698
0.29574435
0.48946318
0.7807519
0.97927978
0.66329994
0.97113024
0.11574307
0.74134679
0.59381875
0.01740109
0.80155618
0.96647129
0.63678435
0.3911422
0.94711669
0.67538258
0.17987137
0.0500265
0.03632848
0.49487699
0.12611387
0.93482476
0.63330474
0.30022134
0.16342921
0.70163953
0.6691028
0.14806462
0.20988909
0.80861976
0.39608667
0.43138184
0.84957569
0.68545386
0.34916295
0.84362045
0.95509894
0.39606191
0.65218131
0.76193441
0.64112982
0.28158005
0.01286476
0.12450085
0.25243711
0.42582238
0.93193795
0.76802141
0.10607172
0.8572072
0.36285532
0.60122571
0.30961467
0.80762734
0.76299641
0.5846902
0.80526018
0.15837774
0.41417971
0.13457551
0.80549975
0.87604912
0.73072532
0.69657724
0.48375378
0.59682891
0.01243126
0.45100604
0.32882964
0.3499584
0.21653636
0.27025237
0.47920903
0.8209084
0.97834632
0.2691558
0.05670665
0.76949139
0.4626584
0.05198159
0.56510056
0.36017041
0.28806011
0.15552053
0.1874576
0.4250662
0.8312567
0.01641845
0.41933305
0.472794
0.83961016
0.33787031
0.27547124
0.74114144
0.72266666
0.69866087
0.23008948
0.2385208
0.63656078
0.86909525
0.00394279
0.00438131
0.89886881
0.80451275
0.82798318
0.917236
0.58620157
0.50369989
0.92494581
0.32388512
0.12652827
0.57244768
0.36510353
0.38348677
0.32303868
0.65183585
0.21454761
0.63860335
0.01464077
0.30532246
0.92067218
0.09180467
0.26142776
0.89494187
0.03679421
0.19110879
0.26215595
0.78770205
0.00606357
0.4846407
0.13373315
0.60000482
0.87087039
0.32959253
0.83330863
0.29603263
0.13698445
0.00575903
0.81693011
0.40975728
0.09140572
0.74353103
0.67579853
0.70730515
0.87089047
0.32335377
0.85196089
0.31205449
0.82196945
0.02766527
0.27765083
0.24617827
0.92162655
0.32583329
0.56234347
0.43865961
0.64520418
0.77304635
0.6934477
0.13152775
0.66342827
0.64563715
0.90364272
0.04850564
0.65375588
0.56228263
0.21535095
0.30010122
0.83826967
0.30412098
0.13120007
0.39666683
0.98081111
0.57224237
0.40393587
0.00039898
0.27629227
0.82101564
0.30483349
0.37709556
0.63250344
0.62530403
0.00578737
0.96295843
0.41811472
0.45108085
0.35975035
0.89266992
0.15837081
0.693602
0.44033444
0.64345093
0.36227455
0.37317123
0.21499468
0.75968503
0.91206333
0.35164336
0.24728274
0.03321325
0.47273492
0.27353009
0.87396188
0.05109127
0.15515418
0.37280184
0.15888008
0.19231537
0.48440813
0.91213178
0.54047562
0.86131514
0.97732223
0.14797451
0.78632832
0.09455573
0.29029279
0.64806636
0.62329982
0.36321607
0.86681568
0.18512133
0.69471945
0.63538526
0.13284254
0.09841361
0.20149462
0.9649433
0.18852898
0.44350742
0.44208453
0.83464457
0.19172939
0.62082142
0.11060921
0.18284546
0.89141049
0.20930136
0.91319866
0.68925256
0.52638802
0.16870629
0.926655
0.70515956
0.63299445
0.3369584
0.01786063
0.6949826
0.01018854
0.33745026
0.22817906
0.41916839
0.06600003
0.94879221
0.81099271
0.5416559
0.05673523
0.95040563
0.94810458
0.58348537
0.49481003
0.36563125
0.88652244
0.69760072
0.73780995
0.84662635
0.64010095
0.43596419
0.1035308
0.8551686
0.16284802
0.34227678
0.95176834
0.86181046
0.63588469
0.90037147
0.92913021
0.86617439
0.49844435
0.59482747
0.13737958
0.9707095
0.29232159
0.05136198
0.0101482
0.70543109
0.59374891
0.36298062
0.34824189
0.98313213
0.48940655
0.51530481
0.744349
0.23845986
0.87308609
0.84923888
0.85977424
0.57414312
0.03600715
0.09001047
0.2718136
0.65214817
0.93126982
0.16030737
0.22472832
0.88354036
0.24792738
0.74651591
0.77186667
0.12284677
0.50873055
0.08858871
0.55430133
0.03207475
0.74429073
0.56389739
0.55428867
0.83908337
0.65438874
0.71376509
0.10654075
0.25770135
0.29245822
0.80491146
0.40243772
0.02257175
0.13391565
0.68661433
0.93840488
0.00035614
0.97938808
0.5959841
0.97390241
0.10819579
0.07843457
0.86033877
0.18761424
0.38548895
0.06174515
0.86375957
0.35182325
0.98014323
0.68310832
0.75519214
0.73470324
0.91086271
0.66709472
0.52414575
0.71945337
0.10525722
0.62184645
0.47741489
0.55587467
0.30132668
0.13211657
0.39664761
0.94611722
0.76426363
0.77442874
0.8943748
0.70859205
0.6931172
0.37197017
0.32627865
0.47040591
0.19491608
0.13929787
0.86805523
0.10277408
0.4086407
0.38490157
0.35620432
0.00600958
0.34141621
0.81954643
0.42760234
0.53318597
0.74420907
0.92780091
0.33772578
0.96160279
0.53461422
0.07387829
0.292604
0.47650149
0.12934324
0.20329871
0.31157143
0.96382202
0.34970549
0.36282403
0.36687614
0.30409961
0.10186858
0.54136522
0.58374537
0.73858397
0.23423274
0.75112345
0.07948712
0.90625138
0.04580309
0.83893965
0.12194934
0.7355461
0.35440632
0.53787571
0.77505025
0.96567918
0.87124685
0.59155048
0.04203894
0.41933218
0.00306047
0.74414481
0.42280268
0.53561787
0.54446507
0.95523181
0.95994901
0.14830301
0.49500066
0.25426238
0.52723154
0.96687911
0.21311186
0.78598089
0.39911063
0.61444625
0.6306019
0.93787876
0.92775732
0.0962587
0.48671104
0.28536483
0.76659252
0.09570111
0.78613685
0.04436397
0.09258017
0.71757809
0.21422289
0.91429334
0.14522399
0.53638065
0.12315898
0.9293393
0.39523427
0.17086178
0.35430464
0.46402267
0.04229318
0.30409438
0.03855078
0.44378507
0.69734356
0.71130396
0.35151969
0.72765111
0.44505966
0.10529776
0.6803001
0.29664843
0.20312253
0.78395809
0.89279085
0.16650595
0.55854623
0.72342693
0.81600714
0.07506102
0.09105542
0.44539374
0.85241029
0.68213038
0.20208758
0.2540543
0.54667633
0.50388315
0.95045324
0.72278739
0.72623089
0.20065965
0.98340371
0.6860521
0.02608456
0.91475529
0.20060427
0.11769882
0.37103426
0.13277626
0.09689054
0.4356764
0.98617355
0.0254512
0.19050155
0.77524879
0.51341503
0.97847135
0.00691041
0.04198081
0.43946774
0.62561178
0.80941652
0.3098317
0.27480963
0.47942678
0.52246949
0.10905637
0.4255333
0.79855002
0.49079387
0.14914411
0.78347045
0.80052728
0.77586462
0.26875033
0.17730993
0.6136077
0.05127594
0.43598831
0.55330243
0.03145717
0.23192012
0.38032622
0.97418928
0.30579489
0.34674526
0.32938255
0.19744618
0.38606805
0.51191258
0.52478477
0.56830396
0.1189567
0.14121386
0.89836155
0.58124863
0.96934409
0.78520589
0.21072773
0.15956832
0.97194225
0.06012733
0.33485408
0.26764503
0.58867671
0.15201831
0.6451507
0.68016597
0.21424232
0.5831448
0.35940908
0.2858679
0.2612859
0.44387619
0.72923293
0.3166302
0.62013242
0.47254127
0.41885477
0.53811499
0.80571965
0.02685655
0.07141697
0.30642014
0.88075931
0.42526611
0.42877981
0.05642522
0.23967883
0.50901132
0.98811083
0.82476779
0.7089267
0.65787714
0.09273513
0.8482557
0.22191643
0.40920178
0.57537102
0.0905664
0.04983221
0.64254932
0.9066072
0.71820686
0.49117545
0.47041744
0.07953082
0.81893272
0.80124794
0.22444613
0.14082272
0.87939057
0.94387202
0.98455683
0.4939284
0.25663712
0.44442793
0.83179206
0.044519
0.00574438
0.6561503
0.48131418
0.29356307
0.31964608
0.7391056
0.93408561
0.31129079
0.1262356
0.21859382
0.25326529
0.55905038
0.18441838
0.57482851
0.29297398
0.29254484
0.69153086
0.31223989
0.77136111
0.15209524
0.09291296
0.23406225
0.33802717
0.44821693
0.67023972
0.27374178
0.45661859
0.30349545
0.11425104
0.17622761
0.89171762
0.4893077
0.10908541
0.16356898
0.70996434
0.39673225
0.66448439
0.21621972
0.96040954
0.90941001
0.50502092
0.51824992
0.59730284
0.86157219
0.42528827
0.66269034
0.86157023
0.48369749
0.00034607
0.2543264
0.24286222
0.31462406
0.12932487
0.93568305
0.26075446
0.64153387
0.70923256
0.26747429
0.41907489
0.09622874
0.85415593
0.84485288
0.97801754
0.46295713
0.3850861
0.18158445
0.39071636
0.76549223
0.19002736
0.78807093
0.48357334
0.78837666
0.58363874
0.15030353
0.78640552
0.24073572
0.3279541
0.68858504
0.57107334
0.37190382
0.79275294
0.44484959
0.85984621
0.33724112
0.83716088
0.6931452
0.71293036
0.18412322
0.59692095
0.33226295
0.76649796
0.6792617
0.79787391
0.70986655
0.42510459
0.80920864
0.56520365
0.06693812
0.69820389
0.85869854
0.70782485
0.53848007
0.72795358
0.64263035
0.98653181
0.42423075
0.22452453
0.3867896
0.41492286
0.27865022
0.64747662
0.74799671
0.32982628
0.02507475
0.30521982
0.21152886
0.47210802
0.12769648
0.44266601
0.17899903
0.03865888
0.82812174
0.90495168
0.59386372
0.34278571
0.51141629
0.82287499
0.87197329
0.61888973
0.18128884
0.6212927
0.41200797
0.09501143
0.96773416
0.35224079
0.38870811
0.04722917
0.01700165
0.9007094
0.32129219
0.76633891
0.50486625
0.75933852
0.51953663
0.35326398
0.66923361
0.48208317
0.484074
0.68221204
0.28267332
0.27506625
0.11668188
0.63179065
0.02354389
0.16759266
0.45577899
0.16101219
0.02617063
0.03901472
0.29935962
0.15205636
0.2164732
0.71871922
0.81715008
0.24189334
0.23869359
0.31408039
0.34177984
0.8132298
0.1403351
0.27702995
0.58820776
0.98511145
0.97292573
0.14314594
0.87652533
0.09277417
0.54096531
0.94464846
0.80074001
0.51756683
0.12977681
0.31107891
0.66372591
0.1223819
0.02648284
0.20304596
0.30907348
0.03323841
0.17930325
0.96856572
0.88715487
0.38658454
0.77356967
0.1495268
0.41956296
0.57388018
0.3753162
0.72554123
0.4817143
0.60564157
0.85723079
0.28448856
0.4360903
0.32654047
0.82894862
0.1058961
0.64275618
0.15463696
0.31510585
0.77654584
0.83918349
0.93465702
0.36948351
0.6613961
0.25801408
0.67019147
0.84495141
0.56204114
0.76801906
0.23931802
0.37849293
0.76104527
0.47280707
0.71029413
0.61958797
0.2319418
0.89917478
0.90124299
0.89891845
0.81315907
0.30922681
0.24087964
0.66305396
0.58359861
0.5378098
0.91401418
0.25915897
0.06695533
0.48325439
0.76231841
0.16139233
0.008812
0.42981315
0.75739727
0.03259866
0.45762086
0.4922378
0.35725532
0.1005339
0.32619093
0.61059784
0.87375994
0.91180418
0.8362618
0.39130895
0.3469278
0.54949812
0.55385465
0.79408885
0.98798537
0.27006372
0.7733663
0.91594763
0.35673874
0.35857234
0.84129796
0.06948635
0.85505967
0.74546065
0.9633358
0.59401461
0.65077285
0.87300943
0.80873892
0.57402512
0.75168662
0.67408211
0.02532558
0.20634734
0.23387643
0.00128675
0.06852198
0.64230798
0.26348829
0.86132875
0.79201063
0.75699964
0.09298978
0.23738594
0.06315363
0.36199541
0.8236617
0.19068028
0.95814583
0.88608782
0.19568441
0.19807144
0.4039763
0.39954527
0.46286177
0.63495699
0.26164919
0.34803335
0.13195934
0.79614592
0.68657893
0.02908657
0.98095228
0.9267051
0.85850973
0.87568669
0.3078817
0.54843707
0.64441687
0.59377679
0.69921219
0.43688543
0.91469681
0.96759135
0.58626968
0.45091013
0.89714392
0.28632406
0.40616993
0.67295932
0.29079146
0.11407754
0.60426303
0.05730592
0.55454274
0.02604954
0.22305059
0.64031285
0.40884711
0.95016395
0.02866575
0.03163847
0.52171237
0.58415875
0.81142106
0.50780092
0.33270313
0.01942586
0.28693953
0.17129961
0.84211056
0.57980554
0.92676465
0.10420722
0.72859683
0.70366078
0.84491303
0.67001349
0.06249104
0.15004128
0.60303412
0.1703369
0.39662849
0.76870744
0.761524
0.82429273
0.15018038
0.94106105
0.11173325
0.15205762
0.67040611
0.33539622
0.85495925
0.38606749
0.71981884
0.63466023
0.92616585
0.11620661
0.64543134
0.61095832
0.79895986
0.6209595
0.94445972
0.12502053
0.33529519
0.61860313
0.73409322
0.29650912
0.98908619
0.86620711
0.85158726
0.52976786
0.98133934
0.10311139
0.98152234
0.00505525
0.36553519
0.73676853
0.15439777
0.77154381
0.63295883
0.36724641
0.94364538
0.78676303
0.32142943
0.7734635
0.14740724
0.6901056
0.9660825
0.27128363
0.68399968
0.97206356
0.96297481
0.47233993
0.79033729
0.23176917
0.25536806
0.63343122
0.67234121
0.91352769
0.56114798
0.28085049
0.97545823
0.71857677
0.96696267
0.88024664
0.08332222
0.53100025
0.35902226
0.13985073
0.72008542
0.26121092
0.28280074
0.22591875
0.85452577
0.05435163
0.28146149
0.93741728
0.84914107
0.5661875
0.85945171
0.16434093
0.87125255
0.17066711
0.62666212
0.38436589
0.05628892
0.63002903
0.32668243
0.72897746
0.69975144
0.76677302
0.6849974
0.54863244
0.14834447
0.06360244
0.0918387
0.46202302
0.33162554
0.41205673
0.26265098
0.61174289
0.11122665
0.72328437
0.61101318
0.66558799
0.42432736
0.54568567
0.66864895
0.66752248
0.95922136
0.16115359
0.06166372
0.80784424
0.36255638
0.16932678
0.45276354
0.16809644
0.77460315
0.64410206
0.08231215
0.63093724
0.62686653
0.18679882
0.7794899
0.59293328
0.47635406
0.24602355
0.91287231
0.60745983
0.60628076
0.97112128
0.19495569
0.7472703
0.75499628
0.19589502
0.88001343
0.88364597
0.28870963
0.32613747
0.24789806
0.58467171
0.95868473
0.68804083
0.86525062
0.36756469
0.7040092
0.25287406
0.75283313
0.61743945
0.98238845
0.61664954
0.48348609
0.75542379
0.14838297
0.66096786
0.79500103
0.90449798
0.39166832
0.97639483
0.39399124
0.08094933
0.14292035
0.23607669
0.88227692
0.66156051
0.15888766
0.73433667
0.97077482
0.66154351
0.43798607
0.57048455
0.7025023
0.1170558
0.20535552
0.1560788
0.77031799
0.72813059
0.00466565
0.666774
0.50698024
0.04492454
0.21915107
0.76048359
0.15733954
0.87395648
0.58568273
0.68571059
0.31285286
0.20404104
0.77382046
0.80693857
0.73926023
0.95242179
0.44653395
0.69748055
0.41894777
0.02319841
0.03122429
0.63245582
0.81580892
0.06096342
0.73938595
0.17424206
0.4484733
0.89415366
0.95224399
0.32449996
0.83653201
0.31275378
0.74314743
0.33165559
0.58352967
0.29550595
0.23152107
0.64258346
0.24823448
0.84243294
0.03011288
0.17990858
0.42223939
0.09325428
0.35973045
0.81017372
0.15751094
0.20560504
0.58481207
0.98018611
0.10661775
0.49278054
0.50610724
0.72897277
0.00235362
0.27576409
0.10528033
0.27758059
0.19139191
0.43762885
0.69382901
0.90355667
0.56107359
0.82805628
0.16415424
0.19003437
0.93010542
0.14336601
0.2764641
0.2315594
0.88202374
0.98279073
0.31602314
0.11889321
0.70340934
0.11957801
0.27548719
0.62931585
0.27914801
0.30789295
0.08735454
0.69876371
0.93845894
0.65903051
0.57970549
0.62132265
0.97676152
0.39321227
0.33913104
0.59752383
0.30878697
0.49949222
0.62386961
0.49355643
0.94067134
0.45709919
0.62014914
0.34883673
0.69441842
0.40046354
0.34492396
0.66219197
0.96198759
0.64189537
0.31278865
0.00614871
0.89670022
0.04334706
0.9749089
0.11935137
0.8182233
0.76782603
0.50104284
0.46466453
0.9798485
0.713164
0.54318524
0.86472929
0.70918786
0.08473454
0.30406257
0.96280503
0.18784882
0.86634281
0.40964857
0.1864607
0.71494046
0.68334919
0.3952878
0.75361923
0.75457347
0.27185809
0.07674757
0.92681329
0.19140466
0.11521689
0.51431271
0.27016052
0.64335841
0.0815422
0.19711739
0.86736467
0.53115198
0.87743417
0.48920705
0.82869485
0.33344104
0.79591595
0.4307382
0.33298443
0.39086468
0.0210494
0.09920871
0.62914973
0.92719678
0.16935896
0.90629699
0.36963915
0.46506469
0.37806244
0.19586985
0.01603154
0.0323544
0.62029294
0.33146772
0.65101737
0.78771264
0.20240732
0.57434137
0.35566438
0.63712
0.54225309
0.56440919
0.0529174
0.30567641
0.11119751
0.95776552
0.00783461
0.78362815
0.12142112
0.18141944
0.59992928
0.95448436
0.0575604
0.21723392
0.34193115
0.39015732
0.62093304
0.76354075
0.43069639
0.87225727
0.78129028
0.47780064
0.52754781
0.70488979
0.01355323
0.01490146
0.47701658
0.01114761
0.45852281
0.34642333
0.20875082
0.17740378
0.29005751
0.18946888
0.42258168
0.63861624
0.82692094
0.21957774
0.8863697
0.13772202
0.78506592
0.47630071
0.81900887
0.43313703
0.98721892
0.11860822
0.56613352
0.17313439
0.14138833
0.89161631
0.2776406
0.14876965
0.16615016
0.05564169
0.75377498
0.51786284
0.4298288
0.54108039
0.58190815
0.00183178
0.53376139
0.53659315
0.02304914
0.35559973
0.17713418
0.93299289
0.6687185
0.60027905
0.82658109
0.5098428
0.65666042
0.13525231
0.15521117
0.5964956
0.74388491
0.73426621
0.7918038
0.50287129
0.71291863
0.95627881
0.33991768
0.21831523
0.18953833
0.66719093
0.76864673
0.23962147
0.00090463
0.52100232
0.40798849
0.0123706
0.46378401
0.11477038
0.3541623
0.95635124
0.1963402
0.2066239
0.17034703
0.45116633
0.19545668
0.15208191
0.14010597
0.0900913
0.00510852
0.49099494
0.35305259
0.74658566
0.93538727
0.7999919
0.66168477
0.48165955
0.5737705
0.88141182
0.03992028
0.11953475
0.32640966
0.66076646
0.77480399
0.75540706
0.37285232
0.09494542
0.29297673
0.20760719
0.38278776
0.47540861
0.14225265
0.66492756
0.58151674
0.0359643
0.86092298
0.32674976
0.63055566
0.47671817
0.7449182
0.20608612
0.39228106
0.33865991
0.71567753
0.0087654
0.1662903
0.56195764
0.87434031
0.78676512
0.18736326
0.0969076
0.73568876
0.61099294
0.46494486
0.34709051
0.87830137
0.22495613
0.35488241
0.76302331
0.76426777
0.64541148
0.87331066
0.28788021
0.00724253
0.24064682
0.46235191
0.42088788
0.62202255
0.88389173
0.93346679
0.698948
0.86853641
0.04273659
0.36974311
0.8167446
0.3753323
0.3904124
0.81014082
0.71013182
0.21964348
0.04244949
0.20755765
0.44677023
0.86060115
0.85451825
0.07276255
0.5184846
0.36659351
0.93512889
0.6944575
0.39787048
0.32146965
0.26198772
0.03334492
0.18053882
0.98273476
0.12659123
0.18536793
0.0109145
0.35910249
0.89560081
0.33796233
0.43565513
0.40805531
0.35787299
0.96203836
0.89375962
0.52553746
0.74729695
0.68365362
0.33355373
0.31290807
0.66416234
0.70496029
0.76799001
0.90903972
0.94984808
0.63867864
0.66640116
0.15995043
0.76511427
0.91779054
0.6203622
0.29313754
0.45356857
0.77214904
0.914168
0.01258186
0.74723822
0.28046333
0.48164405
0.41441979
0.32038494
0.56732575
0.18498706
0.651284
0.69882569
0.75186925
0.5310979
0.98647939
0.25905452
0.66919713
0.34695217
0.16786544
0.4519553
0.86299967
0.03078825
0.56657505
0.95233841
0.46536272
0.3051228
0.94168564
0.54306932
0.58361515
0.73383101
0.96046684
0.87701252
0.1910441
0.79507761
0.43332385
0.8008612
0.76622577
0.03173333
0.05314408
0.48052474
0.81047773
0.40062924
0.78191129
0.54653196
0.70313034
0.88113719
0.8837313
0.14525187
0.47821414
0.53681041
0.76483918
0.3864608
0.82750951
0.62888259
0.98454101
0.54608803
0.04827262
0.13843031
0.86543225
0.32042
0.80919788
0.52581577
0.3696015
0.49858511
0.64427732
0.13079467
0.60385844
0.66377113
0.47396766
0.30873295
0.77816309
0.1659859
0.06878737
0.9796215
0.56136667
0.42689555
0.22841531
0.43487674
0.44897379
0.32651926
0.15020319
0.64222314
0.06385181
0.781415
0.52435187
0.72873343
0.31910974
0.08003714
0.95118404
0.23691753
0.76024871
0.48951448
0.75291978
0.00163019
0.96286496
0.58086788
0.15374498
0.54051632
0.88018462
0.60327984
0.62580938
0.27373196
0.6514222
0.48328367
0.07701627
0.04843508
0.21626491
0.17901403
0.48207694
0.87401454
0.97509911
0.8488488
0.02887216
0.66642527
0.74533557
0.46210639
0.19283329
0.20708274
0.51299394
0.37513784
0.57773577
0.01388391
0.63141933
0.56624793
0.7649008
0.0382855
0.53314137
0.76384602
0.83690551
0.40215864
0.64956049
0.82247538
0.29949254
0.14673759
0.37728116
0.14659184
0.7509913
0.63485252
0.07380372
0.39942721
0.688149
0.34388851
0.02861429
0.95562116
0.98352082
0.55486033
0.89231741
0.91245838
0.37204071
0.75601935
0.97280588
0.46529383
0.36006585
0.75027036
0.48345475
0.20794657
0.32132441
0.76819291
0.87961643
0.7634206
0.2716758
0.50591827
0.09046591
0.02937495
0.83984457
0.68339621
0.2469606
0.30670253
0.61686699
0.17767199
0.48841441
0.63285789
0.41149287
0.1463712
0.76653432
0.01931968
0.33894507
0.2675715
0.28403561
0.69363965
0.61901638
0.03495001
0.90467175
0.03853095
0.86070417
0.92599138
0.52732194
0.39638544
0.56573473
0.7415778
0.5168289
0.51398531
0.93516194
0.78855503
0.61601892
0.8207222
0.51170663
0.71581595
0.02377051
0.47663529
0.21294781
0.4676996
0.57512315
0.54197419
0.32677513
0.57102149
0.00278016
0.77343336
0.04617738
0.22519208
0.77112759
0.74287696
0.87606716
0.27474339
0.48007652
0.21417362
0.71686812
0.5369939
0.80719629
0.71481919
0.3937324
0.27476542
0.35326131
0.58232445
0.55784558
0.24884434
0.18838051
0.35912391
0.62961355
0.40688753
0.17314302
0.83205433
0.01944283
0.75255568
0.82489251
0.19419888
0.86708158
0.74256123
0.49835591
0.62601951
0.36834352
0.70537273
0.77063388
0.11873982
0.28947008
0.17499469
0.96565113
0.80401334
0.09525307
0.56980932
0.4629731
0.42563295
0.70691802
0.4894825
0.79815712
0.4914798
0.33865785
0.64031423
0.40826389
0.12692896
0.50961946
0.60832101
0.48405053
0.03168838
0.18823024
0.87998175
0.06097925
0.57308629
0.26301819
0.70371545
0.76823332
0.71501267
0.61533945
0.55685002
0.97543428
0.5579166
0.82386877
0.03498119
0.79164071
0.71743983
0.01170114
0.02792437
0.08233951
0.5464062
0.3978621
0.77333761
0.66622079
0.92674869
0.38777595
0.68013606
0.80611424
0.4999692
0.01762691
0.63566812
0.26051552
0.41325996
0.18019419
0.90034179
0.14761345
0.14439811
0.83398813
0.06447945
0.64057809
0.81456628
0.55770493
0.95434716
0.65955282
0.71473593
0.51288129
0.93282969
0.11206665
0.14611757
0.74894791
0.96994626
0.64109389
0.67074859
0.51823815
0.05413374
0.57826785
0.03834226
0.59483446
0.15961923
0.02002103
0.83714664
0.87553844
0.2489868
0.92555136
0.83303691
0.88002419
0.4657775
0.90983751
0.05793108
0.09380567
0.2320791
0.93717305
0.05740453
0.44521261
0.78868886
0.96215691
0.29518225
0.89470632
0.0472028
0.25549867
0.85857249
0.03754166
0.88573113
0.30431929
0.65305249
0.7438493
0.96364384
0.08075828
0.334089
0.27004168
0.78039588
0.07917873
0.75959649
0.87045907
0.32702829
0.8202868
0.80761831
0.37492856
0.61346357
0.95266133
0.62107106
0.68617855
0.95799427
0.299533
0.06866354
0.83759858
0.237982
0.92306961
0.63981083
0.34247326
0.95248324
0.69128553
0.54129552
0.20158042
0.47082192
0.07482088
0.31439689
0.83038238
0.59455858
0.92358287
0.08218212
0.63431111
0.84370306
0.14273944
0.61649954
0.14631934
0.39931705
0.74545132
0.96725471
0.02838878
0.6096433
0.90610446
0.64344228
0.17237589
0.03269247
0.07986537
0.19651265
0.00326747
0.59083897
0.85989877
0.45900286
0.82595283
0.91358008
0.18541705
0.01072315
0.87579379
0.42620112
0.29227301
0.66168457
0.25553258
0.47642808
0.1531381
0.31829652
0.09680885
0.26722411
0.13830559
0.06701976
0.07211121
0.28009892
0.6823279
0.38260469
0.85573367
0.55496914
0.0583787
0.14573115
0.4260143
0.16764294
0.08185895
0.38055162
0.8257014
0.23141442
0.42457556
0.76768212
0.49261117
0.06671466
0.68328806
0.72332564
0.22354217
0.63224133
0.17339215
0.91587963
0.36861971
0.60059598
0.06742611
0.04112025
0.57230653
0.85338234
0.73247873
0.70176017
0.20926913
0.22173865
0.98424811
0.36550253
0.29509352
0.6567701
0.31911489
0.58138732
0.1202239
0.52611766
0.00929492
0.89126228
0.70658842
0.77680277
0.56018721
0.65806418
0.36958113
0.96316012
0.88358712
0.36761885
0.26897021
0.33566583
0.51780081
0.36799273
0.54910017
0.01877706
0.5788959
0.61172777
0.15971781
0.79741517
0.28997578
0.63787372
0.81830612
0.70971062
0.90432848
0.36391849
0.69601142
0.62152417
0.15067209
0.57637363
0.27781037
0.76847045
0.80621482
0.56010856
0.60446062
0.1194185
0.24682869
0.84885548
0.24974481
0.26797923
0.12326603
0.05006836
0.90412047
0.55002141
0.53066284
0.19977509
0.04821562
0.84267167
0.45945546
0.9154428
0.38397013
0.76539392
0.4711827
0.90740798
0.68270799
0.29744254
0.63550677
0.4370496
0.69761199
0.06702785
0.0784976
0.27860906
0.56249806
0.2048266
0.41914945
0.8889789
0.30930939
0.1466882
0.20893532
0.85478407
0.98571452
0.54231412
0.39143518
0.09739549
0.35178082
0.4969527
0.75896592
0.80944221
0.47420596
0.47176461
0.426896
0.89874777
0.69080841
0.30425592
0.63473604
0.5746907
0.1357193
0.69745033
0.6462309
0.51452437
0.29158008
0.58095041
0.30016825
0.43395924
0.7765567
0.14778286
0.69691385
0.46528097
0.6635966
0.67156427
0.67513412
0.79214124
0.19900956
0.21350424
0.83144088
0.81922829
0.52345432
0.64762851
0.32734257
0.80108842
0.95799898
0.8490705
0.9424799
0.61249834
0.09381869
0.45515976
0.40273247
0.23469494
0.5732381
0.90747286
0.44269595
0.11707404
0.90226301
0.46743786
0.49714697
0.3703629
0.44568926
0.6073741
0.5110257
0.44868581
0.81473909
0.97969234
0.12583118
0.1235904
0.88181753
0.05624384
0.53610531
0.92105888
0.17096132
0.58844189
0.8692385
0.01869425
0.55333259
0.10742651
0.94645725
0.4398185
0.43294559
0.5674016
0.02415101
0.34054685
0.22180134
0.94929104
0.90203666
0.87431014
0.47080258
0.28425737
0.29690267
0.81928714
0.98251722
0.79259721
0.54611096
0.12058895
0.24340597
0.67251717
0.65847567
0.28307815
0.38696344
0.07616275
0.27658333
0.56580311
0.2952115
0.97321841
0.68743725
0.06261431
0.52629067
0.09453724
0.61379002
0.05021716
0.3218996
0.30994412
0.02657771
0.64803207
0.63654781
0.48440888
0.48090684
0.75622945
0.31660327
0.19085532
0.03284527
0.9021538
0.27614877
0.11107024
0.35946042
0.64817228
0.04024588
0.90589528
0.8855601
0.68064042
0.61126562
0.90209542
0.13457228
0.12170435
0.19618377
0.82554428
0.90697157
0.8158092
0.0381957
0.26200077
0.3627854
0.28576319
0.45891615
0.36584807
0.63179696
0.91798317
0.98165803
0.39871544
0.97982733
0.96752603
0.26409463
0.18780438
0.97643909
0.4413646
0.79720319
0.0048547
0.52621163
0.03028342
0.94925478
0.07361217
0.60612799
0.0686711
0.8180715
0.91049146
0.22930879
0.24574546
0.35945882
0.01181238
0.28214897
0.77060022
0.88507865
0.15272643
0.23546426
0.79160566
0.65811827
0.03863932
0.70907806
0.06263631
0.24947282
0.38600492
0.09322839
0.08578918
0.16387061
0.94336704
0.90766685
0.6758504
0.81858546
0.44378494
0.31893863
0.84547539
0.59736762
0.97332582
0.5697764
0.15558747
0.65180429
0.37746593
0.36783867
0.03481065
0.50825985
0.87508154
0.00644519
0.49660355
0.5773651
0.97548023
0.13702193
0.20132955
0.21199821
0.80935829
0.94480315
0.98416926
0.78443655
0.56011975
0.26086499
0.20664001
0.52048683
0.44694794
0.72727904
0.23084338
0.49378329
0.28235484
0.85864801
0.18789833
0.67074122
0.16363053
0.19974309
0.93575678
0.04912818
0.74920598
0.78329903
0.76779308
0.45833821
0.29356448
0.86982935
0.69935212
0.68015851
0.93805939
0.14099582
0.47174022
0.33662637
0.26245775
0.03512737
0.83129942
0.01402244
0.62542132
0.47677788
0.72591229
0.84672828
0.92219302
0.4359788
0.32942558
0.52114916
0.58114884
0.6871922
0.97603731
0.70106896
0.47643128
0.52595361
0.06679189
0.32046755
0.98810132
0.87742147
0.77967911
0.19486626
0.48233505
0.47991466
0.82421332
0.00885294
0.82367127
0.1215861
0.87049524
0.95330658
0.08574089
0.35000485
0.3162767
0.8413555
0.73759552
0.04658679
0.01168224
0.16330494
0.04065892
0.24888699
0.19184602
0.07334394
0.18173119
0.44112155
0.47315998
0.72299518
0.38059865
0.56589797
0.74868154
0.68578547
0.69437781
0.04856634
0.37036073
0.01107297
0.82703279
0.39552333
0.66510738
0.14078132
0.55306578
0.59989606
0.7367738
0.35655403
0.81651735
0.01156389
0.19940658
0.27446865
0.66547205
0.44728573
0.21635888
0.79735084
0.42875989
0.16273894
0.36594781
0.95434259
0.11010566
0.64136054
0.35167585
0.26883309
0.77463537
0.80120378
0.11293597
0.63312108
0.59719507
0.69128039
0.05918693
0.66239322
0.35223297
0.651776
0.57645566
0.9412172
0.3091688
0.59915282
0.6736713
0.13483645
0.34568647
0.50339719
0.02447192
0.27857309
0.12917808
0.72683276
0.45663603
0.70457082
0.24632593
0.07023416
0.47965625
0.84993134
0.51865109
0.60290115
0.64462466
0.23415057
0.5432279
0.79861464
0.20334138
0.96248663
0.23810384
0.39608522
0.20587441
0.72964655
0.55414369
0.12361871
0.93899686
0.67638229
0.67230918
0.68747579
0.90786467
0.09403341
0.32517605
0.87215091
0.76457649
0.11705984
0.12200699
0.74181217
0.75249496
0.01241124
0.30418386
0.68862851
0.8053217
0.09521725
0.01291124
0.63955701
0.07650574
0.16599187
0.25123017
0.31207969
0.79541455
0.54738198
0.30916858
0.61436004
0.15383355
0.24219969
0.16737293
0.13875161
0.71881104
0.94883904
0.01884295
0.59771393
0.72941203
0.47617588
0.54481388
0.9585285
0.6938793
0.60459214
0.73667918
0.42544588
0.55954343
0.24394445
0.68724727
0.41611022
0.20393262
0.60278046
0.0570254
0.9434057
0.04207611
0.90146178
0.0246372
0.74329785
0.94395789
0.21155225
0.96471576
0.20937652
0.65126451
0.67654825
0.29913972
0.6516956
0.93128124
0.50564607
0.93798272
0.67678752
0.12895443
0.1042522
0.17442549
0.58444671
0.3298405
0.44902091
0.24969399
0.21674507
0.02619655
0.98624539
0.14910877
0.13870874
0.39626052
0.36610548
0.71125438
0.68053019
0.20578481
0.75015278
0.32946717
0.74299777
0.17673134
0.37715685
0.24270206
0.15568425
0.31039892
0.9644048
0.74068536
0.2348846
0.59325197
0.5976747
0.83869701
0.25944635
0.14079925
0.52329585
0.80113898
0.42552589
0.02747303
0.70619905
0.50716517
0.33190708
0.8667637
0.81761763
0.44968895
0.24844399
0.30934548
0.81722771
0.23583246
0.50444556
0.59401402
0.53064682
0.37310365
0.61191584
0.58777506
0.81848239
0.10109992
0.02459474
0.84063503
0.07037058
0.78237229
0.71138086
0.35988539
0.45450411
0.3700769
0.39773804
0.21888998
0.23809336
0.39718198
0.35574918
0.02099216
0.90281243
0.39170727
0.85884908
0.71810982
0.73236482
0.9808846
0.22294088
0.57725925
0.42113703
0.08920125
0.60349233
0.55525928
0.45420601
0.10064604
0.20807139
0.03109735
0.1362863
0.87493142
0.43978198
0.16580747
0.08048709
0.74663832
0.1382718
0.48646496
0.87428863
0.01214178
0.13800885
0.52546472
0.90071547
0.76813686
0.39469484
0.06591106
0.71002494
0.31727843
0.30220691
0.55567686
0.61072071
0.49896727
0.81581038
0.97494264
0.02609889
0.93880209
0.75396539
0.60014395
0.19182825
0.95541526
0.60501513
0.93145251
0.28279539
0.94780675
0.02580509
0.23158984
0.71664958
0.12716443
0.74234526
0.5662382
0.89224623
0.70807314
0.91194689
0.66890402
0.95265899
0.53709639
0.03942337
0.2163187
0.03949543
0.48425172
0.83787512
0.48626473
0.74753166
0.0773303
0.49085409
0.26053153
0.92031043
0.54915804
0.50605921
0.50816382
0.91309056
0.35965343
0.38031552
0.21479434
0.92479758
0.05832711
0.71531452
0.81965849
0.97361607
0.8994004
0.05708778
0.96053342
0.24178303
0.37279096
0.24940492
0.32171411
0.66818239
0.69645769
0.56734743
0.33067102
0.0315981
0.88617487
0.92979148
0.51339944
0.8192884
0.93611259
0.54422405
0.63891263
0.98134181
0.49686179
0.50789236
0.53438141
0.24806251
0.91356131
0.18731058
0.85600498
0.12384459
0.42126827
0.21953269
0.07302015
0.48370251
0.79111238
0.71295087
0.8915925
0.70327955
0.38257165
0.7337213
0.46396763
0.60707399
0.54085633
0.13005381
0.47676798
0.49001421
0.50346014
0.67529581
0.91427734
0.4488732
0.68002923
0.89022981
0.0521885
0.72300257
0.79497552
0.68283987
0.17698732
0.21724642
0.56832287
0.05384676
0.88885169
0.22566458
0.4650233
0.79936268
0.40976191
0.08617382
0.43137391
0.72561455
0.00027077
0.3847005
0.30642184
0.273147
0.94353448
0.51558627
0.76042904
0.09048441
0.74240555
0.66923914
0.85731775
0.23198545
0.46186643
0.46975668
0.60428761
0.73131068
0.87917245
0.61105793
0.17695462
0.55579426
0.61055615
0.47430648
0.57390554
0.98277801
0.89255568
0.91119149
0.18158243
0.90195864
0.11077427
0.10657775
0.42953861
0.43610404
0.6858081
0.78212453
0.86628921
0.54864822
0.80650057
0.62158207
0.16316361
0.62828196
0.90144928
0.00432542
0.15646929
0.93520692
0.85772527
0.06738458
0.49172408
0.06701746
0.51706085
0.54402013
0.27539446
0.59849482
0.1680974
0.9530414
0.27009934
0.03240873
0.2804833
0.24799497
0.0798423
0.55845656
0.05376336
0.26733479
0.32192099
0.09225032
0.82547329
0.54481057
0.18853168
0.49455848
0.6499455
0.54884412
0.13439134
0.96573984
0.62522906
0.9341864
0.10624439
0.65460557
0.34577043
0.82151751
0.68545838
0.47768059
0.04041748
0.184952
0.23311899
0.2450799
0.65956818
0.35837261
0.54354292
0.01579879
0.29426159
0.60352118
0.13612571
0.16933093
0.24323714
0.40280677
0.27124764
0.51223925
0.67076602
0.24165393
0.28981689
0.71112623
0.33450088
0.06267052
0.76831859
0.22854029
0.13586466
0.92147719
0.38458556
0.25639129
0.53354636
0.00960849
0.7711773
0.79632822
0.17605346
0.90247736
0.98865445
0.37618626
0.55287383
0.80112903
0.06184016
0.19619041
0.37220658
0.61282064
0.07460751
0.19448601
0.68459988
0.01166003
0.59941464
0.54313403
0.39100984
0.25362996
0.13393803
0.17036952
0.06894754
0.48470782
0.60620567
0.97014986
0.51747296
0.76395472
0.52602899
0.39100268
0.71585926
0.65458933
0.26820162
0.780703
0.79692064
0.45695694
0.92283484
0.52775816
0.41804441
0.94100205
0.3233426
0.24571295
0.70937623
0.40195953
0.21141151
0.9223837
0.41358633
0.69371144
0.88413902
0.64917698
0.73786543
0.19093945
0.00650701
0.36181146
0.74145413
0.65764501
0.49288399
0.08928395
0.69553428
0.08425159
0.81722845
0.00320756
0.18337408
0.67442315
0.08687717
0.4826096
0.42949034
0.27606598
0.71094989
0.1533037
0.58870212
0.44183937
0.98510933
0.96699108
0.75863439
0.67005751
0.8746778
0.17812743
0.03304088
0.22418744
0.49108313
0.96611034
0.86774783
0.23641626
0.59591173
0.47784213
0.9315537
0.42047094
0.34259608
0.54112095
0.69509403
0.78577374
0.01594042
0.18280476
0.69948791
0.28682645
0.44534915
0.33033432
0.91819989
0.64438804
0.71180774
0.856718
0.71328282
0.51996783
0.34556027
0.75524501
0.2942636
0.40651187
0.48742956
0.12093339
0.84483495
0.297183
0.94906231
0.95345181
0.13339551
0.11986155
0.2637719
0.37555439
0.66303634
0.12283024
0.04362565
0.48875755
0.71135496
0.14931074
0.85126711
0.30702658
0.38786428
0.05800405
0.17348335
0.42986783
0.70633846
0.75962969
0.67478783
0.0177532
0.47562166
0.64297151
0.18250967
0.83981869
0.22889702
0.29303776
0.72836793
0.13856141
0.35440954
0.95036357
0.87062146
0.45585048
0.06998704
0.92816236
0.84266833
0.62036735
0.34376438
0.48015819
0.87031888
0.44990643
0.76904591
0.90572509
0.19259977
0.92004003
0.10576354
0.10235236
0.74714247
0.24853697
0.17198847
0.50365194
0.57734023
0.74376651
0.97242247
0.40732879
0.14273982
0.33228151
0.93592477
0.91327875
0.60300178
0.80556223
0.90739895
0.3875386
0.48141649
0.80262994
0.28180052
0.90772278
0.67064251
0.35229994
0.45787491
0.00356964
0.91590528
0.31720318
0.39657855
0.66081337
0.3112821
0.72597637
0.984857
0.6126149
0.6985567
0.7665641
0.45809415
0.65786377
0.61637072
0.10431333
0.65915142
0.2555533
0.96573426
0.21125594
0.23540101
0.33326685
0.42936424
0.00701719
0.89440606
0.27560406
0.69402759
0.76284461
0.63393201
0.5693776
0.29745282
0.35112407
0.35276881
0.71838671
0.38769352
0.87187423
0.17967243
0.44049349
0.50351624
0.24632837
0.33169925
0.09080263
0.19190679
0.59004956
0.10459365
0.30473267
0.86045017
0.85546096
0.79588385
0.74607282
0.94185154
0.50277675
0.65682373
0.84292409
0.60959543
0.00822097
0.15815634
0.22753757
0.04987391
0.91479835
0.30740369
0.44881193
0.57143054
0.45228305
0.34363533
0.4427894
0.04182879
0.59105049
0.85060552
0.65881064
0.45386526
0.89282939
0.14006679
0.58190154
0.67094642
0.40871167
0.03719748
0.75726559
0.11419429
0.5099403
0.89039314
0.28098429
0.0829688
0.50569732
0.49128203
0.30095279
0.78436689
0.82378507
0.58464522
0.12972427
0.45833335
0.32770829
0.52795435
0.0840323
0.65751773
0.34885481
0.3775264
0.51971903
0.11458708
0.44677414
0.76658332
0.09419819
0.68508034
0.53355989
0.00072307
0.31275431
0.27462322
0.9743857
0.31937954
0.04155842
0.7546624
0.0777583
0.51249384
0.8917922
0.79684357
0.27909113
0.57397062
0.38088569
0.68954541
0.41208325
0.58366638
0.02983013
0.51012845
0.83955974
0.76054138
0.53099139
0.79915875
0.25424806
0.68943252
0.82253495
0.72886775
0.22567583
0.52639507
0.84768855
0.08199429
0.33888874
0.49580499
0.32460372
0.55183563
0.59295529
0.11043849
0.28159433
0.67784344
0.30577582
0.91432175
0.11617232
0.97471672
0.66574585
0.88186381
0.85591391
0.55319804
0.93484021
0.87561399
0.58460343
0.69326783
0.58677512
0.49555877
0.41600921
0.14092444
0.22385563
0.30500348
0.57601494
0.7235814
0.23134186
0.8857988
0.50057436
0.34230751
0.59358289
0.20566215
0.82603907
0.21602809
0.55076241
0.57514902
0.8320158
0.20946941
0.84105947
0.4942661
0.11805608
0.84792286
0.92822893
0.22638575
0.08224845
0.04327907
0.70748407
0.30552005
0.80001017
0.05301461
0.77883243
0.06082941
0.71392207
0.08564212
0.40466414
0.07979238
0.61911897
0.34621043
0.00312366
0.41268029
0.82202034
0.97640637
0.67177147
0.97847926
0.61093789
0.6685725
0.48306466
0.43882469
0.17889333
0.46825515
0.8564536
0.49808679
0.11147472
0.09840699
0.58052866
0.79567135
0.72002221
0.24963714
0.10664034
0.86250535
0.85150861
0.50911376
0.36215688
0.69081029
0.72102716
0.98582572
0.20036678
0.90848212
0.45426953
0.4778198
0.66448205
0.8354999
0.97891241
0.72378194
0.38704939
0.54187244
0.18238169
0.68544382
0.36286121
0.48084521
0.63183386
0.09313104
0.55266325
0.21638187
0.81042802
0.12819255
0.21443224
0.33182923
0.92543735
0.39071378
0.09971099
0.3789796
0.65008422
0.2710761
0.34828408
0.88168084
0.35716356
0.93245786
0.70751422
0.85156429
0.07460374
0.79782537
0.73053706
0.705785
0.91317543
0.50985448
0.56231442
0.12289723
0.90426101
0.26459492
0.97948552
0.09525746
0.3238524
0.29122893
0.74115214
0.20759046
0.26159778
0.53018568
0.61934393
0.13140333
0.73083013
0.48844242
0.08122895
0.85570632
0.31842858
0.92292477
0.29510838
0.05573711
0.51760857
0.67058377
0.24443836
0.43739235
0.38939002
0.01888248
0.8738407
0.46988468
0.59428376
0.17955985
0.29378748
0.42664006
0.01264342
0.05218101
0.84519148
0.34970147
0.02257287
0.43594545
0.54717057
0.18542876
0.59630032
0.33849652
0.21228686
0.63749219
0.83132307
0.29546481
0.10569613
0.37427679
0.80538062
0.55856773
0.57680796
0.23950169
0.15518628
0.94677586
0.23280616
0.44208175
0.15258993
0.81336045
0.43829309
0.6618836
0.98859708
0.08059686
0.45246914
0.63923979
0.41485894
0.58945399
0.21296555
0.60814445
0.54439828
0.6389281
0.89599266
0.908752
0.33894093
0.88725505
0.26708956
0.7368927
0.20940367
0.38604752
0.00901894
0.4482447
0.29304783
0.05387081
0.83638784
0.65388148
0.14063681
0.34754852
0.56913776
0.07401681
0.23847872
0.28880152
0.03578938
0.87483693
0.72752552
0.27464564
0.16004255
0.8315506
0.85217616
0.89605753
0.01044512
0.53923523
0.71111305
0.08347706
0.82586962
0.10031927
0.4566654
0.01284724
0.87494067
0.2225634
0.51603613
0.96154359
0.78201182
0.98538709
0.58450597
0.38256738
0.91758088
0.74628894
0.49466221
0.98649942
0.19390283
0.07091348
0.69695004
0.15647381
0.51640515
0.42100745
0.10311413
0.20187178
0.83517638
0.37511218
0.07505461
0.32572335
0.41426873
0.62954939
0.09870281
0.3047876
0.41523625
0.51388094
0.4214632
0.53323944
0.84973967
0.46823009
0.08231588
0.27911104
0.65252688
0.00165179
0.98934648
0.48001294
0.03765973
0.04808178
0.69913608
0.36190699
0.21527424
0.48595061
0.38719955
0.26119374
0.5999834
0.10031978
0.23151144
0.18115916
0.54776937
0.30870917
0.38443927
0.7730973
0.09821991
0.00947802
0.47741349
0.85848093
0.92838274
0.8444441
0.00520769
0.55222833
0.85267465
0.48843826
0.3124126
0.54678514
0.75066834
0.97992928
0.83448254
0.56837614
0.85737194
0.63626043
0.44960716
0.7145423
0.87604495
0.8375963
0.76409676
0.97056
0.08490854
0.63185697
0.80712924
0.69721123
0.32972857
0.86031968
0.56066607
0.65225862
0.32325549
0.51806854
0.90431951
0.15612443
0.9474051
0.91202528
0.27046366
0.63602889
0.41083074
0.98244303
0.73090681
0.84669363
0.83244495
0.94398408
0.78781192
0.26545232
0.81954901
0.93661117
0.53426673
0.90463802
0.94736994
0.15825048
0.00488233
0.27778584
0.44216524
0.10229173
0.86201663
0.01725879
0.57210597
0.88116132
0.80629448
0.0029713
0.9452916
0.40897299
0.36279188
0.3508262
0.6246374
0.52748158
0.96062666
0.35435766
0.48855105
0.00245474
0.04179386
0.91628439
0.42133806
0.38519249
0.06663812
0.07750862
0.80354756
0.51210005
0.53003106
0.31944313
0.52000755
0.83942639
0.28627301
0.8127024
0.08225227
0.93413604
0.37190373
0.54838122
0.56355158
0.59833526
0.97824681
0.35181494
0.64648696
0.00895765
0.48368287
0.12154373
0.80857104
0.23598035
0.00936622
0.31418298
0.84210396
0.15998729
0.10252536
0.63429308
0.3539419
0.77808563
0.06486406
0.95583717
0.4088427
0.65367813
0.10397697
0.56033831
0.67055893
0.65267398
0.8096741
0.19482552
0.52814189
0.32129195
0.49278745
0.49596451
0.67910146
0.42903753
0.92249264
0.76847524
0.77197411
0.66356529
0.33460302
0.35304073
0.76696331
0.66576466
0.27781184
0.25354946
0.17745264
0.74349684
0.70481561
0.66558665
0.10986661
0.63104779
0.96833671
0.8414029
0.94573279
0.02924186
0.79236335
0.72471544
0.27378635
0.58715376
0.78564173
0.76210824
0.09400136
0.82458474
0.36000749
0.54528496
0.7514575
0.07655453
0.88218184
0.74137723
0.86791377
0.49990086
0.78117911
0.61959254
0.00842189
0.82445494
0.07060735
0.63982706
0.89495927
0.07876634
0.14668326
0.23731064
0.48157113
0.0700935
0.74501107
0.84999003
0.84575734
0.93469318
0.43897032
0.405222
0.08871345
0.65235409
0.84517848
0.28253724
0.49372765
0.83927675
0.46385106
0.3586417
0.74855821
0.82504025
0.7466599
0.70915793
0.73268543
0.59383187
0.01113639
0.94896284
0.96835987
0.92929656
0.06305715
0.83364467
0.45327067
0.57788967
0.32335346
0.74309401
0.15186911
0.06290945
0.49863686
0.46091279
0.04728351
0.47419182
0.00174174
0.35378148
0.78057139
0.86679281
0.59076517
0.98166912
0.79558078
0.9370955
0.92645732
0.23998668
0.62275841
0.96275628
0.08172657
0.43706317
0.1394181
0.82969622
0.17287357
0.37286394
0.95341981
0.37876213
0.09482105
0.68408077
0.91422466
0.98044687
0.18824827
0.93288529
0.95807399
0.37605611
0.63544827
0.68987644
0.10055092
0.34667823
0.03551497
0.08383633
0.6944402
0.58238078
0.61131578
0.9216297
0.38706444
0.15569477
0.16651874
0.39291855
0.6708547
0.16627735
0.12495311
0.25717988
0.38939459
0.97494332
0.36611762
0.42069699
0.86922076
0.86689129
0.60500012
0.58661351
0.42654761
0.14528254
0.42394718
0.80086991
0.67610164
0.09777284
0.12481128
0.82356111
0.93442413
0.21746583
0.56504105
0.62847911
0.55710883
0.26168709
0.71400451
0.9601769
0.72052879
0.33511159
0.07081577
0.48423692
0.87491079
0.43665687
0.51251864
0.08140126
0.1083783
0.5447957
0.80027319
0.74995148
0.12303516
0.23838122
0.47981765
0.01669469
0.81049275
0.49220513
0.81343555
0.8616926
0.53364798
0.05639748
0.65495984
0.42603258
0.44195405
0.29377106
0.11165852
0.16273517
0.84386913
0.15664681
0.8373566
0.55350322
0.1730186
0.87284152
0.43866993
0.13100049
0.47839986
0.26124623
0.02641328
0.79514609
0.44499058
0.78599757
0.97506947
0.00973273
0.68484909
0.92724917
0.52102299
0.15996731
0.98788509
0.71982275
0.87847082
0.94896511
0.50736016
0.4776132
0.05733094
0.97774534
0.85158357
0.52860476
0.90439941
0.66980529
0.51067543
0.80419525
0.25337439
0.52380847
0.63545309
0.61533026
0.52963799
0.64875383
0.96195569
0.62126346
0.00521648
0.76607317
0.73747549
0.72623266
0.19484644
0.74225417
0.98156493
0.29358059
0.53636876
0.52857029
0.65028309
0.87980197
0.49278038
0.02963895
0.59935668
0.77955329
0.16008801
0.72253477
0.03759308
0.94076654
0.73546975
0.15267229
0.95928226
0.23417286
0.51743006
0.03004567
0.74622864
0.17314011
0.87582639
0.43528076
0.36574215
0.689589
0.60314431
0.6368139
0.51842827
0.63450456
0.80402365
0.1582868
0.33039614
0.75306117
0.15182469
0.8727643
0.52280537
0.8839657
0.41464658
0.58845555
0.95118642
0.52118904
0.51705556
0.23012688
0.48110094
0.15564834
0.40658378
0.56049843
0.60971834
0.88108399
0.06643724
0.25006761
0.56996996
0.51606004
0.98497917
0.63869172
0.27285999
0.38663118
0.57172888
0.22557163
0.84815205
0.44698811
0.60906358
0.4265557
0.03841439
0.72729331
0.04633075
0.34299908
0.82844991
0.67669308
0.95695259
0.81944726
0.28983144
0.04755182
0.83691956
0.90918857
0.00764299
0.48033498
0.33917147
0.26858552
0.94051525
0.93714293
0.48314236
0.76328158
0.56325425
0.87582943
0.79480847
0.52312492
0.76954616
0.52360489
0.58317172
0.75808388
0.15602375
0.7888485
0.73727133
0.17412445
0.19893191
0.6256157
0.22356883
0.95870931
0.22405876
0.55261038
0.05959509
0.27604841
0.62991326
0.58912803
0.20567366
0.77587759
0.38619613
0.6613073
0.51510476
0.26136368
0.7941907
0.51335465
0.45178174
0.93420886
0.46256851
0.06427173
0.41298751
0.70189899
0.47100474
0.97390519
0.35774769
0.08282458
0.15660201
0.43248748
0.81715662
0.90676154
0.53634965
0.38458734
0.03549644
0.31825304
0.29308854
0.1173525
0.48971911
0.23928472
0.29541272
0.48375185
0.03094081
0.16817019
0.42452807
0.36639406
0.65251231
0.26636074
0.19736651
0.70902918
0.82108432
0.55935877
0.30988527
0.67868317
0.56900491
0.08211335
0.58692953
0.09969938
0.77721445
0.53939098
0.79042327
0.93613122
0.3981483
0.76811133
0.43852826
0.07059146
0.52315075
0.36791218
0.58901588
0.84671713
0.09766341
0.53719496
0.83773732
0.76772128
0.07845974
0.80550802
0.95758668
0.40434913
0.23198084
0.44594797
0.94679291
0.23441544
0.73148183
0.94563175
0.03122972
0.6871719
0.09647786
0.78481149
0.21272167
0.21638895
0.01984923
0.87691007
0.39250424
0.52014801
0.46896259
0.38321449
0.0637329
0.08332483
0.1615484
0.95956542
0.95406851
0.76279878
0.52580457
0.33493794
0.06082968
0.65369147
0.38973827
0.26207707
0.27366112
0.75062398
0.45783651
0.49172024
0.19231189
0.04911034
0.54596511
0.97421193
0.69227709
0.47785048
0.61674696
0.70514023
0.90917783
0.45321809
0.0979884
0.6663631
0.89295506
0.24961179
0.43695773
0.4435206
0.3191156
0.39085691
0.40191497
0.83038796
0.56213997
0.04661328
0.58524944
0.0285956
0.31468463
0.75863642
0.61936952
0.87118693
0.43544758
0.77272603
0.33129543
0.58095912
0.2903042
0.31429588
0.08153021
0.87003979
0.6936576
0.81479004
0.60857914
0.68827187
0.78878396
0.92929214
0.95484711
0.81506455
0.47350847
0.89141972
0.06266366
0.56298375
0.58618391
0.00565728
0.83036907
0.78603475
0.52114526
0.96518057
0.12392813
0.66759827
0.29740432
0.8740576
0.37091044
0.93573259
0.79743817
0.71648799
0.44369816
0.33505063
0.35752349
0.61903601
0.27578473
0.23021052
0.42873904
0.55315302
0.31041366
0.66664097
0.26553942
0.46752482
0.65097559
0.87920395
0.20541321
0.61153305
0.35471562
0.28429588
0.03740558
0.32794013
0.5714366
0.40138961
0.00317648
0.51993465
0.4869908
0.73153823
0.94895441
0.36808056
0.81031272
0.12163201
0.28502133
0.6314436
0.00466035
0.63629218
0.43800456
0.79864918
0.16958535
0.30035257
0.50732532
0.69322558
0.9068865
0.21450617
0.97858715
0.30752066
0.33969275
0.42196546
0.00731952
0.94154627
0.19336982
0.53836799
0.1599148
0.02830769
0.16812328
0.79807466
0.58439846
0.82783154
0.84656032
0.35894792
0.03374723
0.66599017
0.48672993
0.52608587
0.91664077
0.15781944
0.55968294
0.87548942
0.76416293
0.7947724
0.25777487
0.55485342
0.98082136
0.60404297
0.36808698
0.64271482
0.63997773
0.12013656
0.91139691
0.12631106
0.89145325
0.14428338
0.53851998
0.1105374
0.22958014
0.53801047
0.97876364
0.58973986
0.47407774
0.54814341
0.73653868
0.17299009
0.05221691
0.60398316
0.71328012
0.11646965
0.89189963
0.46149178
0.90995827
0.86522547
0.28442127
0.4000025
0.68960783
0.03016672
0.09264042
0.9702893
0.17457342
0.46723171
0.12239788
0.68181994
0.90889544
0.34715956
0.46646457
0.20059464
0.9631016
0.14813822
0.87283204
0.7732017
0.68503288
0.25840221
0.0210446
0.56134465
0.21710769
0.4948606
0.51406041
0.04520261
0.80119052
0.94647716
0.25482031
0.46995035
0.83166442
0.96337133
0.84830221
0.61795444
0.76411737
0.93005466
0.14130896
0.43895125
0.93877091
0.28786546
0.01987999
0.83895759
0.11708216
0.43751473
0.8426457
0.12703384
0.70875395
0.82965988
0.46274141
0.11092459
0.43837009
0.59152691
0.73062058
0.08258841
0.181996
0.68734421
0.67814615
0.48466637
0.49124384
0.48780501
0.6520686
0.48429973
0.2087232
0.05297717
0.66363792
0.5700948
0.11861631
0.74174991
0.83194804
0.82831253
0.72849993
0.94362881
0.1677877
0.44883534
0.50165303
0.18776838
0.11855891
0.24245493
0.4250548
0.57503513
0.23996099
0.25964765
0.69346949
0.31130477
0.92088622
0.57004946
0.15504281
0.09254606
0.74056716
0.52692162
0.86498766
0.3343176
0.72829109
0.43409619
0.78549309
0.86035139
0.66408027
0.77031837
0.4946483
0.48958217
0.84739223
0.20897545
0.77277581
0.3508395
0.33117739
0.20233464
0.91011864
0.65410134
0.70449061
0.59330601
0.87332004
0.3989799
0.51527948
0.7976167
0.41353076
0.75556587
0.37704752
0.97470908
0.54450922
0.05388666
0.44030282
0.13724282
0.58224729
0.23954144
0.96642076
0.57025814
0.88963462
0.27114142
0.00339675
0.3966722
0.13933266
0.78904084
0.62005566
0.50329844
0.54560068
0.20158046
0.36935785
0.05209263
0.10260964
0.42180017
0.16183694
0.08707277
0.84027564
0.03557419
0.2708382
0.30060971
0.49491925
0.54905249
0.6132189
0.7630521
0.38911599
0.13463404
0.58421477
0.83615536
0.73661938
0.35090376
0.64246798
0.42268319
0.40686358
0.40229513
0.76702977
0.87863417
0.29144121
0.39354275
0.50617454
0.55020466
0.37915562
0.00559726
0.57028095
0.50420063
0.53449607
0.716485
0.54492338
0.48400153
0.31295189
0.96878454
0.1221574
0.45986707
0.96734316
0.34677917
0.2196252
0.37115035
0.50982874
0.03882655
0.09917156
0.00089193
0.36558952
0.70172741
0.85048695
0.42535824
0.18249758
0.6138075
0.98159168
0.82797019
0.29364575
0.54166535
0.80763911
0.23649998
0.81686343
0.51982646
0.74175943
0.71285013
0.53152929
0.8178803
0.23297037
0.88664637
0.04043758
0.4970515
0.8801657
0.17875093
0.91555419
0.70702962
0.49987373
0.38934557
0.52423454
0.95775685
0.55831353
0.94761202
0.57131044
0.54392989
0.66152714
0.72944074
0.06898669
0.59886804
0.61540581
0.50446068
0.7058962
0.85306185
0.00973509
0.43430841
0.56628621
0.55944302
0.36617822
0.42302372
0.28905922
0.29243689
0.24941325
0.93340267
0.08093989
0.97646512
0.13295025
0.39952564
0.35366546
0.07671134
0.12275911
0.639571
0.14960015
0.87068899
0.4453837
0.93334891
0.94177526
0.73836926
0.68243946
0.06112776
0.18890149
0.30762104
0.6144053
0.89418882
0.73604983
0.29755988
0.93365152
0.44715766
0.68843593
0.71224924
0.83228469
0.69702682
0.24940226
0.28983681
0.87455636
0.67131963
0.44248658
0.57783596
0.21512699
0.94432214
0.73079584
0.49012445
0.85109179
0.81092335
0.90159875
0.02731782
0.11888501
0.19436794
0.3781606
0.06908365
0.19336014
0.05778015
0.54739889
0.59759619
0.02682262
0.41252334
0.7915556
0.83290119
0.11839458
0.02283042
0.78687484
0.62545859
0.40843481
0.76200742
0.58745214
0.13468779
0.95130123
0.7150107
0.02506303
0.85267971
0.79980629
0.69681945
0.24388172
0.88784463
0.34695794
0.3068074
0.9239772
0.53033631
0.21578055
0.26867253
0.53487989
0.92549493
0.93738047
0.27744813
0.27668843
0.45890656
0.27030221
0.63460675
0.30155794
0.24947107
0.17129891
0.66000946
0.57330085
0.84860963
0.13264496
0.97341185
0.24296636
0.974365
0.50246122
0.34681028
0.57827596
0.97161412
0.73408438
0.8013101
0.26857809
0.74042343
0.68339108
0.5337156
0.51896509
0.988917
0.74042025
0.97492224
0.93133631
0.82197408
0.84129574
0.62670059
0.03619531
0.72817637
0.32536139
0.74388827
0.32339155
0.15703792
0.55774023
0.16564498
0.38954361
0.0595932
0.74372009
0.03770116
0.78446771
0.12735933
0.98542501
0.76436094
0.14380788
0.76828254
0.49772735
0.19973551
0.77056944
0.49133172
0.18185595
0.61341311
0.03360711
0.47673077
0.93691392
0.65237875
0.32384637
0.34941498
0.52906884
0.21901486
0.38945681
0.75717063
0.20967852
0.1347055
0.29567764
0.66819907
0.84488384
0.20816374
0.31988366
0.29259843
0.53193018
0.52996483
0.90247177
0.60886225
0.08457293
0.68040793
0.1494427
0.01087274
0.72924333
0.51584875
0.93446434
0.73520845
0.75655885
0.25756508
0.4353546
0.25060211
0.72598843
0.06241213
0.56523791
0.9708395
0.69652466
0.82925373
0.63309442
0.1045934
0.19861605
0.46767532
0.27443338
0.04093074
0.61135555
0.69454987
0.43230276
0.34737657
0.97559769
0.82946823
0.30373945
0.6181742
0.13828799
0.22427662
0.89784575
0.98672214
0.00893526
0.79024207
0.81619189
0.41229286
0.16922487
0.68222893
0.01163014
0.52778719
0.7505965
0.96156038
0.32340395
0.60038651
0.91857838
0.38255252
0.92320508
0.01373343
0.04414097
0.68221216
0.17372066
0.21705991
0.60089624
0.0980931
0.6287116
0.64949332
0.58470018
0.60262817
0.68613148
0.92583521
0.827462
0.98076545
0.03404783
0.03532546
0.65042502
0.1416589
0.17098599
0.87935686
0.82766222
0.42225723
0.24791086
0.70422646
0.79698574
0.39045532
0.59412009
0.08179825
0.00040701
0.39913157
0.92824224
0.88551396
0.05727981
0.19653292
0.35233431
0.84337009
0.61141737
0.75815355
0.83705353
0.82818321
0.01816146
0.61209688
0.39551124
0.31028424
0.87045152
0.27114332
0.85260622
0.67450516
0.94260646
0.22414924
0.33378976
0.00219761
0.86706472
0.33711708
0.28513149
0.81588594
0.04322494
0.64275425
0.01749297
0.65213506
0.48678704
0.17551622
0.33921096
0.24529745
0.59216009
0.48198953
0.96117039
0.51216878
0.08603164
0.4499661
0.8700075
0.13834418
0.0775823
0.87751622
0.81481057
0.16129546
0.07959642
0.74456294
0.87228507
0.31641427
0.46538594
0.48716518
0.7802767
0.48518366
0.22293967
0.455556
0.74865626
0.82251553
0.22266266
0.64436368
