0.82663181
0.59058849
0.28597461
0.04252205
0.96391785
0.59050699
0.78236053
0.90123599
0.6812729
0.18809156
0.97166419
0.28189265
0.62298044
0.57522611
0.59391315
0.52989562
0.98581933
0.49692662
0.76331235
0.48922016
0.98769775
0.9688357
0.38963236
0.31870601
0.85355884
0.79133165
0.68451633
0.40443267
0.38586748
0.13033191
0.61924251
0.08157736
0.27182726
0.64955586
0.01452927
0.82618685
0.07167509
0.51887962
0.54108501
0.22497449
0.94641843
0.33755421
0.49966037
0.85870978
0.65038342
0.38087518
0.09530968
0.94624757
0.58367146
0.57634126
0.59117382
0.14738519
0.55444814
0.55753585
0.5751783
0.18309951
0.70252272
0.06932045
0.32161629
0.10578692
0.74054841
0.49655827
0.46164502
0.07295644
0.43767542
0.22127597
0.29994597
0.39040453
0.69956434
0.77849951
0.35326773
0.66342855
0.50512089
0.66443381
0.32702875
0.88943537
0.65616409
0.18987937
0.56940694
0.74190885
0.77212608
0.43335425
0.27552956
0.60986384
0.72260233
0.5021628
0.18276176
0.60815121
0.75274855
0.90586431
0.98450434
0.36459646
0.79753916
0.68264074
0.9632071
0.50368019
0.85203509
0.49900587
0.28537022
0.95077879
