0.21131706
0.00534027
0.80761983
0.87286829
0.7402755
0.95255202
0.37900377
0.24592146
0.07505941
0.89316598
0.49719212
0.74427874
0.90835203
0.03245265
0.36547957
0.19767299
0.19426801
0.80444772
0.72650199
0.89273831
0.97386516
0.57399009
0.28392974
0.34539146
0.84592481
0.23995236
0.76420149
0.59161623
0.10767037
0.01587984
0.35477006
0.53420137
0.68305295
0.19183974
0.06561682
0.35535761
0.3178663
0.81583868
0.46975306
0.83654817
0.15562713
0.5705331
0.85153877
0.15737444
0.27115762
0.22757272
0.15026559
0.95929638
0.55007449
0.23217431
0.03170169
0.52258412
0.72227349
0.1684208
0.93036258
0.55544008
0.12123931
0.56856466
0.32368644
0.17351936
0.23012912
0.30588127
0.71815613
0.43704447
0.93445328
0.49146268
0.95520521
0.82463332
0.01868287
0.40817174
0.61046854
0.87934345
0.54131073
0.90703442
0.90602618
0.92395587
0.60815265
0.76485662
0.5157102
0.56718969
0.0182126
0.6466979
0.92598043
0.62769247
0.05407149
0.06378691
0.34441529
0.19606214
0.01251809
0.42190813
0.44833172
0.64252196
0.1684123
0.75634203
0.92736481
0.64668904
0.573748
0.22396956
0.45631874
0.9463547
0.2077485
0.76455254
0.61372819
0.22580537
0.03290221
0.80379798
0.45891882
0.44489464
0.48252045
0.58649078
0.27021811
0.32451849
0.56993952
0.40547136
0.05720539
0.44882123
0.31081819
0.08766779
0.68559641
0.90284314
0.34466981
0.08859
0.82238547
0.11171989
0.91850949
0.70217889
0.16981677
0.27430768
0.56923455
0.37598107
0.19265817
0.89363091
0.45422701
0.54760691
0.00306954
0.65792305
0.58241204
0.79394123
0.0200609
0.16262851
0.584213
0.10470251
0.5585971
0.05240613
0.83186443
0.30349685
0.01998626
0.11420807
0.11731845
0.20385503
0.89134361
0.01562074
0.23766044
0.75815302
0.70257501
0.81183101
0.36687146
0.65051002
0.41947033
0.10974319
0.72018019
0.00261867
0.33898061
0.00635071
0.79935823
0.3425481
0.16335994
0.50802546
0.14853742
0.26867524
0.89994909
0.47718819
0.69127627
0.58364335
0.34183716
0.38940689
0.48215498
0.0680699
0.80351827
0.46781968
0.78708985
0.64607131
0.07290238
0.73406443
0.6740347
0.28408423
0.8882173
0.42871841
0.31045647
0.82387676
0.73714942
0.19852445
0.78015204
0.41223579
0.01169695
0.62616915
0.04888354
0.53621023
0.81277966
0.75621619
0.15111957
0.7566022
0.14496133
0.45398348
0.82905671
0.04362409
0.98997198
0.05898264
0.86375483
0.1988277
0.87190254
0.47157985
0.29562595
0.07456727
0.33623096
0.75997325
0.03006959
0.12516535
0.71962621
0.26909587
0.07325964
0.48040243
0.14191836
0.47754242
0.45742898
0.43036246
0.16123144
0.70481862
0.52120912
0.28720438
0.40427929
0.47017675
0.42470119
0.93487369
0.76320265
0.59306484
0.56705324
0.35881121
0.8888296
0.36616103
0.65127273
0.78732739
0.67297984
0.7085217
0.83727832
0.29415947
0.44245687
0.46543274
0.3828464
0.45012032
0.35528361
0.75241228
0.08465126
0.71002102
0.87177467
0.81144259
0.3044622
0.96617984
0.75654512
0.18462234
0.3114517
0.91892635
0.75549214
0.09902045
0.23363495
0.5831192
0.12429907
0.43790278
0.58808866
0.79299321
0.25659506
0.13073834
0.28974144
0.57321472
0.19903536
0.88755605
0.69504173
0.54474247
0.56186885
0.71043122
0.46322342
0.8073688
0.08139741
0.75868768
0.67913879
0.30046469
0.54597843
0.33294277
0.1310507
0.46039183
0.21697366
0.57207994
0.82155094
0.93118042
0.36353679
0.80420643
0.31570554
0.80470984
0.35263784
0.5535929
0.97652657
0.78840056
0.87591577
0.30060825
0.03789253
0.24256073
0.90335857
0.01741531
0.77181549
0.76407724
0.35235112
0.22206549
0.56529582
0.94556773
0.5110598
0.20806537
0.46605995
0.27645064
0.73605272
0.85015188
0.78234506
0.78092671
0.8166896
0.59647275
0.68045721
0.71707725
0.04822843
0.84354857
0.9381966
0.45853597
0.30397904
0.68108722
0.16151029
0.24019879
0.05967137
0.73548794
0.76012501
0.13184947
0.24174763
0.23381163
0.30018179
0.74432596
0.30944666
0.78542957
0.23320676
0.08822435
0.27678051
0.00160992
0.39052467
0.63471412
0.2089522
0.6253738
0.89796143
0.64297377
0.79321084
0.22279394
0.47187544
0.0963341
0.23536444
0.57195432
0.54856293
0.98518926
0.86328619
0.75050042
0.71631761
0.65637396
0.89351565
0.68798739
0.33693831
0.53473617
0.70831104
0.53899678
0.3107752
0.57870876
0.16344072
0.03283963
0.45095191
0.50987787
0.50254085
0.14161587
0.63223363
0.78576166
0.20927468
0.6909532
0.17135698
0.86839559
0.61992734
0.57366223
0.96129454
0.80203913
0.88988552
0.75459216
0.60511247
0.51599698
0.05284724
0.18660846
0.03351287
0.43299177
0.1164362
0.2594188
0.02189023
0.32112535
0.20686796
0.32785493
0.35582427
0.94391051
0.57099392
0.68672746
0.73575094
0.57007339
0.1555046
0.78460253
0.32247254
0.19045634
0.37987145
0.26575831
0.75634887
0.58216564
0.74438186
0.21887451
0.79853746
0.88151204
0.29206858
0.68760665
0.21716153
0.22222539
0.93011572
0.4556484
0.73587082
0.45529842
0.73889832
0.60639083
0.17481208
0.17880861
0.16993108
0.18524233
0.53565451
0.96167061
0.75506732
0.29152865
0.86132304
0.29510286
0.01200323
0.81648264
0.16259584
0.89554869
0.85451318
0.93577565
0.69422978
0.86430604
0.1962472
0.3949528
0.71190401
0.3140625
0.00209351
0.74312789
0.3952801
0.8541173
0.28420515
0.96300008
0.59894899
0.57575243
0.72858158
0.7786753
0.45222301
0.65208883
0.0767398
0.02927635
0.21422887
0.16116012
0.15177305
0.18714541
0.26562476
0.74066123
0.53666704
0.41660864
0.02904347
0.87985191
0.94483464
0.3778218
0.13218659
0.67097199
0.39844911
0.61600448
0.72395437
0.29586096
0.57031534
0.24527168
0.30828659
0.33939023
0.92432177
0.37218578
0.1709134
0.48535528
0.21231303
0.92734167
0.94325013
0.14054707
0.64936006
0.49178005
0.53205723
0.54095543
0.44133172
0.13481767
0.60329314
0.75302488
0.700805
0.95932386
0.58662755
0.70843959
0.80406592
0.39346808
0.49470589
0.30661227
0.69543827
0.97408274
0.40217807
0.88656108
0.42447056
0.75304244
0.88144478
0.31606845
0.64368854
0.41956123
0.80453781
0.41081723
0.66326893
0.47908913
0.10971461
0.67839954
0.80562158
0.3558215
0.62929899
0.81940174
0.37259249
0.17588127
0.28977558
0.62058468
0.67218183
0.21187199
0.3745994
0.10564179
0.20954902
0.58230166
0.82960071
0.85066498
0.80806021
0.74372936
0.91881233
0.06183944
0.13086314
0.26771898
0.34059439
0.32990252
0.02145575
0.56212686
0.24815452
0.46551282
0.31536887
0.10704459
0.506486
0.49675907
0.41339713
0.47194684
0.34359826
0.76290302
0.95887122
0.16175477
0.93756981
0.79539847
0.50865955
0.98588265
0.65811714
0.15050933
0.18542155
0.00766486
0.49596441
0.32718653
0.87136624
0.6578298
0.46693341
0.19564418
0.37426386
0.42538516
0.61645922
0.17611659
0.34411484
0.57027273
0.19071661
0.39981066
0.7326395
0.63516726
0.18145542
0.51343505
0.13763723
0.84471326
0.50495713
0.78576946
0.5919558
0.37983887
