0.33060167
0.98998593
0.27579137
0.26296712
0.41321159
0.80155112
0.02405456
0.85348457
0.13440942
0.65630199
0.05094888
0.21309535
0.43075818
0.91203383
0.16258566
0.95587731
0.66772702
0.34635919
0.09531813
0.55831904
0.79650046
0.51503213
0.23074067
0.70949013
0.07933367
0.70424292
0.34683257
0.1936491
0.05812336
0.22542041
0.66174137
0.59660462
0.22485479
0.20048283
0.32581418
0.60622697
0.26285875
0.97685006
0.64675703
0.37429023
0.80617732
0.92749868
0.96907175
0.07393464
0.60982001
0.83656141
0.27900117
0.11566611
0.6759953
0.71591664
0.01050634
0.52706437
0.33535441
0.63293715
0.06052807
0.66637999
0.57836659
0.80539893
0.55376691
0.7677895
0.79231704
0.75360972
0.16829875
0.48207521
0.15604558
0.59335652
0.56656051
0.50167361
0.98759314
0.70432283
0.04727089
0.42545572
0.8448481
0.81321876
0.86510683
0.11755381
0.47577466
0.26937219
0.41805434
0.55053895
0.09693998
0.86480809
0.33349248
0.4450946
0.30566519
0.78601667
0.79593961
0.12811808
0.30383237
0.46192637
0.98417447
0.63877361
0.48986961
0.45925251
0.4351299
0.9866232
0.46290703
0.86970119
0.71019663
0.38452828
0.98647774
0.37285615
0.13277911
0.51978756
0.96158274
0.46373734
0.27062962
0.76187266
0.46069858
0.66963278
0.10446857
0.8585616
0.59270711
0.49515799
0.14604045
0.47787265
0.74173012
0.65571647
0.5338465
0.19871102
0.21966549
0.98735954
0.90054352
0.43450294
0.45755787
0.73165098
0.94800577
0.88560449
0.79779794
0.94850554
0.97774134
0.3221238
0.28204202
0.66992921
0.51702711
0.71149483
0.48336747
0.48482763
0.52290668
0.13560429
0.70411938
0.12014113
0.20775693
0.07517683
0.45685535
0.06665128
0.09067955
0.0550986
0.85591307
0.78438674
0.63122553
0.86620415
0.51695073
0.46077078
0.15640039
0.6633226
0.88001316
0.85159337
0.54202874
0.83971081
0.74393492
0.65037563
0.8661101
0.21008655
0.48836772
0.40806574
0.8987542
0.88073835
0.16575309
0.15028098
0.98806025
0.77985288
0.15276829
0.09463084
0.64647895
0.39342187
0.85216461
0.40721869
0.35671493
0.50377083
0.81878677
0.93402789
0.26755665
0.45400107
0.2618266
0.29308302
0.23136544
0.8249915
0.65806007
0.34251137
0.16584631
0.44132097
0.00011496
0.00050234
0.54727001
0.54256541
0.0625111
0.06087685
0.02610691
0.24681433
0.62445633
0.43329582
0.03179545
0.94647031
0.80466568
0.06275687
0.89939917
0.63278995
0.10894684
0.15095257
0.86482698
0.24337861
0.89732982
0.07409995
0.19546364
0.97438558
0.69157606
0.61247449
0.18750942
0.18113052
0.66924492
0.06094169
0.98020408
0.95349736
0.90404655
0.67216966
0.91892482
0.10279344
0.54352894
0.23030374
0.35297409
0.07817197
0.56798665
0.46485271
0.06789187
0.01113531
0.11688624
0.13962116
0.72634807
0.11266683
0.80305359
0.62661091
0.79872021
0.58260765
0.89416501
0.18709565
0.4834402
0.39238061
0.71670819
0.04590143
0.86350957
0.34616825
0.53612214
0.32200283
0.50841083
0.80348583
0.48181635
0.96281654
0.34260641
0.5601623
0.9496155
0.87830825
0.19902361
0.70269759
0.46011486
0.36188472
0.43553462
0.7921584
0.22683889
0.38071773
0.33032433
0.24935841
0.59373346
0.91304093
0.05786773
0.39807378
0.39146609
0.90578278
0.64374766
0.09385813
0.84077459
0.15046356
0.59088852
0.89151798
0.34916175
0.04644052
0.13495194
0.31671166
0.61809901
0.79903927
0.74861603
0.94952762
0.56504832
0.63544033
0.70289576
0.71762092
0.73840783
0.35299698
0.43845664
0.48450714
0.66156466
0.18508806
0.7542818
0.67334552
0.63415675
0.97816058
0.01806286
0.23293668
0.11035582
0.15725343
0.02564464
0.47873267
0.43164209
0.97403651
0.57529256
0.90700702
0.5639668
0.3493952
0.3577072
0.52245341
0.33157363
0.71764277
0.61800567
0.1772504
0.41213373
0.59119621
0.24181036
0.49675099
0.94300542
0.49178418
0.00415832
0.34311357
0.79546772
0.42665628
0.61807687
0.79658837
0.95300067
0.77860656
0.54305261
0.22906897
0.46644214
0.33027583
0.48312082
0.69571243
0.98795299
0.40235126
0.39574177
0.04204633
0.06405419
0.01355398
0.85280606
0.11787582
0.56949405
0.77447128
0.86994073
0.42139207
0.33476599
0.18255844
0.02047262
0.86473184
0.50809524
0.07892124
0.86719694
0.84936472
0.20702434
0.65562737
0.44708191
0.38578828
0.68069269
0.39649255
0.07584971
0.91993948
0.17758277
0.55895079
0.820647
0.76857013
0.56665099
0.97513305
0.20366238
0.94830457
0.39385735
0.39952844
0.26788302
0.70165607
0.43978345
0.98965394
0.8298967
0.72237996
0.122004
0.12109148
0.05042378
0.52651727
0.6868829
0.66469803
0.35573833
0.76903499
0.25704769
0.48763083
0.64198623
0.37188693
0.63007744
0.08386803
0.43986296
0.73437448
0.81128339
0.77127673
0.88611985
0.28233448
0.92874667
0.33500834
0.24867512
0.69013183
0.68026461
0.8687009
0.44752929
0.90097011
0.68897486
0.77304693
0.34761185
0.96398863
0.96485359
0.22470434
0.49055562
0.47096471
0.96026575
0.51819009
0.52457681
0.46497153
0.57453621
0.78954661
0.81024518
0.75686315
0.57882095
0.97810411
0.67975426
0.26087727
0.21426789
0.42393536
0.54357112
0.04207094
0.61159283
0.26792835
0.60615397
0.30833834
0.76824554
0.72971922
0.46258733
0.51670715
0.31227348
0.5303109
0.89598372
0.47480645
0.0541828
0.44158164
0.73241305
0.36480695
0.42888601
0.64528867
0.91579434
0.63204937
0.2810184
0.95102076
0.31485706
0.56448936
0.31727527
0.0666304
0.57844803
0.94787883
0.55466434
0.27229631
0.36739066
0.77366917
0.44285595
0.54183705
0.70282717
0.9067399
0.94016034
0.67019558
0.10086581
0.35016496
0.91444324
0.26060918
0.92504953
0.95620022
0.48768013
0.60556273
0.93942167
0.8667653
0.76296903
0.55467711
0.36618406
0.86014421
0.65549389
0.75493867
0.36817019
0.87741329
0.77116375
0.40627714
0.52627852
0.84467364
0.82790037
0.15237595
0.40068642
0.33790606
0.48027113
0.46419239
0.07498176
0.3737648
0.69323404
0.68394579
0.5946794
0.07096006
0.88187542
0.68571647
0.13969175
0.58467564
0.52976874
0.6031596
0.60761434
0.90389634
0.02748107
0.36647609
0.93433731
0.68052481
0.68664279
0.41112673
0.55586698
0.67665995
0.47974911
0.87261739
0.85377589
0.62022292
0.70527765
0.05928377
0.36746714
0.5696943
0.24743038
0.83098617
0.21053189
0.01775358
0.46119378
0.15428071
0.11197832
0.55967132
0.13427849
0.85226825
0.28430141
0.63474455
0.33680053
0.3641936
0.73486828
0.74582941
0.08227939
0.83513629
0.21713672
0.46273599
0.94596955
0.1613081
0.64165721
0.58721568
0.5412803
0.06282263
0.11354407
0.91575193
0.16959996
0.87085683
0.36578185
0.56673759
0.54032914
0.92719513
0.21635095
0.53348349
0.81585915
0.30788903
0.16207951
0.25952588
0.1569597
0.75846644
0.06519293
0.44188483
0.35110635
0.91704576
0.30986814
0.75673954
0.21487608
0.35283999
0.64985283
0.1797424
0.13947109
0.89585814
0.33281593
0.74246404
0.20160191
0.32062502
0.83600103
0.18274723
0.42586751
0.22949417
0.36231349
0.34167522
0.12639817
0.19716795
0.70476581
0.31175163
0.86505558
0.55668874
0.53668079
0.49473711
0.95972666
0.00447742
0.90703184
0.83513781
0.00884571
0.74414444
0.26963637
0.38853176
0.61738054
0.26029369
0.69558737
0.52292227
0.3065764
0.35435283
0.06109876
0.25489055
0.87877457
0.90460134
0.44252468
0.20845498
0.88302104
0.30665671
0.2224982
0.43274297
0.29579088
0.13761419
0.01208647
0.62453701
0.91100094
0.25073424
0.24726211
0.77857126
0.07752375
0.53932413
0.84417383
0.54947396
0.08301777
0.31829704
0.64306095
0.58768412
0.78677629
0.23386661
0.53798743
0.29804383
0.36291394
0.7952739
0.17768712
0.79404089
0.55095354
0.51292982
0.7471893
0.61559341
0.62413089
0.97042946
0.96146843
0.20769629
0.3759532
0.86937235
0.41938539
0.36662358
0.08034688
0.62637755
0.51772143
0.68756272
0.68629896
0.91783662
0.5951161
0.13933441
0.50555582
0.6375091
0.66639394
0.93606862
0.32093426
0.5766779
0.65616125
0.65622058
0.45292477
0.36962124
0.15186321
0.57092486
0.20259332
0.82704446
0.29359705
0.49803658
0.24507433
0.14751371
0.03727071
0.6199068
0.05290881
0.726091
0.94188979
0.41642771
0.44069017
0.50165981
0.97978695
0.42859641
0.97290269
0.28918415
0.01331303
0.51342713
0.38693572
0.71349632
0.53904771
0.62410365
0.89109583
0.06048275
0.45554304
0.11912804
0.49518269
0.49719692
0.49652513
0.44485575
0.2727464
0.47475982
0.10510298
0.09299979
0.21525718
0.44990999
0.5870826
0.69906934
0.01435312
0.64022095
0.0028874
0.27677945
0.7626227
0.02454562
0.77558019
0.08418944
0.80566658
0.22361322
0.95730183
0.05240865
0.42780783
0.67350009
0.22608235
0.48915681
0.49284075
0.52532511
0.44353592
0.42120024
0.56903101
0.16449201
0.96052801
0.92967365
0.58059104
0.9039091
0.21286008
0.89023349
0.24165795
0.1017266
0.33996562
0.97444302
0.04027084
0.43629193
0.73369371
0.92676543
0.63792365
0.86769383
0.72715232
0.38858407
0.76676435
0.80998487
0.36548108
0.70042197
0.39700917
0.5505401
0.00603564
0.94607824
0.2297303
0.47045264
0.40721386
0.79690981
0.43463465
0.36459193
0.68292391
0.54221719
0.94933757
0.35976812
0.22060561
0.50338684
0.13354292
0.97601102
0.69223495
0.74734703
0.56003447
0.44042517
0.57748723
0.43355736
0.33395542
0.33947942
0.63136576
0.93558579
0.91592963
0.91893769
0.4269428
0.76337713
0.54511924
0.34114659
0.44859767
0.43203445
0.43618038
0.80319544
0.50160842
0.02064752
0.41610589
0.64787135
0.61564153
0.68521764
0.4730912
0.33537107
0.26443143
0.49533398
0.7306808
0.5590281
0.9287063
0.26515892
0.46001196
0.22549512
0.73883961
0.19719921
0.17955781
0.4407131
0.64176835
0.59293974
0.699191
0.77876411
0.07239908
0.15545997
0.01858578
0.28429251
0.03937093
0.11907158
0.46563304
0.41044404
0.03323727
0.75122069
0.46436982
0.42037655
0.74814522
0.37679887
0.71297188
0.83109475
0.22478111
0.87749452
0.03691702
0.13995828
0.93996491
0.84005534
0.47273692
0.53893679
0.646687
0.60159865
0.91211875
0.35073679
0.93743452
0.84816143
0.32237282
0.2036201
0.78262292
0.31211841
0.84381768
0.1757175
0.47652887
0.81484623
0.55332464
0.96846471
0.52524056
0.9855986
0.59040948
0.12540317
0.54780892
0.62865132
0.58829884
0.12855887
0.17040566
0.20255542
0.51428598
0.56137826
0.0533035
0.94303119
0.06611225
0.16138676
0.2078572
0.51629673
0.41332005
0.49045069
0.85925539
0.68229739
0.54915465
0.21916667
0.38226075
0.04899259
0.44847585
0.47849971
0.44732306
0.3694337
0.91923784
0.27324603
0.27409251
0.59476994
0.56753284
0.90017941
0.34155374
0.13419129
0.68611504
0.70405456
0.76480167
0.79350543
0.79026415
0.65875434
0.60121316
0.21822712
0.24465293
0.76800565
0.39323161
0.64302354
0.13897173
0.59247465
0.92205078
0.10506024
0.24825525
0.17939593
0.54658484
0.28332331
0.50028029
0.24540824
0.90824676
0.98535085
0.87311008
0.64827642
0.0675411
0.87450607
0.4083089
0.41845933
0.08515416
0.94634205
0.15599391
0.25501211
0.61172802
0.28236957
0.50664221
0.9245079
0.65908159
0.52816017
0.76900153
0.91881559
0.24946476
0.78886867
0.24359773
0.91291586
0.89519274
0.09194872
0.39397656
0.6487892
0.72738274
0.7935219
0.37449537
0.95403614
0.85505823
0.07460476
0.98634022
0.24147279
0.14186779
0.20701858
0.53098255
0.88375605
0.61955653
0.10019474
0.53467791
0.79583183
0.25594501
0.62955821
0.23983812
0.87987792
0.53228853
0.02833713
0.42729118
0.95353144
0.88488606
0.12674338
0.54070658
0.06689971
0.5753723
0.59440752
0.44753693
0.78934744
0.82271917
0.63178986
0.69931141
0.41677607
0.76460234
0.79235037
0.33449434
0.27624001
0.77525083
0.29739212
0.93631386
0.25855912
0.53111844
0.34911234
0.34500917
0.16664056
0.91462524
0.59406562
0.41900972
0.64002611
0.44748559
0.09699564
0.29757581
0.95470021
0.02578658
0.88080719
0.04363101
0.49083746
0.11660146
0.90544649
0.27351726
0.70437277
0.20798961
0.38226004
0.80036094
0.3594653
0.02960389
0.79103077
0.00485883
0.44372623
0.21159837
0.63265723
0.21314434
0.97208525
0.10767083
0.22330979
0.65959136
0.01658513
0.31352433
0.08333399
0.82590238
0.84718997
0.81734717
0.5390752
0.34602102
0.36845329
0.49746091
0.94344288
0.4671415
0.9064473
0.42092653
0.17495904
0.18663849
0.97222214
0.50729702
0.11047013
0.60718658
0.9035977
0.90971167
0.93345966
0.39912421
0.66507105
0.67603154
0.75338455
0.35302762
0.22745594
0.30676472
0.90912641
0.14793206
0.60819767
0.15925192
0.09863473
0.58418885
0.75683185
0.97883904
0.48336883
0.21999866
0.5521786
0.96047149
0.46227071
0.42838578
0.8268829
0.69296369
0.69569883
0.43220473
0.66186131
0.43484314
0.73552231
0.96165253
0.3014369
0.71304978
0.96406455
0.55682804
0.62093671
0.57985772
0.48222349
0.34124331
0.69789786
0.76264753
0.97328767
0.7849292
0.28030571
0.24985939
0.78480206
0.30140591
0.12069556
0.43846009
0.00101078
0.56407217
0.2513304
0.19215436
0.34826312
0.16592755
0.37035178
0.76451442
0.16404859
0.22654147
0.74205873
0.89691169
0.8112326
0.15854082
0.82182936
0.90243296
0.10533138
0.0812886
0.45163147
0.63639644
0.94599372
0.67678189
0.31714134
0.19177071
0.4043026
0.0424679
0.2680423
0.58563932
0.39440926
0.17028079
0.71009996
0.77188025
0.52339838
0.70992291
0.49684838
0.9072138
0.25696501
0.20741415
0.1908859
0.94018344
0.74907316
0.7700968
0.90033934
0.27941249
0.06831403
0.944836
0.53467184
0.01615805
0.52455216
0.19231526
0.82761327
0.2379176
0.15690319
0.19784212
0.54577057
0.63636182
0.15282615
0.77019599
0.41579831
0.05785056
0.87193497
0.92789551
0.40745963
0.16557727
0.06519789
0.21152841
0.02036048
0.46019684
0.80598024
0.9073015
0.08364141
0.58103087
0.33097132
0.61478122
0.5776909
0.09039421
0.18505446
0.92727914
0.61756929
0.13141351
0.67383547
0.08721433
0.22396448
0.97731825
0.94710407
0.92762047
0.98084997
0.43612224
0.38369616
0.45196232
0.55963162
0.47606009
0.62993073
0.51036197
0.85793424
0.57391357
0.2157707
0.38727561
0.90959317
0.05519668
0.66400175
0.33327482
0.21692729
0.87618829
0.04308621
0.46023942
0.5388291
0.05930452
0.80644608
0.49038393
0.074042
0.19038223
0.36373399
0.63648913
0.20034533
0.98691992
0.94234243
0.60469693
0.29023781
0.87329802
0.62641936
0.70959947
0.73917093
0.82745884
0.03427626
0.72889623
0.58408763
0.55569936
0.30020254
0.19569933
0.72859141
0.22436373
0.56532087
0.91851434
0.88679397
0.07050939
0.88790065
0.88162672
0.04694077
0.49250274
0.28101824
0.31298279
0.04662959
0.62405736
0.72549652
0.07693293
0.7186791
0.1063336
0.42937668
0.21705163
0.93263305
0.1892631
0.28886321
0.80775992
0.60827717
0.19498346
0.81643202
0.68608059
0.34630776
0.17508442
0.12099764
0.67280262
0.85734514
0.29793315
0.50070278
0.16942921
0.11044566
0.19597809
0.30991947
0.91359802
0.89303305
0.860255
0.03175066
0.74521284
0.25831643
0.22821058
0.36407272
0.42928326
0.7442428
0.12729584
0.63049754
0.53480031
0.10311071
0.18904163
0.18729298
0.74339959
0.23734033
0.5654736
0.42559904
0.22932261
0.18293832
0.18243755
0.85134724
0.78613487
0.93805423
0.34289363
0.98899015
0.33294455
0.89208605
0.12533226
0.67812322
0.23533183
0.04888728
0.21499198
0.65237189
0.08595947
0.21650986
0.63626388
0.67904408
0.69701483
0.78619821
0.03312628
0.53445825
0.43496839
0.45942109
0.68884905
0.00654727
0.25041499
0.36128072
0.52926347
0.05673414
0.72293698
0.88945572
0.26845807
0.98537097
0.95723151
0.78728972
0.35972841
0.0991271
0.46812063
0.36228613
0.64694818
0.17921574
0.56982433
0.16013145
0.66348907
0.63943872
0.56411211
0.50073506
0.10743158
0.35400197
0.84507267
0.0292898
0.88178608
0.97337232
0.15363956
0.42753219
0.22968964
0.67955615
0.04107196
0.71044583
0.96479519
0.37294285
0.15393675
0.48031293
0.97084604
0.0136231
0.28350393
0.12508841
0.18236566
0.90570771
0.77945525
0.37739456
0.37569602
0.05111235
0.64043021
0.65458684
0.66612842
0.36804477
0.94746535
0.67362333
0.46507255
0.50799834
0.20850675
0.50299715
0.2184147
0.16632338
0.9591402
0.85261601
0.75183762
0.54592332
0.53133258
0.43687372
0.62961455
0.62198556
0.92795535
0.94642217
0.03766051
0.7021527
0.86366233
0.54591217
0.73140475
0.21511042
0.15483877
0.00433651
0.58741427
0.35806292
0.1714716
0.06444374
0.69753622
0.91528565
0.12397654
0.08439546
0.24236933
0.449787
0.40384811
0.66182668
0.46311595
0.78071219
0.13907654
0.79385053
0.20506411
0.36362362
0.33411732
0.15799796
0.76863084
0.81052895
0.01828544
0.8029222
0.59253382
0.81219599
0.95824864
0.22327631
0.91195713
0.56066003
0.07478185
0.84322478
0.441769
0.91033651
0.60217465
0.21596083
0.88918502
0.38373326
0.72697836
0.05947522
0.6610272
0.84592676
0.22485314
0.06188932
0.43325213
0.43342277
0.29496135
0.73994771
0.40898564
0.51662564
0.35416662
0.32785164
0.36030821
0.80913421
0.81037074
0.79581033
0.30669332
0.21778051
0.80606415
0.42325614
0.14963105
0.92376145
0.54684752
0.53442017
0.68306962
0.01257546
0.85183461
0.45739976
0.12479772
0.55190568
0.74389401
0.91362624
0.48343917
0.70735614
0.15207924
0.44066484
0.10158089
0.51094914
0.01461138
0.33026601
0.11282725
0.95759123
0.22739065
0.37902939
0.84847259
0.22562782
0.95328067
0.57634289
0.128751
0.88266163
0.19365959
0.96528556
0.48451918
0.92220497
0.09367791
0.95090384
0.17634938
0.44243257
0.10589012
0.25798301
0.21091428
0.48569666
0.36587737
0.86077979
0.62523367
0.32980364
0.89355644
0.16013491
0.14089075
0.79075363
0.24944104
0.69362273
0.01020478
0.69551309
0.25695156
0.06647587
0.26487577
0.72599226
0.89829885
0.06133867
0.09936956
0.87568592
0.30553051
0.67232183
0.72717973
0.50802472
0.01775029
0.0684304
0.41599108
0.1461652
0.4439451
0.84646629
0.27040117
0.17695927
0.03703582
0.95409614
0.02100351
0.48866205
0.04370714
0.57827739
0.42274066
0.58906757
0.16195699
0.27238978
0.91283573
0.75318044
0.8869607
0.67614987
0.67813301
0.72194784
0.9596676
0.39557442
0.97407039
0.22314798
0.05885483
0.82014443
0.91645585
0.94762589
0.85848521
0.18101767
0.25356471
0.29382979
0.57452604
0.30009549
0.52332506
0.81840948
0.19051841
0.50960541
0.78606133
0.90552169
0.33534226
0.9128438
0.54685684
0.65270367
0.52218033
0.76037997
0.65687046
0.2333797
0.63564243
0.88228356
0.36050953
0.87362576
0.56886974
0.68118014
0.30005609
0.91043375
0.37428071
0.49053862
0.51722392
0.71141002
0.48971204
0.5476467
0.70915883
0.2383745
