0.29604674
0.93936349
0.26388264
0.55683523
0.04024674
0.35894039
0.30763575
0.02172185
0.22523206
0.44230175
0.50416623
0.19830783
0.7522621
0.08707977
0.51716949
0.66253075
0.83357539
0.32051441
0.10011747
0.4729415
0.95865978
0.60777081
0.13423306
0.2106959
0.40379072
0.13921459
0.65536722
0.71051192
0.7197413
0.85000655
0.32749874
0.34894773
0.01716885
0.20106808
0.03749989
0.41154492
0.96608483
0.50640301
0.98327376
0.75227
0.95011737
0.3405934
0.69542435
0.48951554
0.537673
0.51247385
0.47429025
0.05901081
0.44179949
0.33139578
0.49976587
0.97092679
0.17584241
0.5165481
0.39822893
0.04073339
0.20143732
0.46891169
0.53380988
0.00253326
0.79045346
0.14059011
0.11998467
0.30831308
0.8031295
0.30472867
0.92167012
0.53682084
0.08219652
0.0065558
0.5067032
0.15452518
0.14788993
0.78289803
0.83069025
0.44069381
0.39281211
0.45073365
0.02877791
0.74718525
0.65159834
0.02802909
0.63834831
0.35384514
0.2649822
0.42914288
0.72000902
0.30675603
0.88521755
0.10780754
0.41163572
0.76711369
0.31686858
0.14227707
0.23100949
0.66058857
0.50696687
0.53149722
0.00602287
0.05962864
0.31654141
0.56194964
0.38586745
0.17919575
0.05760281
0.202975
0.24013973
0.17007916
0.58207447
0.39818237
0.22394738
0.8222212
0.96827662
0.3423603
0.28618909
0.42393739
0.0974802
0.20610228
0.74369515
0.02283379
0.36573173
0.19904601
0.22027035
0.88165529
0.80545361
0.3481914
0.40286152
0.52052912
0.49280855
0.39184975
0.73759359
0.22583728
0.34168342
0.85222042
0.44094466
0.71639661
0.18105499
0.7129179
0.54947461
0.53207994
0.32270305
0.52811545
0.36664633
0.52615644
0.33414913
0.51209236
0.72899314
0.53630182
0.00141807
0.1216229
0.24998523
0.61964568
0.71360188
0.7796704
0.83745834
0.45729232
0.70473924
0.64214473
0.86201366
0.5143471
0.20531373
0.16433671
0.36953917
0.74885983
0.07560286
0.7028712
0.04816458
0.09863121
0.90530901
0.2056991
0.75754776
0.90347767
0.72412003
0.90879861
0.82307609
0.09110663
0.38734154
0.36271281
0.87065575
0.84896628
0.47194208
0.63755145
0.47832955
0.18177912
0.81146998
0.86751462
0.16346262
0.60101399
0.09217166
0.21397559
0.78638568
0.98454455
0.46920693
0.05922895
0.00474448
0.2075033
0.03149103
0.10923251
0.04722004
0.75260576
0.89292133
0.10969388
0.94898465
0.48868097
0.7956081
0.08365871
0.53989844
0.41434033
0.69771687
0.29534877
0.0202938
0.53080826
0.14672649
0.37046997
0.27855802
0.91842318
0.17371926
0.55464278
0.86990054
0.96035224
0.49665242
0.67375891
0.25232466
0.6236918
0.61913544
0.58825568
0.41376642
0.12893747
0.50243737
0.14143173
0.30472579
0.20339393
0.09451317
0.27463864
0.45400215
0.25855499
0.90487511
0.28592676
0.17354091
0.37116237
0.08281845
0.91359377
0.68021172
0.38795199
0.96553328
0.7435577
0.98851847
0.33442452
0.93782628
0.07390647
0.83895374
0.45536706
0.51417509
0.33302239
0.47456865
0.66077949
0.88641946
0.97541026
0.91410612
0.64910362
0.07038585
0.02800506
0.24940298
0.52421896
0.04100907
0.36580704
0.3781694
0.48100574
0.83617583
0.95409041
0.82688508
0.32241214
0.71681767
0.15520299
0.22665632
0.2319061
0.76628255
0.98511441
0.46448818
0.49672984
0.38919479
0.65253931
0.5331147
0.96173094
0.71343138
0.13840737
0.88543552
0.82145464
0.06243225
0.89683175
0.96949483
0.77795457
0.93548104
0.496029
0.90913722
0.83613918
0.78120867
0.75062259
0.95425188
0.34103597
0.60559267
0.08857166
0.87023477
0.47714365
0.85468341
0.69761552
0.30469615
0.91392792
0.17865469
0.4436431
0.41340193
0.42892582
0.82383716
0.19714981
0.40453558
0.39523916
0.75374898
0.73268449
0.98645853
0.85891345
0.31525998
0.3651216
0.84304441
0.36436179
0.74965632
0.57490695
0.034988
0.7565316
0.7991895
0.82572328
0.11554121
0.82501388
0.80343917
0.91352961
0.91526964
0.85125319
0.84882054
0.70874743
0.03501957
0.78937395
0.67090229
0.90469809
0.21825051
0.34260153
0.46356811
0.01955432
0.66647383
0.51228633
0.78232574
0.54799657
0.90797483
0.61006728
0.28231978
0.02511779
0.65915936
0.13606729
0.09232465
0.56038532
0.94512241
0.3025167
0.01287612
0.9258644
0.91377764
0.73905206
0.3105688
0.67917525
0.03848295
0.69228407
0.72710315
0.60354403
0.18734216
0.00053598
0.49445434
0.40019263
0.55036428
0.27943981
0.17481617
0.91975063
0.86997182
0.66545608
0.64047307
0.98396026
0.86324315
0.98273396
0.59208437
0.23130951
0.78579728
0.12849309
0.59552117
0.29601926
0.57084592
0.23042598
0.25411489
0.84293393
0.51904753
0.24199199
0.1996877
0.65521808
0.32065366
0.76044819
0.36448505
0.71962976
0.57222556
0.62404977
0.97136473
0.76448884
0.33706157
0.33127342
0.05088719
0.44220401
0.12287033
0.917501
0.23473935
0.79924724
0.89571929
0.29122772
0.03206047
0.95765501
0.54772449
0.60465143
0.11066763
0.93265851
0.57357122
0.67439713
0.49388406
0.2295936
0.17928374
0.40135506
0.18299128
0.22409198
0.93077948
0.17263034
0.13633608
0.47147847
0.3670701
0.25350351
0.07223378
0.70115136
0.52625674
0.97129185
0.59720906
0.75198078
0.31314693
0.66399913
0.38656766
0.40275828
0.24078683
0.80498731
0.3997164
0.52103693
0.17526883
0.13989465
0.51127693
0.61623237
0.24627991
0.04845237
0.14005325
0.80260682
0.10874075
0.30433507
0.69975906
0.92595236
0.04830556
0.71837717
0.93354689
0.41834099
0.14084801
0.09250328
0.33920809
0.61097895
0.87936516
0.61723399
0.37375902
0.64611146
0.62984122
0.767298
0.81461863
0.06648364
0.60871645
0.48820998
0.55214395
0.98933333
0.61250645
0.8094162
0.15603533
0.01633904
0.86601297
0.60818706
0.09676887
0.76732286
0.50481232
0.41820042
0.74247332
0.11932996
0.04080464
0.45587864
0.58865107
0.48590605
0.92795588
0.98051021
0.92144752
0.61732739
0.73989104
0.16701318
0.29034778
0.49347178
0.38846916
0.94876658
0.42754255
0.77682608
0.14959291
0.39728442
0.4920131
0.02667662
0.52773613
0.71389648
0.14625759
0.06643886
0.49628917
0.35892494
0.74299871
0.55764516
0.7150518
0.78127878
0.10111956
0.30915629
0.92219142
0.34160927
0.33092129
0.78976132
0.81832282
0.72310167
0.82991988
0.65244556
0.29236451
0.71258223
0.69457496
0.46193078
0.14072235
0.75494293
0.24783793
0.13626097
0.87032923
0.64707293
0.90465358
0.18486615
0.74307152
0.87508233
0.32347041
0.09577099
0.80840774
0.36689613
0.58339613
0.62306249
0.13654127
0.10638421
0.13110368
0.83308502
0.30261915
0.39623286
0.81678405
0.44506284
0.56877559
0.35282553
0.51315581
0.00148752
0.48470303
0.5122643
0.51664793
0.71588928
0.81377653
0.37887021
0.86224037
0.84221715
0.91439941
0.68670607
0.20944844
0.90451276
0.0859693
0.28202706
0.52017046
0.53691002
0.72989595
0.88295788
0.64287714
0.97338971
0.0315934
0.25030311
0.6415483
0.8748774
0.67470063
0.59901148
0.46704314
0.35072788
0.63572377
0.26726689
0.8126032
0.33480336
0.8917876
0.43569316
0.55215867
0.31140991
0.08736825
0.33926955
0.39098925
0.83520436
0.72228243
0.36457489
0.79299853
0.44403464
0.11112468
0.23705435
0.81650916
0.18188151
0.50530581
0.27997165
0.05916305
0.86175621
0.79387425
0.35319473
0.70225504
0.72975055
0.44708506
0.70969244
0.56680141
0.44638574
0.70508229
0.91800285
0.16740015
0.94273069
0.03008569
0.92798052
0.09372948
0.8968622
0.66040687
0.61421817
0.34225423
0.01545867
0.04640936
0.61351291
0.59204894
0.46177045
0.40826765
0.45668299
0.76727948
0.93663517
0.03015471
0.10608716
0.26707723
0.83276677
0.02879459
0.07720468
0.63205421
0.34669881
0.60907322
0.97582734
0.53063701
0.91165976
0.17451284
0.07015066
0.95765856
0.13119754
0.11905231
0.54367313
0.70681703
0.97314033
0.73421017
0.6501503
0.21817428
0.57153456
0.69280387
0.17984748
0.78782896
0.9330266
0.71920941
0.34752701
0.17323572
0.07963109
0.24077902
0.74964096
0.19715902
0.90921385
0.66891456
0.38232752
0.21831486
0.19680713
0.71973446
0.49966758
0.16771813
0.98408066
0.27235598
0.21959813
0.98230531
0.94218764
0.44403167
0.58247728
0.51171267
0.57190949
0.21078436
0.30606464
0.22696002
0.33836823
0.05079592
0.24424105
0.59850514
0.84562115
0.65794865
0.74392833
0.88674708
0.79822387
0.39899233
0.93334628
0.37888126
0.46935201
0.30172064
0.01406353
0.2174988
0.98211355
0.18796422
0.33376083
0.85691442
0.77328188
0.74111692
0.70283571
0.86792615
0.70698562
0.13975025
0.44779726
0.16641398
0.9498328
0.26745334
0.31232866
0.14857326
0.44760703
0.52212496
0.19130899
0.07070631
0.8669043
0.54292583
0.657754
0.14821957
0.64242215
0.20660189
0.34516979
0.45767272
0.93318099
0.29581815
0.15181529
0.02612107
0.73859909
0.4706742
0.98915104
0.20960288
0.10931926
0.87479617
0.14671956
0.79858556
0.82362408
0.33722537
0.57766413
0.97070559
0.31918425
0.24767721
0.37304342
0.37019303
0.62175568
0.6180984
0.036274
0.2878763
0.31101563
0.93912779
0.41571327
0.77146824
0.76864948
0.62793552
0.72909933
0.18650254
0.27554093
0.21412113
0.04955052
0.17056222
0.53599855
0.11945347
0.91135793
0.38911498
0.53217063
0.88240834
0.38216525
0.73310424
0.81927602
0.35916016
0.91051886
0.88899225
0.23721867
0.74422462
0.80870013
0.62888151
0.13254731
0.97108255
0.46809311
0.64381128
0.14843462
0.69184904
0.80467894
0.12559747
0.26704015
0.78569597
0.81230224
0.94299629
0.5298006
0.73023043
0.14716932
0.66369539
0.98521019
0.89600112
0.64956482
0.76926968
0.68242063
0.09916626
0.27589191
0.72749385
0.21017334
0.05562942
0.6968979
0.39211965
0.68190136
0.56080795
0.01927025
0.29791703
0.05596364
0.89985775
0.7537241
0.2390018
0.88368714
0.00432528
0.15321148
0.1885653
0.13943736
0.34018241
0.19725595
0.68158625
0.50296412
0.61200258
0.62530124
0.77389507
0.65907979
0.69567833
0.62528247
0.23690937
0.19465249
0.37006015
0.05254085
0.22004412
0.53004776
0.49151621
0.4799794
0.74275655
0.42971055
0.02199401
0.57942196
0.19934179
0.36952029
0.53417727
0.9319114
0.58442192
0.58806641
0.94228163
0.9172577
0.29416291
0.36435696
0.55450745
0.14232323
0.74666091
0.58222111
0.06978
0.02697366
0.23206073
0.15488147
0.16817444
0.97979725
0.51688625
0.36716874
0.39059202
0.62194096
0.6029292
0.2998781
0.32259565
0.46778275
0.29812972
0.84841836
0.54942816
0.34688856
0.65750879
0.93531072
0.84902788
0.95761564
0.13963706
0.07931321
0.24331239
0.31079368
0.65071472
0.85670003
0.16191576
0.68601311
0.63809094
0.06869148
0.35823768
0.39563837
0.5907512
0.00015333
0.00075213
0.12792624
0.62096425
0.70048638
0.53711134
0.75355587
0.84498426
0.12316327
0.48219597
0.2606423
0.54156276
0.43343202
0.03662734
0.56803413
0.66187717
0.3499075
0.68387953
0.25840339
0.14685106
0.51734258
0.93110256
0.94067139
0.01943324
0.63501662
0.03121017
0.53014295
0.19183752
0.55486311
0.52601945
0.39682184
0.40831357
0.43374697
0.466231
0.45511009
0.92970624
0.3466
0.1051352
0.07728139
0.48168327
0.82552452
0.91191308
0.87542097
0.04719023
0.07613219
0.98464109
0.74366378
0.79263259
0.38520413
0.3112258
0.56895385
0.57215884
0.32231819
0.15820292
0.09993778
0.88207076
0.977996
0.3741424
0.12890556
0.21711851
0.59474654
0.58226639
0.24654115
0.21733561
0.02012976
0.03136172
0.37171673
0.58515137
0.02391942
0.26912164
0.81332389
0.78084437
0.71505117
0.69891652
0.20632261
0.11445443
0.80388481
0.34439457
0.36580206
0.2726455
0.10549325
0.06809112
0.88359014
0.6473725
0.75436338
0.58086762
0.35528545
0.19970744
0.26354083
0.66611007
0.47676121
0.1972226
0.58304437
0.50225999
0.38679103
0.60565381
0.9374345
0.20670116
0.86242167
0.42895258
0.96806491
0.6989128
0.52099401
0.24492949
0.73383675
0.52424622
0.40286077
0.87227322
0.95165682
0.24565214
0.51354255
0.152592
0.85037741
0.46970104
0.30847325
0.96842068
0.26073722
0.54669915
0.63243771
0.6988834
0.42273969
0.8436896
0.69996949
0.12854143
0.00069825
0.0212921
0.81733063
0.58949439
0.61595504
0.89345009
0.1703033
0.86604558
0.49897196
0.04427865
0.84992284
0.09067398
0.85324783
0.32096092
0.43217985
0.3786832
0.1528152
0.97846265
0.60750067
0.34871195
0.97441338
0.08816687
0.24168896
0.30493853
0.68044149
0.01153795
0.48883147
0.59704963
0.69766458
0.4401841
0.94571559
0.95562649
0.24737685
0.98195501
0.59465478
0.65863929
0.60656645
0.1361439
0.19157979
0.90615293
0.66949124
0.76185602
0.47290342
0.18245353
0.70979203
0.19747424
0.87103009
0.49909496
0.85014836
0.41573989
0.13881127
0.64755584
0.69155138
0.74927651
0.14810078
0.91935126
0.52628874
0.03228818
0.97402177
0.71818833
0.30219553
0.5784125
0.56274295
0.3333557
0.66400039
0.55166707
0.03202995
0.297939
0.80676984
0.66701479
0.05308658
0.50286327
0.01080561
0.72877831
0.16576817
0.98418664
0.23617618
0.06400332
0.68023833
0.49251702
0.13609581
0.10322207
0.88381824
0.2829757
0.43720152
0.07978184
0.61111551
0.92204771
0.03027041
0.28255696
0.7261122
0.55685474
0.30110094
0.08686155
0.8359018
0.29422591
0.75222818
0.91918637
0.23999346
0.27875783
0.92455318
0.06857976
0.87031426
0.37219358
0.43907859
0.64788334
0.24734981
0.68439785
0.311781
0.50447442
0.75521861
0.78151788
0.33911083
0.45887101
0.66507026
0.78333254
0.0055285
0.93927097
0.0298042
0.76432917
0.07878513
0.11282871
0.08390109
0.20275376
0.20777764
0.74966501
0.22058027
0.2335975
0.90569629
0.2031973
0.03394348
0.8423908
0.56515164
0.72869609
0.70385856
0.02452142
0.78114446
0.7085817
0.31862141
0.07322877
0.74304659
0.49103388
0.8409857
0.77429988
0.42564273
0.56684485
0.88792111
0.39918908
0.67006544
0.27195719
0.64083535
0.44018163
0.95826901
0.26832182
0.31673043
0.03192909
0.06267956
0.88108647
0.04642172
0.2918308
0.80275076
0.98371604
0.4021907
0.90705821
0.66500533
0.30339201
0.15480496
0.53105772
0.59667603
0.38680426
0.24917407
0.9094117
0.93785963
0.28816724
0.69807547
0.87391293
0.55741039
0.15137364
0.14734645
0.7299522
0.81027736
0.50278531
0.33291211
0.37362873
0.12941245
0.0632584
0.28938185
0.36207866
0.65339224
0.04297626
0.58834061
0.98909676
0.35107177
0.69752182
0.28239383
0.03867494
0.47068527
0.05104214
0.74531056
0.49403571
0.07591626
0.22499119
0.50919882
0.76165696
0.25106326
0.45994035
0.31658924
0.22675725
0.62283517
0.71135283
0.30309077
0.3874473
0.41030916
0.1681436
0.31683052
0.64980212
0.6265123
0.78833983
0.91872437
0.28944172
0.94265699
0.89131527
0.21297984
0.35210094
0.96650087
0.35920272
0.14898478
0.71669648
0.51972259
0.03168905
0.61571161
0.91618372
0.02542797
0.46296
0.57013141
0.67059008
0.47904
0.60214515
0.95370437
0.35095014
0.87933066
0.57458206
0.32469374
0.92790047
0.36128454
0.28335043
0.94045419
0.71821517
0.70693648
0.43718736
0.285119
0.28226506
0.20412622
0.2425394
0.30723185
0.95201909
0.71649089
0.03283416
0.52554727
0.28562541
0.60680367
0.91383427
0.13650803
0.75603643
0.74921889
0.56744702
0.91723622
0.22952386
0.35942909
0.44552221
0.51781498
0.3029289
0.12974634
0.15364467
0.91764351
0.30095546
0.15415635
0.0484842
0.75671327
0.44112451
0.40195226
0.02229386
0.60640606
0.28365157
0.95311651
0.82040941
0.68777344
0.26173942
0.60867761
0.29565961
0.2751508
0.83134583
0.49938356
0.89065955
0.48559027
0.59203551
0.58866341
0.28266735
0.42222601
0.87032395
0.90758866
0.40511316
0.048135
0.63415146
0.03270875
0.96771314
0.74459925
0.42790341
0.64350777
0.07386617
0.21179062
0.93045973
0.60888656
0.92915808
0.2222033
0.69817094
0.32216262
0.86633349
0.82010174
0.24070328
0.72228208
0.63646204
0.36840178
0.92999115
0.90158027
0.32139234
0.69541724
0.24755201
0.17334007
0.35466217
0.65697685
0.00734067
0.89314198
0.26439894
0.35019698
0.67764537
0.0134646
0.96638906
0.66861833
0.19832857
0.49033017
0.86817319
0.82573246
0.7619595
0.81888007
0.08944803
0.62852282
0.65627048
0.12271413
0.43217951
0.59750035
0.16261193
0.7743704
0.63872315
0.50558243
0.91124599
0.36351529
0.61639786
0.02678566
0.4620305
0.61488807
0.98558199
0.93573555
0.52899052
0.38314618
0.46752285
0.22936693
0.34106497
0.88936627
0.54874828
0.49753326
0.32913778
0.01123943
0.47580035
0.86873679
0.64124641
0.02614145
0.88280796
0.44630731
0.02955114
0.6614298
0.5523653
0.43688547
0.30537808
0.60651641
0.36517965
0.81515316
0.44666967
0.31764787
0.71528033
0.86373211
0.80807163
0.36650642
0.89234249
0.06369392
0.61062368
0.10823043
0.23762706
0.43037203
0.9487484
0.65314013
0.79685345
0.1426682
0.24436486
0.24346015
0.97688714
0.58670837
0.50472729
0.03677162
0.1976182
0.39895023
0.16253886
0.79804269
0.25910626
0.33051338
0.21333706
0.03000344
0.34286977
0.8817052
0.93708059
0.3616837
0.70722099
0.47452513
0.7448918
0.58393551
0.41214823
0.04817713
0.53866891
0.74985048
0.32428445
0.72168148
0.67833069
0.39804121
0.62175643
0.58356673
0.77303551
0.05521966
0.72706032
0.52657052
0.79918609
0.31481867
0.0972962
0.37333166
0.75598023
0.24357081
0.26156171
0.13355154
0.10612032
0.16526561
0.45198047
0.39115608
0.69569837
0.75395307
0.63618809
0.31827694
0.46655282
0.36206635
0.26319125
0.02445783
0.07313135
0.49688264
0.37091738
0.52765326
0.25941503
0.36011284
0.71001193
0.41079105
0.75867051
0.82542074
0.46635816
0.09760629
0.56424835
0.56819441
0.66775101
0.14331332
0.47045422
0.17491684
0.55925409
0.39248669
0.75935454
0.01003402
0.53657996
0.91268675
0.7760874
0.12592386
0.63263593
0.4815031
0.14247207
0.33335108
0.32440529
0.96442343
0.05622999
0.85859769
0.02437456
0.79602547
0.60446151
0.72291537
0.10259235
0.12530631
0.61121266
0.37234466
0.12685979
0.39532994
0.32607208
0.66110104
0.48343336
0.16175621
0.32043228
0.03245851
0.1235434
0.75828458
0.75936751
0.73508907
0.37672999
0.64082545
0.58288569
0.68267675
0.44103231
0.51572946
0.98586446
0.16921804
0.72624226
0.11767295
0.64472276
0.73854017
0.8265663
0.21975931
0.62267546
0.26457478
0.96162607
0.13867176
0.22912983
0.46457568
0.43674983
0.72977497
0.43206678
0.74911349
0.13114645
0.94466323
0.47637776
0.55939476
0.07437061
0.32534927
0.63488146
0.49207025
0.14101403
0.54778289
0.73006112
0.52242573
0.69653622
0.64455854
0.00021745
0.53093407
0.37230289
0.08097665
0.10395255
0.38912619
0.22185278
0.57002484
0.76148091
0.23317325
0.62896419
0.22765897
0.76955754
0.12292052
0.82084593
0.56692815
0.92958139
0.60781442
0.32988265
0.2308112
0.71303921
0.91210011
0.89466651
0.25288531
0.71254243
0.42798317
0.83216929
0.88305422
0.91362729
0.32327189
0.0115861
0.86515879
0.80803336
0.31619048
0.92951829
0.36874032
0.20391588
0.6740332
0.59307836
0.70270838
0.66960842
0.01536102
0.68706121
0.12394523
0.31553383
0.90630489
0.77825782
0.33138775
0.04374816
0.24275337
0.39815726
0.93848307
0.82639983
0.6573346
0.78157346
0.36721493
0.61597239
0.64201994
0.34468976
0.17219464
0.02992924
0.35030339
0.81167551
0.18754846
0.67049008
0.08999717
0.84062302
0.43017097
0.39206518
0.49307134
0.6971805
0.85106917
0.93592471
0.03436859
0.67074223
0.79188898
0.25895258
0.6173742
0.91976273
0.0863915
0.86705414
0.81328251
0.37707812
0.60744704
0.08136467
0.7329405
0.34582953
0.20031487
0.59369435
0.10568385
0.17405074
0.43215119
0.92206558
0.0748014
0.44915077
0.71104084
0.39998167
0.89103154
0.19100379
0.65220835
0.02416307
0.81529808
0.91392149
0.60032539
0.04649718
0.2426098
0.10165213
0.81591391
0.13747051
0.46219911
0.88282445
0.95990024
0.02565166
0.06315453
0.84559794
0.40898832
0.14136489
0.74102255
0.52709308
0.6932555
0.50325311
0.446665
0.58783922
0.253764
0.77764093
0.9752874
0.52562095
0.87592404
0.11384466
0.57143603
0.77080652
0.36031802
0.86787952
0.66455787
0.59056051
0.02769666
0.20814223
0.93853825
0.81561863
0.21998179
0.42103697
0.81836104
0.8537267
0.8283211
0.23830868
0.2258979
0.1361489
0.51152153
0.14466963
0.74188588
0.39722783
0.85221643
0.55706812
0.85822936
0.38135049
0.18912206
0.88159322
0.40696141
0.31949948
0.60842931
0.08157038
0.02903545
0.21097134
0.45097573
0.37966789
0.77407235
0.91400079
0.61474141
0.16994977
0.36000585
0.22383291
0.42336536
0.32988548
0.0599155
0.37827335
0.84716649
0.42912968
0.06636814
0.04664397
0.54162938
0.72851452
0.44543469
0.32684073
0.55485922
0.75180312
0.89436449
0.72487467
0.68716448
0.140359
0.20031353
0.76699829
0.26296944
0.80155632
0.19059186
0.66977975
0.84048763
0.28259625
0.30755839
0.84795527
0.26369597
0.85445075
0.08766722
0.19896156
0.88295871
0.18467277
0.16442107
0.95396325
0.26693822
0.05598032
0.95009084
0.65675999
0.47975375
0.5891792
0.75310807
0.67844707
0.08630616
0.80659016
0.8616322
0.39014175
0.10897979
0.92335484
0.03337485
0.46910322
0.46471196
0.77377852
0.78311653
0.92629881
0.08814912
0.15180706
0.81289453
0.0898808
0.21588612
0.40418754
0.50765672
0.34917593
0.63902507
0.47818008
0.28485019
0.54756584
0.04820244
0.32380314
0.9253055
0.48957132
0.86201819
0.08464374
0.1467709
0.68370734
0.09497613
0.69227248
0.54885796
0.63346952
0.27548887
0.70560458
0.73557002
0.30463079
0.13008961
0.6813756
0.17957368
0.42577365
0.48283194
0.49834118
0.90300034
0.3112608
0.1711525
0.12606454
0.62275155
0.66759739
0.32375002
0.84533921
0.67132303
0.1393932
0.23053078
0.09679475
0.18441598
0.67398662
0.1092549
0.71897526
0.02359979
0.75548942
0.22746361
0.27697383
0.36561501
0.16786026
0.38923259
0.01258632
0.6957528
0.15860325
0.34430449
0.75579864
0.97743768
0.19315032
0.26936639
0.31621914
0.03612348
0.62180119
0.62183321
0.63113327
0.73566094
0.84284295
0.58224941
0.65751072
0.95739708
0.10327622
0.06962338
0.81046967
0.94236913
0.32438581
0.43627037
0.24752394
0.34848202
0.28577929
0.65967369
0.02844178
0.16913976
0.36902148
0.2177609
0.85984363
0.28995166
0.17604634
0.32134455
0.22675882
0.55043293
0.70070091
0.48010184
0.16230591
0.46976841
0.82542552
0.68543748
0.70120911
0.60888543
0.3018821
0.46076716
0.78825297
0.27481146
0.53756774
0.23978343
0.23224349
0.73463097
0.03670789
0.45376321
0.28891286
0.86427438
0.34440167
0.4729916
0.42563602
0.72318003
0.70660397
0.98053966
0.77085341
0.71594363
0.35782611
0.91350454
0.57378986
0.87237654
0.80456152
0.33514305
0.18616438
0.06945304
0.85994238
0.89122966
0.58566693
0.69091653
0.15417673
0.10442595
0.03692233
0.30050404
0.545537
0.67562369
0.87789663
0.15390516
0.4494077
0.14895452
0.50691161
0.56655315
0.49726468
0.39554524
0.70362564
0.20078882
0.08504994
0.10972881
0.7187516
0.95409392
0.72606647
0.15939039
0.15023914
0.23173238
0.23563368
0.47386594
0.53356458
0.38469082
0.65921019
0.94671955
0.75949923
0.33728797
0.28104216
0.82276889
0.25893865
0.3910223
0.62208905
0.2311766
0.17808165
0.3119038
0.55264809
0.42570371
0.55114819
0.53721677
0.96810645
0.05718098
0.35349687
0.92611467
0.54146686
0.44879743
0.50770991
0.2976205
0.87011076
0.38485786
0.79285955
0.65228294
0.79382893
0.02641386
0.40044061
0.67093702
0.56333967
0.79003749
0.63304691
0.17861901
0.50330915
0.21167289
0.86635654
0.20886479
0.86228384
0.43605801
0.84164423
0.18779286
0.22897515
0.44597157
0.32740356
0.90825467
0.77851713
0.1640423
0.34621524
0.96755032
0.45852571
0.52291745
0.77889158
0.98429143
0.2577161
0.91308704
0.69274996
0.5655689
0.03989806
0.52352831
0.39669674
0.58932723
0.61444008
0.74217096
0.13943944
0.14318665
0.62126237
0.1870753
0.14232946
0.05973139
0.81290917
0.42932204
0.27511455
0.93303614
0.03745194
0.7294331
0.82703616
0.17178913
0.92343811
0.45374048
0.31049251
0.58908235
0.92481576
0.51812934
0.46262928
0.00553576
0.48135292
0.79397326
0.44607413
0.82370808
0.87213099
0.44798809
0.95698537
0.09743639
0.25376019
0.00876244
0.19366567
0.17163859
0.22307022
0.70619735
0.57494761
0.05541735
0.74944272
0.45170756
0.38362146
0.64807174
0.33917469
0.64299552
0.15924323
0.85365585
0.0428858
0.66107884
0.57838303
0.94190569
0.50383248
0.22336507
0.24322155
0.1484018
0.8212548
0.81414694
0.00969876
0.92118266
0.41568763
0.7208832
