0.67561714
0.13116635
0.56810451
0.74601842
0.71864625
0.5081806
0.80830356
0.39720277
0.64031191
0.60244778
0.34201916
0.15337854
0.67393994
0.54876882
0.77683601
0.03495993
0.32066948
0.75993903
0.21583845
0.27455139
0.26625921
0.81063011
0.64125469
0.2516146
0.89559324
0.05990826
0.91054397
0.70617462
0.72546041
0.97501887
0.29284222
0.54676541
0.23097912
0.47304135
0.26508953
0.73224868
0.64273887
0.96371585
0.25181183
0.14518356
0.79423764
0.20315139
0.64345434
0.69250145
0.81139438
0.06620321
0.15345009
0.63741689
0.30593207
0.10102014
0.54816148
0.77623419
0.51985384
0.32936639
0.84369771
0.5164392
0.46183284
0.09759692
0.66913167
0.97343727
0.22238552
0.72232816
0.19614834
0.11791577
0.59344436
0.85514274
0.82510767
0.08459155
0.53546649
0.7284029
0.3793461
0.91278018
0.75864439
0.06327231
0.26016697
0.83017408
0.15696151
0.03124345
0.90460234
0.21138061
0.95140013
0.41342139
0.62388227
0.56808904
0.37506751
0.91013076
0.86907452
0.3205534
0.75466669
0.87734466
0.08747205
0.64188926
0.34104267
0.57447545
0.66311881
0.0967787
0.59017685
0.71514157
0.73009229
0.4956719
0.86903699
0.25605326
0.55352614
0.2837174
0.21745387
0.58716042
0.11181822
0.66789696
0.75078224
0.30528212
0.43456984
0.13840196
0.81891246
0.78720421
0.38311054
0.87630078
0.40037424
0.34585473
0.5048907
0.19396147
0.84385127
0.06394471
0.21646678
0.813425
0.64569733
0.64123129
0.40549343
0.31248524
0.6405569
0.15743709
0.19537532
0.89239688
0.31972616
0.65002133
0.18950794
0.45414874
0.78131032
0.59720486
0.36779294
0.12997499
0.74396203
0.58649144
0.84917967
0.15640929
0.96625964
0.23282954
0.55753092
0.12238646
0.8129194
0.04103569
0.4877294
0.27207873
0.75983335
0.20051995
0.43043828
0.59717083
0.84782543
0.70820366
0.37360663
0.11406961
0.56909567
0.75087007
0.83203613
0.51768418
0.8169147
0.8521798
0.85752462
0.4746083
0.66777667
0.14401382
0.08781683
0.31551843
0.52318094
0.77465863
0.77079618
0.04125844
0.61331439
0.43671562
0.86766702
0.03337968
0.4737834
0.40184811
0.33094744
0.25143671
0.68560081
0.35166746
0.26115701
0.30886935
0.28874571
0.81253855
0.11122076
0.28903623
0.5939766
0.81586332
0.04479602
0.18290166
0.07865452
0.11940772
0.55475705
0.05646377
0.91323256
0.4482887
0.66520269
0.19572082
0.70617116
0.00236782
0.47635624
0.77479348
0.33931455
0.67685395
0.27200833
0.4374676
0.96801746
0.1872223
0.88122358
0.79805826
0.75387824
0.08919612
0.13470679
0.28867136
0.46252457
0.76670582
0.81762204
0.48237049
0.89225827
0.28177126
0.3139154
0.65599788
0.91005047
0.33137369
0.40871431
0.28683801
0.23311778
0.18021438
0.76886322
0.44189111
0.38109605
0.74461339
0.04689255
0.39024261
0.17410803
0.86219715
0.0420591
0.42901975
0.91268014
0.66656188
0.59145616
0.77244281
0.13048922
0.20510605
0.12381577
0.60832994
0.90829487
0.23333867
0.98354793
0.77166438
0.8927773
0.1416998
0.08835063
0.17585283
0.71994986
0.30747075
0.32403292
0.20153793
0.59535425
0.09108915
0.88353834
0.9464289
0.15455097
0.67264413
0.2639003
0.10575749
0.77957694
0.65431234
0.95676374
0.48123894
0.07502727
0.33848132
0.29424765
0.42325183
0.28525714
0.93332284
0.16783907
0.79661779
0.40757261
0.63967049
0.06717802
0.86648115
0.64204217
0.60809925
0.36748209
0.01528957
0.35225594
0.95382887
0.40397325
0.93251045
0.87689886
0.10120916
0.3139248
0.47921084
0.75620911
0.11285526
0.43534793
0.84748282
0.78478155
0.80973066
0.01698743
0.47005123
0.8319839
0.4646777
0.59515579
0.6586558
0.40784848
0.00098301
0.62346812
0.63293301
0.32316443
0.91643629
0.98605288
0.27316809
0.26213232
0.08631006
0.08006395
0.73853639
0.0371871
0.58921378
0.34203326
0.03516481
0.65874557
0.68194331
0.86817225
0.06626616
0.05367244
0.84942363
0.95414215
0.86157407
0.32902833
0.7839751
0.87601452
0.3424906
0.32119078
0.1734904
0.10278146
0.79239841
0.61630746
0.42194693
0.06042803
0.02205829
0.13556486
0.06429635
0.23144764
0.21438
0.08750762
0.81786431
0.45539103
0.07134923
0.75078553
0.7672076
0.04779371
0.45278851
0.1113988
0.51016145
0.10548336
0.67729567
0.69761552
0.26747993
0.36971971
0.58894302
0.53612827
0.75706095
0.60602884
0.97308606
0.09235202
0.49565267
0.20700527
0.98188321
0.64765589
0.02301486
0.85805807
0.26736432
0.94692836
0.69096897
0.26789516
0.64600519
0.49081663
0.54677052
0.2263071
0.3416045
0.70505565
0.32357265
0.71418428
0.65951353
0.94616887
0.61739341
0.31089354
0.88280991
0.18692806
0.05283055
0.82328928
0.58664782
0.06887026
0.7416141
0.24302283
0.95657725
0.13625769
0.25174088
0.73064861
0.48815115
0.58431622
0.84950845
0.48763833
0.38730139
0.38132128
0.56703653
0.17524871
0.2324693
0.55111273
0.22352672
0.63474747
0.16602949
0.11038912
0.67884026
0.3695222
0.08707603
0.66094639
0.86219128
0.35877497
0.07837458
0.38607496
0.47043558
0.54574492
0.68392372
0.48970186
0.16148263
0.0617525
0.9062948
0.95162245
0.87118675
0.70161081
0.58134955
0.31030188
0.70690602
0.41674394
0.84425363
0.5806842
0.20757657
0.07636583
0.97137363
0.00594973
0.97798952
0.31072659
0.52884733
0.9865399
0.57776243
0.54876767
0.57504274
0.94494286
0.21137337
0.55989618
0.49425286
0.58815475
0.15109447
0.29441503
0.07665573
0.58255468
0.37219827
0.55146694
0.72539256
0.65173268
0.28943009
0.05161545
0.02060943
0.19654966
0.34314635
0.55743939
0.78169327
0.90257749
0.35305771
0.63208952
0.64214936
0.48449919
0.95160925
0.70958404
0.23779432
0.72789592
0.56937075
0.34586358
0.52165954
0.32361464
0.77822594
0.3590478
0.1987291
0.20800956
0.18178655
0.30488168
0.29217696
0.49957738
0.48713086
0.28826175
0.34760406
0.62023709
0.35019532
0.42765016
0.52416666
0.56005207
0.98661019
0.22259506
0.9227447
0.7630756
0.25414881
0.31770483
0.26216084
0.94797477
0.29153281
0.20815093
0.88954579
0.62603819
0.85107334
0.34059794
0.69401255
0.02740463
0.47906544
0.55281362
0.51307794
0.70050497
0.76254236
0.47740618
0.95334218
0.25213599
0.74711103
0.92327539
0.15879919
0.8484804
0.93385174
0.13001553
0.3925853
0.48196655
0.79286488
0.69569795
0.76118331
0.74418147
0.98461107
0.0932929
0.0369347
0.19251043
0.55591272
0.83267079
0.55581846
0.70356971
0.89244479
0.20816589
0.33805068
0.02555807
0.4976392
0.08170866
0.83848436
0.18102441
0.92733866
0.55235963
0.33774237
0.37662476
0.35611632
0.82292225
0.14528192
0.4425371
0.8736499
0.92324801
0.59408708
0.12870397
0.24856749
0.42567191
0.89607961
0.38226871
0.23294043
0.07247956
0.24010023
0.3934796
0.85162237
0.80946316
0.43826688
0.93107724
0.19862175
0.08352877
0.2094675
0.14757088
0.76234576
0.73270078
0.17821717
0.06469003
0.45663122
0.55892965
0.78959557
0.75412973
0.28341292
0.0901927
0.0958387
0.26800065
0.30614928
0.35481291
0.45579846
0.5442981
0.4707852
0.18336688
0.18605647
0.8809956
0.09445389
0.4361539
0.98935482
0.44921898
0.111164
0.7226924
0.13977719
0.08925301
0.07260128
0.31634271
0.55288781
0.0837279
0.36250205
0.52914028
0.93429158
0.47596158
0.80869278
0.56046723
0.19186591
0.86500538
0.8385798
0.32691285
0.48378136
0.17658324
0.31892937
0.28071322
0.0764829
0.69096227
0.14390338
0.22577968
0.81827986
0.6216334
0.92410642
0.96092756
0.16796082
0.09981538
0.83100753
0.84402514
0.01445676
0.036818
0.78604872
0.74667979
0.97103941
0.2931909
0.06036418
0.30476516
0.40766955
0.0977302
0.14058446
0.38257327
0.59376424
0.36468057
0.84176369
0.85947291
0.03446454
0.47083447
0.01381493
0.36516734
0.690136
0.74593717
0.30464637
0.0456744
0.7230287
0.76931832
0.0702344
0.28716366
0.02471982
0.05683284
0.9731383
0.05617892
0.88906757
0.37206622
0.7334004
0.41193649
0.51365353
0.69442951
0.265231
0.55835967
0.6768979
0.05808997
0.80890434
0.88071986
0.56406886
0.89964555
0.35483519
0.02775945
0.17954702
0.17059608
0.85845634
0.36671404
0.00504339
0.55109061
0.65208063
0.67314628
0.01165963
0.09343834
0.86792879
0.62341229
0.50662938
0.73601621
0.78600396
0.3333788
0.72425219
0.00359505
0.41046066
0.45610619
0.49802307
0.8517575
0.03051764
0.1884605
0.08127075
0.4082141
0.27144466
0.6557269
0.73138615
0.56346415
0.21820522
0.69270831
0.16389803
0.81951591
0.44563731
0.26860275
0.59398162
0.71608762
0.88675689
0.69385383
0.62004182
0.04151385
0.98880011
0.51514514
0.33413382
0.98764321
0.95616832
0.47723453
0.01656735
0.55921261
0.74948719
0.13537703
0.00966968
0.29833131
0.65781136
0.50501471
0.46148596
0.88862736
0.87347531
0.82057026
0.624981
0.26635051
0.21196478
0.78787122
0.06473574
0.43805214
0.69073241
0.67770444
0.43252185
0.34071072
0.95137812
0.94446975
0.40375866
0.54620219
0.52743997
0.97131268
0.46478282
0.80171473
0.41807898
0.92868317
0.0880024
0.37175562
0.44833786
0.20076659
0.42653229
0.01547661
0.25622476
0.41516487
0.70873126
0.37718419
0.95949378
0.03138005
0.06803284
0.83257834
0.2895077
0.89188156
0.62755338
0.64821841
0.18366376
0.0065634
0.29503621
0.13661894
0.79625896
0.77203274
0.16124445
0.00190668
0.59783063
0.50701781
0.92298871
0.2563484
0.16263579
0.75466055
0.24456896
0.59477419
0.71732147
0.97991297
0.8797626
0.84872633
0.71732088
0.15978313
0.24467023
0.56497397
0.24825221
0.72405527
0.98656325
0.92377472
0.76537974
0.58014579
0.74665504
0.58532567
0.10303092
0.02004776
0.56671806
0.16187963
0.80464106
0.84638765
0.8463342
0.9408532
0.57884757
0.26482469
0.59956009
0.61128703
0.53995854
0.4446929
0.55979692
0.73679083
0.94177079
0.47746724
0.97254066
0.47125696
0.29680212
0.50584474
0.91375657
0.47996989
0.67784088
0.90159008
0.09076997
0.1320752
0.35606391
0.91871194
0.26512225
0.45907978
0.29033465
0.24955221
0.53429225
0.50477619
0.33462679
0.95258168
0.90074884
0.05350084
0.57559534
0.70389738
0.19079133
0.0354282
0.91496346
0.89994466
0.10834131
0.31410296
0.72855879
0.15850636
0.22395289
0.64544817
0.49527051
0.37801928
0.06217252
0.09418632
0.33262383
0.2541111
0.71308542
0.64711773
0.92107033
0.03551235
0.74221936
0.57851894
0.06895182
0.56875544
0.00351367
0.9884325
0.01992354
0.45221166
0.47540892
0.26223303
0.86479146
0.3630506
0.56407279
0.58000193
0.42634229
0.85575087
0.07897762
0.24613008
0.38575839
0.47500475
0.79935027
0.8094096
0.66023772
0.84988092
0.97939953
0.82249058
0.82236454
0.88397095
0.13883804
0.92279253
0.17493414
0.63311859
0.80612237
0.50118048
0.74968647
0.27363094
0.53702777
0.09755803
0.11674118
0.54518865
0.88419558
0.02678158
0.03468473
0.907853
0.41881123
0.39955089
0.19962981
0.95547226
0.49525644
0.73203294
0.67495279
0.76132558
0.40837338
0.97961642
0.88551681
0.37885677
0.03208469
0.53212806
0.55251241
0.92835581
0.9822604
0.50664434
0.16559354
0.18206358
0.11187647
0.79848027
0.73967535
0.79624268
0.69895096
0.67515373
0.47148611
0.44199305
0.53342671
0.04540074
0.03552871
0.53384774
0.83838219
0.45178165
0.10236101
0.95174499
0.38743373
0.05035575
0.2354815
0.23513752
0.85307771
0.38827075
0.85333576
0.37379899
0.90696855
0.70326194
0.04287529
0.78726517
0.16413171
0.46699464
0.9124352
0.92520473
0.3104495
0.64026149
0.96403646
0.8137128
0.05824381
0.41520396
0.00752382
0.30741791
0.5795627
0.9629427
0.52498131
0.0528724
0.84774054
0.40648974
0.47936238
0.01121691
0.9590058
0.49647939
0.58128503
0.66508247
0.63598328
0.2260806
0.23713026
0.32197826
0.81829643
0.66398845
0.06209521
0.1843776
0.19655736
0.0960919
0.72573766
0.97919288
0.02752339
0.7644751
0.52050178
0.23489584
0.54796236
0.89772728
0.57652953
0.67284629
0.14557224
0.34555048
0.71979703
0.51374891
0.1911506
0.36348425
0.8415694
0.62587228
0.82459426
0.97609148
0.88991848
0.19949211
0.85144122
0.48338397
0.21137743
0.49981504
0.38284346
0.10636892
0.90423644
0.95389131
0.15059637
0.78788668
0.45777335
0.57262307
0.16067419
0.91328736
0.98423718
0.30692145
0.64396666
0.07441128
0.79501488
0.16310338
0.46652511
0.52308066
0.11688448
0.50991714
0.89754497
0.151992
0.9673258
0.86445903
0.93973621
0.98599022
0.85678339
0.25312754
0.64793046
0.68263103
0.27107702
0.70520306
0.89853999
0.97620068
0.89188993
0.1345697
0.46615219
0.61433723
0.42322152
0.14300948
0.4449785
0.52998009
0.88048955
0.41056816
0.89157062
0.5347996
0.76833711
0.38604666
0.9053499
0.83324661
0.6578416
0.15568593
0.59074315
0.83468957
0.09926181
0.74291698
0.42432059
0.43770729
0.15692562
0.57353162
0.50967059
0.78298916
0.53147463
0.01426086
0.76383104
0.6964869
0.89785749
0.58621996
0.5620322
0.33669189
0.46830778
0.67754564
0.29359644
0.35636209
0.39014001
0.58693512
0.09809875
0.05983052
0.95506147
0.83828705
0.51042116
0.77014263
0.01590414
0.68413286
0.14475098
0.80542479
0.60127833
0.22624476
0.65636249
0.72933019
0.9588034
0.68932884
0.45076436
0.61842688
0.02490001
0.73390389
0.04760727
0.40262834
0.53586248
0.89139862
0.86385936
0.01674332
0.31103899
0.16534886
0.9881558
0.23184423
0.28437421
0.31975246
0.89006107
0.86832921
0.74830087
0.79863551
0.16809827
0.06034206
0.73898037
0.87570474
0.70942218
0.49939857
0.3430522
0.61685429
0.89367624
0.3142299
0.74174891
0.63647353
0.91200495
0.03635711
0.71427706
0.50099372
0.00852347
0.05717082
0.34416265
0.28842887
0.36864658
0.49787308
0.61194106
0.76715197
0.46662551
0.97939285
0.72240355
0.9018206
0.66735918
0.05563712
0.40837724
0.94966858
0.27278907
0.4720087
0.50896232
0.29848933
0.11668945
0.53706184
0.91696711
0.96854448
0.89341743
0.52156811
0.71032725
0.85258897
0.95066873
0.4293394
0.01544386
0.52412736
0.79588517
0.53414373
0.01809729
0.46777851
0.77567499
0.9760237
0.27031916
0.60329365
0.97970003
0.02445584
0.61337966
0.28012994
0.84035765
0.00641821
0.42420753
0.26381491
0.86437633
0.61996485
0.44317762
0.63092085
0.16694108
0.79039557
0.82806705
0.71121745
0.81960034
0.40583869
0.86637607
0.3621229
0.2022621
0.87716168
0.72042671
0.64557329
0.34910221
0.67892872
0.80791681
0.97021233
0.79815839
0.17548889
0.82387868
0.30760549
0.7059176
0.25734431
0.97640092
0.80600139
0.74045654
0.98489433
0.62025518
0.01577192
0.54696587
0.68515265
0.56720209
0.85169143
0.92100702
0.09498999
0.21311376
0.12170905
0.59999209
0.4797266
0.71933551
0.86917948
0.09601967
0.19448039
0.58700747
0.21811312
0.00685327
0.14487589
0.49301916
0.49272329
0.63248838
0.34334799
0.30102303
0.32341994
0.96496562
0.42182159
0.42817445
0.16820309
0.67862943
0.4646217
0.72480674
0.95103057
0.6342291
0.91747162
0.04560824
0.73999834
0.37570884
0.22775348
0.93421821
0.68852431
0.53831625
0.11888322
0.69635447
0.65530447
0.06961947
0.43769335
0.05019797
0.6049476
0.19638901
0.75373522
0.3940213
0.66799646
0.01199418
0.24436955
0.763268
0.37624291
0.25382443
0.57309978
0.77144482
0.78191437
0.11385887
0.63408536
0.95555642
0.39120329
0.5204717
0.49682001
0.41705452
0.09020892
0.82758757
0.77581367
0.05966781
0.83667834
0.2721373
0.72997625
0.22093667
0.75120209
0.32696462
0.13166744
0.89021061
0.74474818
0.64853396
0.49718557
0.740854
0.2647401
0.44915276
0.00599954
0.42281435
0.86846463
0.89797075
0.94771609
0.648434
0.77418942
0.14759322
0.79472053
0.67806355
0.10942258
0.55820885
0.62801723
0.91736488
0.30489751
0.09881583
0.96599687
0.37765151
0.68391311
0.92092463
0.58187087
0.83432073
0.24266817
0.66199371
0.19247592
0.39917414
0.80136683
0.26209394
0.48616779
0.94227519
0.22139505
0.98243379
0.67173741
0.18795539
0.02368011
0.23989735
0.76909539
0.28069724
0.31285168
0.49325015
0.53156669
0.21211784
0.355366
0.7183791
0.26102676
0.97362443
0.21749977
0.65176703
0.01752022
0.75088549
0.87889869
0.12596616
0.33344356
0.84006732
0.25040284
0.73609335
0.52683264
0.25107762
0.43293332
0.01787121
0.50140531
0.90333997
0.08624044
0.37502811
0.94104729
0.74252097
0.44879805
0.18923938
0.18754786
0.89247346
0.24763962
0.06661244
0.29533859
0.19172856
0.64997485
0.94527738
0.74680729
0.10171571
0.04805198
0.26993134
0.25576706
0.16894552
0.16814873
0.79680842
0.79601163
0.24181064
0.48767427
0.69496729
0.12310367
0.55831055
0.7304695
0.37298059
0.55425842
0.64371339
0.76648711
0.3441286
0.02770747
0.62232789
0.15865989
0.91925942
0.18277649
0.20648717
0.21400345
0.96457019
0.85824039
0.7817895
0.41810764
0.35326085
0.22467957
0.30162163
0.64007608
0.91361367
0.02569474
0.95635998
0.55633866
0.17480982
0.62566523
0.20250387
0.52322656
0.25874271
0.7214166
0.81701808
0.52660158
0.76650459
0.79161718
0.00025792
0.60223188
0.90282036
0.11874377
0.82669943
0.53385466
0.28987676
0.52847648
0.09483712
0.27700814
0.89431157
0.50817493
0.07894302
0.88813113
0.67524128
0.57286591
0.07302197
0.88558345
0.56838097
0.1781824
0.37654199
0.035209
0.0272073
0.86624058
0.93046784
0.10691959
0.74692127
0.0693814
0.05876158
0.16944442
0.2990716
0.07319473
0.23773783
0.11490624
0.36483262
0.15400899
0.41626121
0.70582233
0.98585711
0.37370602
0.10690404
0.24094674
0.16159375
0.19589782
0.06068494
0.63860093
0.43129577
0.15565719
0.58583896
0.70732475
0.0206885
0.88676313
0.78067396
0.96531272
0.64465712
0.24082514
0.12099401
0.66879239
0.1305691
0.91782137
0.26692762
0.02642961
0.5368277
0.58478115
0.54793194
0.32184759
0.43949471
0.72670122
0.95392255
0.75504453
0.9381321
0.92678128
0.6091233
0.417385
0.36123994
0.94694172
0.85303266
0.68938135
0.81675631
0.60886793
0.07056152
0.65113146
0.05842282
0.80873305
0.84806457
0.78683932
0.88019471
0.16403843
0.54273773
0.72898074
0.92617265
0.74616997
0.77867472
0.76586065
0.63618153
0.82850954
0.66306161
0.14615877
0.13791285
0.98406272
0.22449372
0.741996
0.80233854
0.7741827
0.98463282
0.50205887
0.36363284
0.26227
0.30332348
0.86416094
0.1300419
0.57645599
0.78090581
0.22040573
0.85209171
0.50699319
0.25023527
0.93178338
0.48279906
0.92786595
0.67366593
0.49285628
0.46416984
0.71995666
0.43740144
0.66042053
0.68803019
0.8303046
0.84078498
0.30559994
0.37418229
0.53837973
0.90407314
0.58809146
0.95238306
0.71107289
0.67405322
0.17997979
0.50024708
0.67326299
0.50479333
0.65062878
0.31951082
0.58162634
0.27860172
0.16316372
0.53187758
0.42007678
0.50800968
0.31256041
0.40934977
0.53008915
0.61362733
0.71229568
0.11491435
0.53011748
0.49786537
0.87179508
0.43424188
0.98570007
0.8669623
0.75896158
0.91623884
0.1990699
0.87423492
0.79071302
0.91744072
0.46819135
0.41332081
0.20898005
0.46865794
0.47107784
0.07881676
0.06603032
0.1316028
0.42598752
0.66078055
0.42166146
0.20554611
0.16668147
0.11598069
0.76859804
0.17546799
0.87242933
0.3817993
0.09514547
0.00104341
0.24038404
0.22797193
0.03955292
0.65158774
0.8201721
0.30658265
0.96018678
0.1252494
0.83395224
0.39625002
0.25552082
0.26417026
0.95546737
0.25266946
0.93902015
0.32565261
0.09276518
0.80279656
0.91180267
0.76930929
0.75302109
0.02987989
0.23256496
0.54313771
0.43631433
0.86170027
0.95390894
0.59682801
0.89479974
0.16225285
0.62959681
0.59249436
0.95107889
0.25485168
0.47453099
0.47941927
0.40892125
0.50483276
0.57765138
0.92547603
0.03600469
0.50645882
0.94702666
0.40985824
0.80547128
0.24718368
0.19578098
0.659039
0.76173949
0.40139207
0.25386253
0.95110394
0.10585453
0.64969587
0.21023022
0.72243053
0.40198956
0.74491329
0.67126564
0.80980315
0.24431823
0.87135446
0.2930684
0.10633106
0.53215581
0.44462424
0.62170535
0.05730229
0.29660557
0.1297381
0.59220887
0.61172385
0.24410185
0.82160931
0.61498231
0.25114616
0.77646644
0.40388527
0.1245839
0.77442497
0.85225756
0.04800256
0.012911
0.4490598
0.42342676
0.02820784
0.24274316
0.90515456
0.41111059
0.88694215
0.53615435
0.20977555
0.91224654
0.89588749
0.19763327
0.24399419
0.08502803
0.3233293
0.77191232
0.05586538
0.36813484
0.10181325
0.86080886
0.58419871
0.63051442
0.95154743
0.64137216
0.75166026
0.17352686
0.60030113
0.54632397
0.93306482
0.69455498
0.75363449
0.62363734
0.00621477
0.17715128
0.37174618
0.57319815
0.68806386
0.88345809
0.56617152
0.7207101
0.94900436
0.90586922
0.08386635
0.63988941
0.72967
0.76813167
0.94524338
0.26052454
0.46631408
0.35954947
0.00793988
0.03260452
0.6806031
0.0124508
0.75853093
0.3229675
0.97880677
0.79997205
0.73090051
0.27383531
0.62503189
0.62699144
0.56885816
0.94452062
0.21920722
0.06703406
0.32606247
0.79940684
0.88249964
0.46463324
0.44929461
0.25455316
0.33299861
0.80535247
0.1429559
0.55807433
0.93334519
0.69141306
0.79748966
0.24048862
0.65431429
0.86539523
0.30076602
0.47845205
0.32471971
0.48808423
0.8417982
0.4480943
0.85171237
0.15877377
0.00263011
0.90593625
0.10909656
0.16006165
0.42599013
0.58541122
0.01566963
0.20461305
0.97281097
0.18189025
0.6509399
0.274042
0.73185391
0.90130356
0.51231771
0.41634146
0.50417487
0.79823097
0.85218373
0.1935868
0.42585518
0.1171898
0.37760974
0.89119753
0.40292648
0.38956435
0.33484642
0.85269555
0.63451625
0.98063255
0.92560392
0.7293456
0.07611938
0.22516088
0.29497239
0.59549298
0.04286975
0.22176889
0.33733216
0.35073072
0.47922234
0.25678059
0.92613216
0.61936617
0.31007227
0.10944512
0.15499795
0.51717937
0.09636913
0.73849849
0.48280819
0.82771214
0.97693949
0.05162173
0.35484594
0.57341798
0.86783835
0.53755589
0.87905272
0.97845287
0.04349611
0.25880817
0.593301
0.74104431
0.01785579
0.02396435
0.92550058
0.76975963
0.26185678
0.66942702
0.68464567
0.91783242
0.97282243
0.41326419
0.18046112
0.81944438
0.0957375
0.49576089
0.67807443
0.81459717
0.88926
0.24809786
0.5867267
0.35050486
0.02742158
0.82636688
0.96653802
0.56943998
0.28375005
0.95417721
0.28381778
0.75622077
0.06400472
0.35768402
0.62776528
0.76115514
0.07345015
0.63150348
0.11004475
0.71378324
0.33158718
0.85232958
0.08497042
0.78274619
0.48228006
0.66286676
0.24848966
0.83396392
0.73083143
0.0042992
0.01036507
0.97620824
0.3299294
0.58334199
0.27427929
0.43762206
0.35796246
0.52538186
0.92240284
0.68019501
0.01896552
0.06885318
0.30454537
0.44635518
0.69159762
0.78580791
0.68504912
0.45826966
0.72244491
0.02613088
0.10538586
0.19373123
0.69476737
0.05260176
0.47663944
0.36448558
0.44736293
0.55231402
0.31976261
0.42741313
0.43378756
0.90997923
0.55024415
0.83708681
0.80319434
0.7408728
0.0705408
0.28516015
0.60851053
0.64662352
0.9183949
0.34207174
0.64722658
0.65881944
0.54179066
0.91156409
0.40484391
0.32981621
0.61666501
0.79029738
0.78538043
0.47850659
0.64570019
0.88372621
0.33245292
0.36187276
0.07828795
0.5862644
0.53527802
0.59982908
0.87622756
0.2113287
0.75660242
0.58073978
0.06979783
0.19938607
0.12950066
0.38880133
0.93635738
0.53208154
0.21415232
0.43419151
0.69805052
0.77497362
0.64058859
0.7351329
0.84344115
0.7754519
0.61854439
0.61397945
0.12115155
0.83563761
0.4084241
0.49814736
0.81026532
0.7808816
0.9386738
0.5004023
0.25280495
0.86613066
0.11583939
0.32729241
0.04308943
0.80399063
0.54790568
0.03296497
0.87470065
0.58869082
0.85840546
0.05131518
0.54315927
0.73465505
0.5544042
0.4409237
0.51519148
0.9646004
0.85787158
0.68821147
0.64312114
0.80116051
0.43503565
0.32800257
0.34690663
0.61943132
0.32656445
0.67805754
0.88066334
0.55972006
0.0228955
0.77357757
0.93006924
0.03233561
0.22476941
0.77472577
0.49647665
0.23732117
0.0594897
0.2223652
0.3567491
0.91698964
0.53171686
0.93437388
0.83254287
0.94888882
0.05128259
0.01314456
0.6203368
0.1892369
0.06656378
0.78156264
0.036967
0.55902853
0.39655278
0.21450188
0.089058
0.53884745
0.59711865
0.09001908
0.91922966
0.46759832
0.34908794
0.18957384
0.36879788
0.78422568
0.7029087
0.83119699
0.03801366
0.49101378
0.39215914
0.57046016
0.96516245
0.26075902
0.77298317
0.23025214
0.69859194
0.93170551
0.75605922
0.30271983
0.21776282
0.47115177
0.28603952
0.8074633
0.00932874
0.71322944
0.93730704
0.88512855
0.95371532
0.86318669
0.28682489
0.11789929
0.64519724
0.6289029
0.32407442
0.93581
0.54202381
0.55624279
0.51738597
0.95190763
0.13366474
0.83753546
0.59727649
0.36788614
0.78148639
0.1867693
0.52223343
0.22827924
0.08735585
0.75321704
0.42441713
0.76680783
0.5601025
0.3320299
0.04341413
0.68306338
0.21030242
0.53506927
0.96786274
0.5679653
0.04463571
0.98433115
0.59376564
0.67021702
0.10554961
0.23804605
0.1843979
0.13942111
0.0039076
0.30780906
0.44469567
0.74497447
0.76692362
0.12098146
0.90504638
0.4244539
0.78784828
0.97628306
0.46279792
0.25723802
0.28837708
0.71737356
0.20409359
0.44140616
0.72195618
0.11877889
0.62459097
0.29392618
0.04591583
0.87565888
0.0253023
0.86265278
0.18382492
0.37710752
0.04957591
0.36043621
0.45465123
0.93205407
0.46137556
0.56117132
0.61537224
0.28176561
0.05717725
0.82630704
0.2123056
0.58215942
0.39892774
0.0086585
0.75438387
0.52249193
0.16756494
0.53034913
0.89138197
0.34037014
0.52586328
0.59484144
0.51886144
0.71082029
0.25870378
0.64449255
0.90731987
0.70850905
0.93336302
0.48017812
0.65364381
0.53085508
0.31064741
0.22133734
0.88006834
0.78851858
0.56556836
0.09861598
0.46788047
0.82358375
0.59020732
0.85340454
0.00179915
0.62230148
0.48231111
0.89967317
0.22390812
0.80290339
0.46682602
0.29825275
0.74805297
0.90115583
0.80870947
0.42362599
0.94538399
0.41185721
0.57298856
0.31240998
0.40506484
0.10622174
0.29429827
0.24798352
0.81303707
0.1917044
0.70082586
0.48499584
0.03351575
0.27789515
0.8718199
0.58431775
0.36807262
0.34265275
0.89423015
0.71894254
0.96275406
0.47487129
0.07321985
0.86221796
0.39674736
0.84750015
0.87414589
0.69223588
0.48110487
0.669791
0.36660713
0.29202478
0.4944366
0.59114433
0.45327396
0.3447138
0.76792715
0.15046512
0.1640192
0.00279169
0.07095878
0.42764808
0.09784606
0.5849114
0.40608814
0.12445909
0.28676507
0.03134749
0.47302099
0.50327668
0.11790126
0.05874058
0.15138308
0.17431761
0.1564815
0.3511817
0.14581136
0.50257453
0.50285789
0.51709791
0.57426344
0.50497539
0.96888285
0.70705897
0.22403841
0.69277059
0.76177141
0.87406805
0.29255215
0.46085979
0.39265418
0.03802485
0.67456883
0.32496196
0.53984938
0.27475134
0.68702356
0.89925638
0.03494188
0.1855528
0.07932051
0.70671528
0.74544408
0.76413601
0.29032489
0.3078936
0.39030512
0.76726258
0.63470334
0.58607665
0.01233552
0.40455822
0.21136603
0.23210348
0.83318005
0.31051535
0.43861124
0.07127785
0.09027817
0.26028611
0.47835548
0.89000726
0.56729326
0.24855002
0.63324705
0.39566016
0.0650825
0.90624916
0.2479258
0.09104075
0.1214666
0.00154475
0.30436542
0.43832234
0.9162566
0.60139189
0.59976551
0.61234331
0.10370796
0.19837945
0.03599401
0.98705906
0.72468151
0.15105603
0.77276567
0.21303188
0.33354613
0.41479677
0.71121083
0.7766125
0.58835835
0.69925442
0.9203022
0.39331919
0.23277917
0.10935454
0.79925181
0.10252413
0.29387313
0.49956604
0.81092721
0.20454168
0.75585016
0.30200468
0.78238935
0.31662219
0.34448727
0.53355541
0.2843005
0.94606023
0.45165923
0.18915095
0.33196635
0.97335266
0.42094952
0.41769762
0.81617851
0.24522537
0.14967212
0.89305589
0.71774732
0.22169864
0.96268208
0.22887546
0.72773376
0.4845929
0.97435829
0.41670502
0.59998594
0.66944991
0.80117508
0.56106938
0.45690239
0.90140644
0.39134546
0.71849124
0.82580166
0.51236269
0.44062708
0.07972758
0.04594396
0.34317096
0.34732933
0.19074054
0.00352366
0.39602738
0.44574363
0.30030239
0.70924615
0.37314341
0.54466657
0.13935116
0.37070488
0.43620581
0.1612267
0.57512733
0.96507507
0.56799205
0.74056431
0.00016313
0.20861814
0.34280282
0.38232167
0.5578619
0.31060432
0.117892
0.27523305
0.4514349
0.78251928
0.29020939
0.18890936
0.1631346
0.30032984
0.62341605
0.14271675
0.47568111
0.81693293
0.04109673
0.82939593
0.70653196
0.94884225
0.8885775
0.65925826
0.9829118
0.49109306
0.76872104
0.26484575
0.10396283
0.6876492
0.87609818
0.10561347
0.72405652
0.35687882
0.03291247
0.51445369
0.78513782
0.66861159
0.95669764
0.24786305
0.87984219
0.55516949
0.48294783
0.17325308
0.85398532
0.72353348
0.23093599
0.7238926
0.76608535
0.6969401
0.98849033
0.60200889
0.3634149
0.21692726
0.95204252
0.0349203
0.4985717
0.27663429
0.91141552
0.68157707
0.76588055
0.5550092
0.46645848
0.28701717
0.55140842
0.07509918
0.39881301
0.78347674
0.86073045
0.67485844
0.5113716
0.52511052
0.07246551
0.38635264
0.16303489
0.33422295
0.05081493
0.80479269
0.40032586
0.48827913
0.54142059
0.6700063
0.4619358
0.50865557
0.98542923
0.13247351
0.07752557
0.77638843
0.89060068
0.88563913
0.0198284
0.85773515
0.04375698
0.10827362
0.6997272
0.10195911
0.50720223
0.72099092
0.5920405
0.68803303
0.92657587
0.27810041
0.25612314
0.38773394
0.21707657
0.76581519
0.9716517
0.14414784
0.57092906
0.52366516
0.64531233
0.46120485
0.48131434
0.69354551
0.57341637
0.76806437
0.68177365
0.76749858
0.67747149
0.53908857
0.87890348
0.25277168
0.44133205
0.56235818
0.42559938
0.25949012
0.62146538
0.85618138
0.96530842
0.96621182
0.96311637
0.12842436
0.24614585
0.80067291
0.10002245
0.34299524
0.95837251
0.32902709
0.21252985
0.65579104
0.80508609
0.64034952
0.25367121
0.95046081
0.6533926
0.75591905
0.15908952
0.86791594
0.88813105
0.2533933
0.74260025
0.87356976
0.26831139
0.05326869
0.03585186
0.44010002
0.25543383
0.84497617
0.79077472
0.65329277
0.27849432
0.28528203
0.59774645
0.31454906
0.36674757
0.27894354
0.16008211
0.21878293
0.13082273
0.76750419
0.31312498
0.65500313
0.12501119
0.4094576
0.9443686
0.34732214
0.72622845
0.34007364
0.16922558
0.97038681
0.57699084
0.33235929
0.06682023
0.67484987
0.59251474
0.79028336
0.14769544
0.78488016
0.83670059
0.77010301
0.73719084
0.94325495
0.934756
0.81735595
0.22874
0.08817356
0.37297296
0.67014496
0.7096786
0.94326065
0.5402298
0.05191774
0.06722561
0.8908288
0.92706709
0.68559287
0.23293541
0.29495318
0.65204901
0.01092434
0.18753884
0.41434034
0.62955018
0.43583425
0.60923027
0.39197508
0.27047409
0.7744659
0.51389381
0.20359666
0.85418972
0.05095367
0.40328812
0.31881045
0.53906883
0.28540603
0.82886631
0.79873019
0.22688003
0.22508128
0.95713933
0.30087087
0.7985921
0.35991403
0.2172591
0.72832277
0.53114076
0.60829124
0.75481807
0.00941956
0.19138788
0.36854221
0.89732048
0.53144666
0.59680199
0.11501313
0.67459052
0.07714661
0.89886303
0.94997344
0.59786179
0.03958473
0.35844925
0.44148156
0.45877215
0.44724811
0.96256861
0.12220027
0.80289242
0.29631324
0.03681358
0.78924771
0.82792776
0.88887698
0.46820982
0.69213378
0.64847663
0.22767848
0.29686299
0.42311639
0.53061554
0.44134632
0.90951145
0.38721015
0.86539117
0.35064829
0.74483412
0.37880381
0.45168433
0.17503824
0.76662191
0.83861228
0.40935567
0.82397421
0.1375056
0.24189336
0.0105999
0.41688481
0.04431167
0.84302285
0.95566053
0.62165501
0.0814385
0.16976892
0.6712691
0.73600816
0.30629135
0.47666337
0.36890142
0.64801335
0.06751125
0.88088749
0.75412551
0.19112935
0.14119043
0.92626527
0.22124447
0.7528518
0.84633334
0.6997186
0.0823534
0.0128932
0.49602298
0.49876994
0.79502581
0.21195175
0.57022153
0.59673782
0.52805961
0.91364813
0.58197456
0.31161144
0.73006342
0.62273721
0.60294272
0.07664639
0.46452393
0.10909477
0.94729953
0.10892908
0.5556902
0.28784896
0.67406873
0.08603443
0.74560582
0.60479882
0.52356295
0.49651451
0.43410229
0.55320055
0.92453045
0.31592148
0.20061963
0.76659461
0.72157944
0.88552246
0.47457169
0.20344739
0.18173594
0.94054628
0.92875489
0.84435504
0.03794651
0.23405522
0.72714432
0.42962244
0.3803286
0.4491846
0.57010493
0.20898321
0.98345727
0.36214656
0.77977981
0.69760465
0.20981316
0.42549727
0.51080061
0.49634398
0.50912178
0.11448828
0.89382418
0.51465273
0.17069497
0.47940553
0.79787473
0.47961682
0.37567458
0.8748358
0.22485983
0.4486285
0.89363525
0.5440485
0.00604004
0.12626517
0.62253683
0.37721836
0.2491883
0.89086411
0.88290188
0.21373284
0.82148926
0.71401024
0.5897544
0.22159153
0.38916015
0.32021511
0.70319566
0.87335573
0.74663608
0.47617494
0.79544202
0.55953787
0.72219712
0.25903889
0.50323194
0.52460633
0.0170954
0.43944008
0.71695345
0.16844698
0.30648154
0.39001347
0.39961522
0.47233664
0.53563886
0.27521703
0.59959435
0.63646772
0.01988682
0.18379385
0.1110781
0.6859224
0.22583013
0.36215649
0.38465049
0.25573677
0.44779815
0.80249709
0.38698908
0.04151756
0.47746187
0.82314403
0.98383151
0.74022396
0.51722895
0.70230084
0.01265344
0.81933938
0.23836873
0.68835315
0.63051118
0.93609183
0.04558089
0.62889336
0.78702894
0.18630548
0.85182262
0.66103838
0.87582433
0.46393354
0.77082507
0.59064963
0.6665859
0.47563489
0.2227579
0.19315223
0.63808359
0.68218695
0.8809593
0.20185561
0.62272227
0.29982059
0.31366477
0.72187614
0.16946441
0.25986251
0.72239938
0.44680108
0.61298909
0.25698848
0.33767448
0.38669203
0.80900815
0.42942232
0.4600714
0.89164585
0.69337318
0.47673084
0.20051989
0.31281744
0.1737567
0.24347011
0.9455775
0.78093305
0.19632936
0.29353382
0.23271422
0.96652688
0.95652088
0.26644357
0.59077313
0.5659057
0.75931653
0.82773882
0.13294214
0.62288881
0.63174519
0.07050837
0.03669211
0.00844323
0.74542849
0.25970962
0.08443128
0.29615882
0.01214961
0.86260576
0.06609954
0.31557384
0.89535229
0.22076981
0.85374414
0.10829029
0.33397351
0.23506146
0.03312193
0.52104388
0.37522886
0.54048798
0.22575594
0.61680992
0.04386032
0.85562585
0.72639946
0.81025791
0.58245245
0.21024528
0.81917831
0.8961063
0.43266905
0.62839781
0.46264975
0.82388591
0.58408823
0.26928587
0.23666528
0.77534564
0.11627726
0.96735993
0.89161452
0.28221103
0.26062939
0.67695197
0.21750555
0.16989959
0.0047397
0.92041849
0.14530868
0.33387237
0.47067441
0.96148002
0.170565
0.55985235
0.08533926
0.32230295
0.93527797
0.98889207
0.1524151
0.57857968
0.97673393
0.38867591
0.24525186
0.14859374
0.22255393
0.09418148
0.30326581
0.08657013
0.02900582
0.31429011
0.49439222
0.13431956
0.63869277
0.60751688
0.18506502
0.28065822
0.9371245
0.59408067
0.77823712
0.89388269
0.33071851
0.6103568
0.5987866
0.46417151
0.09986537
0.51838292
0.20749837
0.74845481
0.05413859
0.23865915
0.60419478
0.69796752
0.77191452
0.61220283
0.18839266
0.2348366
0.38353597
0.18938484
0.57886519
0.2069411
0.93282731
0.35400502
0.77108648
0.92458655
0.21011887
0.07404988
0.41567348
0.15659814
0.29814979
0.73529812
0.55730886
0.69799453
0.64797763
0.43359356
0.85895761
0.39196488
0.98029299
0.90284731
0.78075482
0.81455372
0.69982315
0.19061171
0.34306106
0.5682887
0.47741899
0.73388346
0.56529898
0.10913904
0.27342299
0.64117545
0.46933011
0.48547906
0.94081973
0.61947686
0.75316652
0.72795656
0.76116695
0.4149464
0.90470488
0.00938505
0.40557206
0.1333183
0.89960685
0.82677256
0.54721883
0.98447697
0.20287653
0.83310624
0.41390218
0.49811303
0.90117668
0.82823065
0.64658721
0.82655172
0.56084156
0.61955447
0.60576141
0.72027321
0.32305968
0.43196667
0.71698495
0.51489971
0.10772045
0.72222788
0.00242664
0.87538193
0.54968
0.78649425
0.76675055
0.40550611
0.95630408
0.81336726
0.42720984
0.06837494
0.64611307
0.67151797
0.17100635
0.09404345
0.36006809
0.58207713
0.59547761
0.25327211
0.29502703
0.53369387
0.11276421
0.90925516
0.40590828
0.7722407
0.01132707
0.20146284
0.78695213
0.23119242
0.47422473
0.73533992
0.24852417
0.66643492
0.42571883
0.26373735
0.7547504
0.7606832
0.71158343
0.89969686
0.87377846
0.46286207
0.3145141
0.26030676
0.85241799
0.85697716
0.50694671
0.69033415
0.39747875
0.57754361
0.11778685
0.81502426
0.64966347
0.63871621
0.42730813
0.74762504
0.41204403
0.86920496
0.09907952
0.14566344
0.26974652
0.21289017
0.90212675
0.01510931
0.76150104
0.61643571
0.96197567
0.29275296
0.73274586
0.54016152
0.02778852
0.1952497
0.18403859
0.73620178
0.32493474
0.21072475
0.68388946
0.5969316
0.06297088
0.3212898
0.45698816
0.58316762
0.07599279
0.90447845
0.38559562
0.83099167
0.661073
0.74525908
0.21047294
0.71626195
0.88875051
0.43672584
0.60387044
0.41634962
0.22198243
0.64416105
0.19689865
0.62247367
0.06398717
0.84376993
0.98723744
0.32880252
0.25416085
0.54956845
0.8528505
0.92596303
0.25031147
0.37515911
0.46387784
0.70067548
0.75422672
0.21214148
0.94106521
0.47360807
0.40520042
0.32898275
0.42509214
0.44197848
0.70931927
0.63479223
0.31158811
0.24232418
0.81505563
0.3748742
0.44611299
0.89986779
0.46753486
0.4051023
0.77013532
0.97631518
0.79328284
0.34691657
0.77676672
0.50071936
0.95116751
0.70084126
0.47474071
0.69283574
0.60666705
0.43350206
0.9559946
0.32355346
0.45702532
0.39383718
0.48910775
0.85223531
0.98431535
0.23466579
0.74421128
0.66139686
0.01157368
0.12752452
0.96339251
0.36336444
0.66516367
0.03339433
0.15017594
0.95062
0.76874468
0.51023531
0.6558894
0.74685256
0.94595646
0.08864151
0.0858148
0.63143307
0.45762964
0.49316029
0.42748777
0.70939373
0.75731577
0.91613656
0.05829894
0.9136053
0.77701456
0.14254341
0.16510099
0.61986248
0.8866625
0.95020603
0.33657145
0.61244327
0.85767039
0.01808314
0.13051659
0.34285726
0.822519
0.11639039
0.83901162
0.83594435
0.57316004
0.65208362
0.24320525
0.98022705
0.75068834
0.12177501
0.01187245
0.73572438
0.40262062
0.39830734
0.12850545
0.10287582
0.30394523
0.37846943
0.38683159
0.45309412
0.56175857
0.89284499
0.63736188
0.00676464
0.76815615
0.90071287
0.41567896
0.69284483
0.09479386
0.13544834
0.57445152
0.17903656
0.90398825
0.13786257
0.00638614
0.32950969
0.46880911
0.15754581
0.58618625
0.60485164
0.48568594
0.4912024
0.32073606
0.76849962
0.54386886
0.03207334
0.1111741
0.00897869
0.03436329
0.39861847
0.59376347
0.71854729
0.83291788
0.40217626
0.33693273
0.81502621
0.77337638
0.47942536
0.75136196
0.40534134
0.19254388
0.56486881
0.62698714
0.14086714
0.27791557
0.76596348
0.31163037
0.52462525
0.43121743
0.38395508
0.43182744
0.3664397
0.66920148
0.38677968
0.11481372
0.48547214
0.77016927
0.62577152
0.92445719
0.95818227
0.20210513
0.05265386
0.73007172
0.86998381
0.85511945
0.38613992
0.28208145
0.17087911
0.10224298
0.31686387
0.96468807
0.74434202
0.34627243
0.41812513
0.92419809
0.33104812
0.4663407
0.84554821
0.8243743
0.10145559
0.88658137
0.36944856
0.30859801
0.66579894
0.38962023
0.0179632
0.95632651
0.69191531
0.54097448
0.2760995
0.8517679
0.25194359
0.34181829
0.92850689
0.45524915
0.48328119
0.89788031
0.30766718
0.02592278
0.91314665
0.83526586
0.59140719
0.90250624
0.61818784
0.88572089
0.85770455
0.24920345
0.74045852
0.26698631
0.19742908
0.82765989
0.60171728
0.74797391
0.55702296
0.91403654
0.70560424
0.11699336
0.17691971
0.42460834
0.17357016
0.45702355
0.0029905
0.34669417
0.6627082
0.73163123
0.44870681
0.1833408
0.1758156
0.769048
0.176167
0.33736126
0.20484001
0.17973481
0.98071786
0.71552932
0.55992591
0.89943743
0.02952721
0.00646785
0.36445047
0.23383968
0.00067156
0.23239415
0.62655303
0.11071158
0.60861947
0.24033795
0.65016913
0.3676762
0.22380294
0.2819985
0.17622399
0.64668679
0.27383661
0.97111754
0.02456298
0.13083727
0.61377655
0.9026607
0.50825446
0.81103999
0.86430551
0.31397882
0.42456856
0.54006477
0.63994274
0.74740398
0.60550508
0.86417366
0.37538179
0.08143774
0.47603749
0.20828615
0.21299694
0.32912363
0.93336714
0.1780435
0.04289194
0.34892721
0.9174533
0.77078189
0.12056245
0.48069195
0.71821209
0.1379062
0.26120827
0.88268422
0.58588598
0.08625907
0.590667
0.73620329
0.2716468
0.08942592
0.71258772
0.52459372
0.28744882
0.04927834
0.38230537
0.85052155
0.69443166
0.62468157
0.90543148
0.1025712
0.61006999
0.87068386
0.22264132
0.65317941
0.64972094
0.30918872
0.65713471
0.97287576
0.21854286
0.25977243
0.75010303
0.13985554
0.64484082
0.12212197
0.84387831
0.6644478
0.53090284
0.93844099
0.98098542
0.69770826
0.19178503
0.57264397
0.71745395
0.81001274
0.81037354
0.46670996
0.09077372
0.29210776
0.65653931
0.20613297
0.06693339
0.48785248
0.53634147
0.94029105
0.44213825
0.91556417
0.06421118
0.20036714
0.69970892
0.3183447
0.58115647
0.92289284
0.23387268
0.24304095
0.15637852
0.71775585
0.21692924
0.9791793
0.2414823
0.74587479
0.12431035
0.35660398
0.90301894
0.07539004
0.71715721
0.75842859
0.69104141
0.67059107
0.41323113
0.12917423
0.31728274
0.36576028
0.20524631
0.32945627
0.48345194
0.173825
0.09896958
0.52689446
0.82116255
0.60119699
0.22809276
0.47938856
0.91118176
0.89116473
0.17521789
0.97048133
0.70740392
0.30147398
0.98868433
0.3794496
0.1737293
0.22267912
0.69177588
0.24045969
0.7863001
0.23559947
0.45979928
0.4141491
0.88802598
0.50943114
0.77180221
0.51580106
0.17556661
0.31723172
0.8397105
0.49375792
0.43577096
0.49014842
0.66136701
0.84328751
0.42258804
0.96842997
0.25798923
0.55606601
0.55618742
0.1109749
0.48056301
0.60939172
0.37901953
0.46573834
0.31661284
0.32431672
0.8103233
0.3639725
0.91850764
0.92388713
0.25831291
0.07425227
0.41783358
0.56295534
0.4312393
0.53775955
0.11882482
0.00169045
0.29055838
0.26560373
0.07867169
0.0862376
0.74996264
0.8335328
0.349052
0.19082718
0.53012596
0.46522251
0.45213656
0.70418782
0.6161017
0.3449965
0.90210873
0.50004347
0.05904782
0.71616681
0.93294204
0.67493339
0.30516521
0.891456
0.21099554
0.19869323
0.88409848
0.46876907
0.5901911
0.16302011
0.00561216
0.13616924
0.95479768
0.93886564
0.20727184
0.51568705
0.51579046
0.38273894
0.39716205
0.67391498
0.70747822
0.32709102
0.35492892
0.07950119
0.09139319
0.29162928
0.06801696
0.58766745
0.61837058
0.22009644
0.5844496
0.69859716
0.76100657
0.48600386
0.41887821
0.75363865
0.04648806
0.80961991
0.98880412
0.30741679
0.81994605
0.44596181
0.21649126
0.39766435
0.058558
0.57958917
0.33501203
0.71746263
0.85248667
0.21492383
0.25618089
0.66582088
0.22742518
0.9003037
0.40642571
0.48426207
0.09132905
0.66663432
0.18726026
0.86016786
0.18087364
0.02187032
0.77529987
0.15598508
0.52890411
0.47116964
0.18996815
0.04904669
0.7259461
0.46081681
0.41144645
0.64370679
0.52935638
0.47313676
0.51151307
0.54061725
0.56194015
0.29154239
0.8130688
0.38223929
0.33502784
0.10571417
0.00054163
0.69466861
0.83238807
0.54003273
0.54585437
0.52799325
0.83546606
0.27765116
0.41166119
0.60352582
0.94775574
0.17530659
0.98807803
0.37907409
0.8853817
0.35381514
0.51834775
0.14956013
0.17039732
0.94562405
0.95190832
0.72605422
0.07951322
0.03077291
0.78260834
0.87784353
0.17701365
0.09982883
0.77920213
0.76363073
0.24178317
0.10861561
0.12013407
0.48627934
0.11088112
0.27977943
0.71870597
0.78103208
0.09085859
0.32393477
0.28450914
0.89588725
0.32191587
0.78117175
0.39396095
0.81975941
0.65381652
0.71803716
0.10625939
0.2357456
0.00439269
0.74897157
0.9584962
0.91255457
0.49269167
0.39686656
0.98391444
0.87912421
0.06866081
0.75308851
0.88076562
0.09351045
0.3658565
0.22361015
0.92907338
0.67447728
0.29222336
0.7153527
0.15131728
0.43293983
0.08953932
0.49967331
0.77854635
0.22423174
0.83208182
0.5165347
0.91698756
0.59412544
0.50509685
0.9556531
0.26809249
0.13533447
0.69187767
0.45198631
0.74279442
0.08358885
0.49486495
0.92725164
0.11252873
0.33935647
0.16375503
0.38392743
0.26818072
0.61167271
0.44477456
0.21913607
0.84949384
0.13316479
0.34198291
0.55500104
0.26929357
0.33850447
0.33222176
0.74574941
0.68903479
0.25996609
0.71197843
0.87340755
0.61371798
0.69820053
0.93452451
0.15587154
0.27320506
0.94444451
0.43384918
0.57485701
0.3362195
0.85029976
0.87455955
0.47180825
0.60673402
0.5449374
0.46293083
0.32152771
0.65895728
0.19005011
0.95423848
0.46072388
0.50283125
0.46148418
0.3947106
0.0964552
0.89677795
0.34962334
0.52116283
0.04676351
0.50308778
0.62663764
0.92521072
0.1203564
0.54631584
0.91572116
0.1219142
0.82201905
0.37008774
0.03686858
0.73862915
0.24268352
0.08247065
0.15920025
0.21250191
0.34919856
0.65613634
0.67237954
0.08890282
0.96650127
0.40516913
0.56431034
0.56833666
0.82309729
0.45026447
0.90181552
0.74170658
0.39876593
0.20999056
0.10422657
0.77297203
0.37000567
0.92185651
0.01163339
0.53561029
0.06082952
0.70895349
0.44778127
0.91646103
0.97462959
0.03162651
0.90111858
0.80079484
0.44440953
0.00526462
0.22843953
0.33675792
0.6536847
0.24312068
0.41191763
0.50237442
0.93572485
0.0214885
0.20126397
0.13468104
0.51007083
0.39298729
0.25504089
0.52991143
0.60286492
0.71276858
0.17554894
0.0338016
0.18732705
0.8898469
0.0780902
0.6614573
0.97553669
0.74385875
0.67954553
0.24394648
0.83744155
0.75506026
0.88898749
0.87935913
0.27689567
0.1885946
0.03994952
0.91615139
0.00377768
0.67367652
0.69462937
0.32195854
0.20022252
0.82807331
0.76690737
0.00252942
0.88316374
0.14443207
0.66692363
0.49320575
0.68895924
0.51133239
0.69883173
0.73789852
0.25723354
0.6600959
0.22453016
0.82292324
0.3493362
0.56475782
0.97831276
0.94056237
0.14398686
0.51775533
0.60056421
0.35865342
0.90206336
0.72954987
0.14180005
0.22035972
0.0196069
0.94620771
0.00305253
0.1057087
0.03490918
0.22908619
0.24104986
0.30113536
0.64808227
0.71438988
0.6911955
0.92167685
0.33127317
0.93409807
0.66322917
0.15736867
0.21704735
0.69375276
0.78093523
0.78906633
0.9850854
0.31617375
0.69287747
0.71627631
0.95648497
0.45260061
0.46124309
0.37172843
0.21288477
0.95953707
0.62257832
0.98212359
0.42592634
0.2076525
0.98830486
0.77276847
0.77966242
0.90356573
0.71455403
0.09587519
0.22416131
0.78189981
0.49567093
0.60768349
0.90639507
0.15251307
0.81927288
0.20544872
0.27206039
0.40904208
0.68535369
0.83059625
0.24240653
0.2510723
0.27697828
0.29776231
0.96346873
0.77736988
0.7959916
0.73134537
0.56847063
0.9236957
0.95657481
0.30594467
0.41967024
0.19892885
0.0533255
0.50470612
0.61343835
0.98667886
0.6318856
0.3354784
0.39204903
0.97302396
0.58860246
0.74221975
0.78315817
0.76039393
0.43563932
0.92894829
0.05301753
0.53408734
0.4787786
0.55782452
0.96806114
0.62013161
0.92042345
0.49779472
0.82820147
0.92384134
0.94663267
0.71432319
0.41474694
0.71380169
0.32984574
0.41092048
0.43673409
0.56269702
0.9736363
0.10678931
0.72950642
0.60349705
0.98320277
0.11766276
0.87073796
0.29158141
0.77144361
0.11575764
0.72001893
0.63836068
0.79422267
0.02760379
0.14802714
0.87512753
0.44117863
0.79845865
0.37810916
0.04223551
0.48103405
0.42121101
0.75081472
0.80542761
0.92914246
0.07860238
0.14164558
0.86762274
0.5883424
0.46771813
0.79754941
0.5577625
0.89387762
0.49509954
0.65101571
0.51588291
0.63494858
0.89928394
0.00974062
0.93390744
0.78626904
0.37539113
0.18667673
0.98881403
0.76917534
0.46834242
0.65207399
0.41466605
0.06517296
0.94510219
0.78133296
0.33631144
0.85297991
0.42086997
0.7602723
0.6922463
0.28289536
0.46847714
0.71731243
0.66761966
0.74180581
0.59461594
0.73814481
0.32949768
0.54719766
0.60336607
0.06167421
0.20845415
0.93450774
0.43565373
0.68988953
0.56647618
0.68500241
0.68076126
0.67589448
0.86932682
0.8743209
0.06459847
0.3293182
0.62138705
0.64106554
0.89046327
0.07048778
0.19771747
0.79347666
0.55250427
0.03295818
0.93819515
0.61111636
0.61723154
0.57686175
0.20373413
0.33378561
0.73980124
0.94842968
0.86815901
0.31708744
0.24619315
0.13573274
0.54188628
0.36945939
0.86879447
0.73239383
0.01139768
0.07408794
0.26840949
0.28416875
0.75455191
0.56111973
0.09755235
0.751392
0.82447194
0.62416595
0.25876929
0.32670196
0.95844208
0.36920497
0.46592291
0.22572878
0.55092308
0.72412959
0.97855399
0.54691226
0.32253113
0.27865108
0.82848865
0.08918504
0.2706072
0.94231018
0.86958073
0.4772884
0.57741091
0.07356941
0.00231164
0.50245857
0.87882821
0.78872816
0.08453583
0.75110161
0.64425686
0.02473307
0.87497479
0.2494119
0.43702588
0.1335899
0.19661204
0.17619425
0.54409703
0.27745923
0.14281879
0.29039243
0.88884068
0.69984002
0.89478234
0.13540747
0.87236674
0.75051401
0.64325424
0.14064977
0.98132363
0.62245141
0.01938478
0.04210996
0.56547783
0.89063742
0.53956792
0.35506808
0.86922582
0.37596126
0.83512955
0.92297025
0.34951111
0.0170694
0.92346114
0.70315583
0.06085777
0.19940741
0.9402591
0.55249188
0.26676226
0.58681417
0.11036566
0.25692665
0.55082636
0.59253648
0.09237947
0.60264981
0.27544704
0.98720949
0.19920237
0.68919437
0.934581
0.97205954
0.22740169
0.33706114
0.24897949
0.84253369
0.17549973
0.51052608
0.40094494
0.20264204
0.55806937
0.40659607
0.59734729
0.91302995
0.28721632
0.39928579
0.31502954
0.86361691
0.40273973
0.30419822
0.28297356
0.6517467
0.61550753
0.42847896
0.02454801
0.63143149
0.14847324
0.09903228
0.03990624
0.38625609
0.73491783
0.28749268
0.58610984
0.02186892
0.23809568
0.61625043
0.84847866
0.60529898
0.81869525
0.23046488
0.89287881
0.21000825
0.37721941
0.07755991
0.73795266
0.35859758
0.39280216
0.34159395
0.62627109
0.06446499
0.33074496
0.42979982
0.4867762
0.00712092
0.54043443
0.40451207
0.32436324
0.60861158
0.80158125
0.46535229
0.70181969
0.47245992
0.12355102
0.50378875
0.3643048
0.37074289
0.02512578
0.74818475
0.2278844
0.73190346
0.09139019
0.01863897
0.34892818
0.53428312
0.39416453
0.69314965
0.50182606
0.51493749
0.63740054
0.68313282
0.12520803
0.09490762
0.48032822
0.88058326
0.93741133
0.3232797
0.02406175
0.40701255
0.6861675
0.38336926
0.29700075
0.3665063
0.72874725
0.77182728
0.65135384
0.72462884
0.03170854
0.13888246
0.85614601
0.76861603
0.82574178
0.67759818
0.44951521
0.8896233
0.14152337
0.60524656
0.3215788
0.10660042
0.33165028
0.12582142
0.13321973
0.25912092
0.42769795
0.56891231
0.27134563
0.04751005
0.57255867
0.28863491
0.80860632
0.25092612
0.96719614
0.3179248
0.13247235
0.28090914
0.87766597
0.51977987
0.00747503
0.46248854
0.86912979
0.64893819
0.00158683
0.73967653
0.15304024
0.24837974
0.64187637
0.03031093
0.43740222
0.21910192
0.9848871
0.27875944
0.12987796
0.51561882
0.81067611
0.08452821
0.24167237
0.4894658
0.93656514
0.28017397
0.21655647
0.18216901
0.59007523
0.06191929
0.41059767
0.88816002
0.92905837
0.73945459
0.28443967
0.64588213
0.58670552
0.01066139
0.80381206
0.81121559
0.22618194
0.70469604
0.71952469
0.39098305
0.67744553
0.8484068
0.54448022
0.83088917
0.51666502
0.98196031
0.11752165
0.49960344
0.10111936
0.95239932
0.93449092
0.2375531
0.5447529
0.51689845
0.34164268
0.76602509
0.48630271
0.49800457
0.85710906
0.14466132
0.63555142
0.54074036
0.12944517
0.05561001
0.36554035
0.58189775
0.66666642
0.32517174
0.3362561
0.82215971
0.39645666
0.97608647
0.48842103
0.52772045
0.29493045
0.4589659
0.46208921
0.79351564
0.0256063
0.10805088
0.87601309
0.2791311
0.1229125
0.2628201
0.01378367
0.24209581
0.47246221
0.95304791
0.61720247
0.32625697
0.49224254
0.22443279
0.72272397
0.97768159
0.01742127
0.98865147
0.46276327
0.47229173
0.46243347
0.52881898
0.06831441
0.04598532
0.22678014
0.4744682
0.54003596
0.6485732
0.30194657
0.06875073
0.04783228
0.81350637
0.60896867
0.39887036
0.0435199
0.44903554
0.47620193
0.98842764
0.05769227
0.88868436
0.50098918
0.29314596
0.79195264
0.22881551
0.47828092
0.69545864
0.1533394
0.27552228
0.29033709
0.94903954
0.85060635
0.75750125
0.09278262
0.30011
0.05981733
0.04766742
0.10786332
0.2621844
0.28754533
0.66850344
0.01068099
0.06384341
0.87485021
0.35543484
0.63067677
0.4199515
0.55403916
0.51066979
0.02186068
0.20593455
0.44376172
0.21683705
0.09765345
0.15940979
0.90705502
0.94241559
0.59396846
0.53202127
0.24510177
0.41565407
0.17125196
0.56591507
0.20101678
0.58154611
0.76523514
0.7999397
0.59558679
0.51557599
0.09187007
0.26924654
0.02109776
0.63023852
0.97921086
0.07862215
0.21807363
0.7880051
0.55141953
0.32418299
0.78174456
0.8635319
0.80995869
0.59183156
0.35963285
0.53965839
0.54357421
0.26169486
0.63424218
0.73606118
0.31758054
0.38921123
0.41583007
0.80016027
0.3568652
0.36302903
0.39564883
0.38324437
0.594474
0.45485494
0.25703134
0.5049334
0.88486464
0.71716443
0.69091971
0.74932828
0.35689511
0.74784859
0.3066064
0.58706121
0.89549272
0.60483953
0.30211975
0.09281302
0.75058522
0.77353944
0.42911995
0.21874805
0.37619027
0.20681988
0.27954894
0.51282274
0.51725644
0.13718845
0.38073314
0.57869057
0.42689599
0.0696756
0.86427995
0.91864864
0.97268341
0.16098444
0.29227246
0.02747934
0.86135374
0.73372633
0.29486435
0.97422781
0.74794541
0.04381437
0.73381185
0.50036683
0.79282702
0.01965957
0.95325693
0.68584772
0.38096142
0.15108424
0.40536585
0.90000647
0.7147397
0.21181976
0.22283883
0.7919285
0.36716047
0.42762728
0.27463835
0.14855334
0.72276168
0.89170871
0.82679577
0.83168141
0.00836769
0.32013782
0.07435853
0.50214295
0.16531256
0.15158559
0.9298046
0.97436636
0.59052031
0.62502616
0.61060695
0.01444007
0.23378534
0.53934006
0.18134932
0.86798247
0.74141315
0.26488245
0.0365341
0.51809179
0.74176592
0.15548887
0.80606503
0.7516223
0.23249982
0.64699797
0.4841055
0.60892725
0.63577297
0.06880236
0.66123614
0.66567257
0.05240201
0.56003018
0.15986244
0.21406869
0.8673485
0.20685018
0.79870785
0.10894426
0.81247049
0.76841528
0.49711546
0.06312876
0.95679504
0.19632955
0.15962033
0.53647691
0.22394586
0.33593133
0.09474368
0.77774795
0.22430281
0.00989171
0.31008412
0.07046242
0.55701181
0.75382298
0.27133768
0.39720514
0.598582
0.79348117
0.30009573
0.53911231
0.48842791
0.75002478
0.80328094
0.61214957
0.39591089
0.49984088
0.02673625
0.23687555
0.85107557
0.38329647
0.13111915
0.2931771
0.7455041
0.93608276
0.1114372
0.52075345
0.93457341
0.03168721
0.77726682
0.79704615
0.54400401
0.07349073
0.9523868
0.13416015
0.13154731
0.25477958
0.10839426
0.58443712
0.77472772
0.58496954
0.45404936
0.71718269
0.90581788
0.43829203
0.84706773
0.3979544
0.51038201
0.93202394
0.6879031
0.9525543
0.61526452
0.98276213
0.16626899
0.6123159
0.93211805
0.65440435
0.32298314
0.69476653
0.87206192
0.81330961
0.30645383
0.13547336
0.86040626
0.6504297
0.37923192
0.73427679
0.8226972
0.17376919
0.29835052
0.43405781
0.37660425
0.94034409
0.45408413
0.59884341
0.45615355
0.18867507
0.06919902
0.27364659
0.65637707
0.25847282
0.08792043
0.73048127
0.03248469
0.59878482
0.34076278
0.75776088
0.64637759
0.57145605
0.31889929
0.73383779
0.5327056
0.12840357
0.89129117
0.52613005
0.21581597
0.80172755
0.61560091
0.41557143
0.1445702
0.24223281
0.83717934
0.12277411
0.12534486
0.51968811
0.26459454
0.40791991
0.72685108
0.15333518
0.07787458
0.78237601
0.31728679
0.05990012
0.52561439
0.94680308
0.46502497
0.74991246
0.86029406
0.89989409
0.40498352
0.36682694
0.727426
0.75582755
0.98508308
0.40980291
0.13038101
0.89015873
0.2904013
0.44682125
0.34287123
0.34686652
0.71019367
0.68879149
0.89139152
0.5784978
0.52754868
0.36488736
0.34610748
0.47022676
0.38133114
0.52936645
0.42468628
0.38846672
0.39294213
0.80031603
0.19423054
0.17788656
0.06830421
0.20582094
0.30155066
0.6064779
0.7937088
0.73611426
0.27510895
0.85421825
0.3055385
0.07650404
0.802365
0.71272189
0.7584629
0.14015055
0.78380074
0.27956575
0.4051758
0.59940619
0.49272863
0.61207766
0.33141876
0.63764187
0.19870474
0.00137614
0.82972858
0.71151829
0.24214847
0.39386381
0.43306568
0.45081876
0.7842646
0.65521139
0.70971628
0.78978268
0.04775938
0.57250623
0.33568867
0.64478641
0.69393774
0.71325932
0.39428017
0.72284507
0.3477448
0.1845586
0.32895777
0.15632472
0.77934674
0.50619975
0.39006658
0.98332647
0.57951087
0.160258
0.63909308
0.81045466
0.45092915
0.48782233
0.57943304
0.88909421
0.45799613
0.00664937
0.59971006
0.33734707
0.39361236
0.33877022
0.3422165
0.36974025
0.33738396
0.11000714
0.15283013
0.8944812
0.2479414
0.36831052
0.48468424
0.17285721
0.40546399
0.97834956
0.11342236
0.63318105
0.63500921
0.10945856
0.93022183
0.79423577
0.321348
0.82879588
0.41484286
0.35282421
0.18896433
0.68884196
0.14371059
0.3500905
0.28826182
0.14741384
0.9233143
0.9148764
0.22412738
0.88284335
0.00520499
0.69360311
0.59781702
0.69109943
0.93659872
0.95607009
0.89587888
0.14809449
0.0235443
0.21630224
0.12628576
0.61910868
0.40588624
0.38358479
0.33256182
0.63038816
0.21853497
0.71361067
0.53576374
0.7776733
0.60871956
0.64310679
0.64635266
0.76737143
0.52358712
0.51699299
0.00768657
0.21448678
0.64561585
0.23020294
0.87220256
0.0635849
0.23090873
0.42570193
0.51573337
0.96162321
0.09020551
0.50467502
0.65380234
0.49398069
0.20742662
0.76930727
0.29524125
0.40488784
0.21429124
0.46951626
0.43748992
0.11535752
0.74342366
0.93072421
0.34803209
0.03559955
0.90411976
0.44375076
0.03174613
0.8857399
0.2361174
0.19295569
0.09671754
0.28917623
0.28881485
0.02525226
0.59233197
0.32802443
0.36317227
0.44914053
0.49379487
0.66356867
0.69958147
0.46410562
0.60940435
0.12864041
0.21984146
0.54359404
0.40040541
0.47416199
0.28687281
0.34771182
0.72004407
0.32655246
0.02770823
0.56875853
0.47154109
0.69386377
0.39094424
0.75285884
0.44713073
0.44169531
0.22793412
0.64603776
0.87107516
0.48192247
0.57286224
0.00756527
0.12251514
0.893651
0.86469139
0.30917729
0.58836271
0.59635333
0.87922949
0.25331229
0.34225167
0.43675856
0.93568252
0.3921131
0.50157313
0.85285631
0.00959451
0.46302055
0.87652299
0.55877698
0.95398431
0.6958246
0.90065244
0.22796699
0.3902713
0.09325094
0.12209713
0.27404061
0.32535162
0.4204999
0.69600539
0.25441031
0.63947023
0.44743445
0.80172852
0.00346971
0.24210319
0.6909255
0.37685167
0.32167502
0.60514183
0.26121602
0.30740308
0.27886721
0.77375857
0.8189791
0.82110656
0.59196134
0.04808454
0.31938397
0.30172809
0.23656603
0.27448017
0.85632452
0.88612632
0.70127206
0.03530055
0.4269929
0.12376632
0.89206525
0.46701623
0.11549552
0.41169514
0.49962628
0.12401408
0.13125038
0.91490254
0.68018735
0.45718229
0.74950498
0.14290424
0.87163197
0.53392922
0.7731619
0.36935052
0.97841323
0.66996281
0.58710123
0.10762107
0.12588183
0.19893587
0.5709289
0.43910227
0.30066371
0.96272827
0.27206612
0.61041608
0.12190593
0.59329178
0.44671891
0.08154303
0.95046929
0.52155529
0.17325565
0.48788084
0.40696766
0.5899724
0.05959358
0.62824115
0.35222589
0.98902726
0.54147923
0.79715341
0.4409128
0.53969514
0.14609898
0.77612268
0.77563666
0.64957769
0.18226405
0.58550271
0.85671568
0.18224438
0.15377688
0.72039145
0.51672784
0.4090772
0.77181501
0.97463025
0.9062748
0.19852559
0.95267049
0.14210286
0.95257778
0.76957741
0.60563775
0.55743505
0.77389442
0.28997817
0.64512963
0.70016157
0.47376006
0.10087506
0.173617
0.56734413
0.9233838
0.1629952
0.53551221
0.67007097
0.01134736
0.73901501
0.888602
0.09119008
0.03754171
0.93445427
0.74979627
0.79901306
0.91055934
0.70776499
0.73746564
0.23700727
0.54798658
0.5298929
0.41195674
0.82653715
0.87329368
0.26718801
0.6137575
0.2605319
0.26846842
0.66438816
0.17527627
0.02302167
0.95004746
0.64351164
0.36922979
0.09799212
0.76520034
0.44117745
0.19897884
0.23791954
0.07569769
0.31721994
0.86702863
0.97263829
0.66630896
0.20768241
0.7503777
0.00822561
0.82050512
0.41171909
0.74697656
0.77060663
0.65693711
0.2868142
0.14370837
0.84273473
0.48704007
0.72519365
0.932853
0.04922498
0.30769362
0.65905525
0.31358005
0.36936561
0.06879821
0.51041236
0.38556652
0.38110912
0.84135941
0.91032948
0.20972486
0.90225444
0.70606406
0.77251947
0.18200954
0.14963373
0.04727075
0.35651192
0.77545759
0.90659286
0.3832312
0.30556897
0.58194509
0.00868173
0.47136666
0.68876271
0.74669956
0.97094157
0.92831497
0.58866728
0.04494492
0.72156744
0.67330432
0.22211678
0.4742904
0.94568719
0.7690453
0.25955624
0.48553956
0.46580225
0.54930577
0.71444124
0.51391972
0.79435298
0.0792618
0.07074988
0.28504929
0.46927778
0.00534215
0.72278254
0.60116994
0.22794374
0.96078261
0.69481463
0.78975302
0.56474903
0.7026599
0.72746619
0.98192186
0.77345872
0.54915251
0.06003509
0.5029108
0.00030838
0.92331987
0.04823934
0.7122004
0.71750551
0.35492321
0.2019769
0.45255658
0.44756945
0.43287828
0.92775382
0.91827115
0.21060903
0.37187513
0.76706054
0.20769981
0.83618579
0.11363773
0.83965228
0.40631219
0.17482126
0.51121449
0.67772243
0.88755598
0.91625204
0.63843228
0.97421322
0.47858379
0.24681806
0.18391821
0.25944831
0.13537809
0.81017771
0.73371448
0.66581793
0.66095729
0.23563394
0.04753115
0.00811622
0.48683186
0.66590196
0.62908823
0.64748522
0.19108748
0.36716931
0.8589258
0.43734759
0.01702321
0.70109961
0.35634753
0.7486975
0.02976529
0.3332188
0.73022932
0.46416788
0.2696703
0.90982077
0.35181687
0.09934864
0.02094909
0.51192979
0.29580975
0.2871662
0.35556985
0.87732268
0.04431254
0.35439829
0.92720922
0.26353076
0.2393112
0.20202375
0.24366074
0.86732883
0.88264165
0.82732134
0.93178027
0.69849806
0.05748328
0.2000479
0.0398742
0.75486135
0.28464971
0.87581234
0.96854853
0.9509161
0.62280264
0.54847498
0.1263198
0.14974788
0.13767159
0.69507052
0.66070491
0.25035986
0.07545442
0.97209881
0.52276492
0.29724337
0.73751908
0.78239889
0.33790907
0.18466183
0.5937822
0.33706674
0.32685665
0.56982615
0.08442389
0.74971385
0.72826357
0.19860606
0.03732311
0.60350714
0.44752608
0.55229093
0.50481292
0.82431079
0.27107652
0.65000874
0.27831696
0.18820333
0.90745524
0.95510375
0.87148149
0.67508006
0.3239085
0.86198262
0.48448126
0.94280103
0.23172479
0.56794203
0.56584997
0.66029809
0.9007274
0.61165158
0.0086706
0.09393392
0.90390847
0.11741107
0.94000995
0.39383197
0.02601517
0.37861633
0.66003666
0.49249328
0.34657802
0.82350117
0.74093453
0.78245585
0.38665232
0.1811252
0.45208226
0.22779398
0.10481973
0.00137621
0.75783147
0.31420784
0.78897441
0.75649657
0.65889188
0.32508398
0.20785941
0.63309861
0.03404402
0.62383406
0.71289322
0.20634828
0.63738595
0.14151175
0.40627153
0.12740213
0.61924954
0.79028374
0.03655612
0.61434098
0.8263973
0.89594785
0.37824466
0.1652767
0.84087502
0.36868477
0.36155757
0.10345891
0.09511495
0.25645869
0.16228674
0.18229744
0.87630368
0.26717724
0.49362659
0.62356231
0.82665995
0.07250773
0.69559893
0.97078379
0.93370568
0.3026301
0.72793627
0.7865037
0.44532341
0.49821531
0.31733781
0.50483409
0.52626503
0.90223814
0.62330063
0.17939117
0.40949006
0.76259791
0.19554879
0.72915872
0.83122132
0.80120012
0.63515595
0.88325914
0.96370186
0.60433437
0.91629541
0.98296907
0.32150305
0.24768918
0.94720324
0.43025265
0.18396827
0.34094078
0.59969039
0.08431417
0.21465572
0.15342557
0.57357417
0.28827843
0.70908885
0.77724327
0.27832569
0.74425286
0.54574845
0.43864597
0.1721188
0.42483784
0.46811979
0.34090031
0.17165416
0.92493385
0.08433957
0.72384216
0.09818222
0.65708406
0.16549254
0.39373577
0.58872296
0.52883939
0.36673024
0.00105301
0.83852016
0.22956384
0.92826986
0.40237519
0.59723953
0.16195796
0.64797079
0.14705678
0.9229564
0.03721195
0.48386665
0.68219716
0.16523431
0.94864848
0.12552762
0.5632829
0.0970972
0.716412
0.32810812
0.17606348
0.28214032
0.09312108
0.88200191
0.31229108
0.76168758
0.34955804
0.36674195
0.96405291
0.52474089
0.67664492
0.68668525
0.66602351
0.89886378
0.68249435
0.23925942
0.92250545
0.29472398
0.37881415
0.19886946
0.16281572
0.9053423
0.11962663
0.5017517
0.77385494
0.75924753
0.80898406
0.01993395
0.73881561
0.3062703
0.78511136
0.37266966
0.72229172
0.00634904
0.65913559
0.78715437
0.83220383
0.93645697
0.3739212
0.32740011
0.58811127
0.49801457
0.03475303
0.01545677
0.94252883
0.05040237
0.74068635
0.80311364
0.97247157
0.02890099
0.53683356
0.6286748
0.70139687
0.77088684
0.77073574
0.06990437
0.94654713
0.12448532
0.36422582
0.43427611
0.8173413
0.95422742
0.48539599
0.60615577
0.07672723
0.70749996
0.76998527
0.27640641
0.68805185
0.9318266
0.44144391
0.12774653
0.93068538
0.03473942
0.09639199
0.56134453
0.13185044
0.19137316
0.40997709
0.75065441
0.04744239
0.77888809
0.59326426
0.24783123
0.79197191
0.24634293
0.3450907
0.01997869
0.10653513
0.56186858
0.02486439
0.37314225
0.79324198
0.37643289
0.43050843
0.46717218
0.51766759
0.32915563
0.51637484
0.8786455
0.96465065
0.70218558
0.89608862
0.7430855
0.21717966
0.81801039
0.74471762
0.14156393
0.07382724
0.00531288
0.82261079
0.07236439
0.38962536
0.11023119
0.35883959
0.70735491
0.49821017
0.38595539
0.73520398
0.26132991
0.72847792
0.58727475
0.17799476
0.82872405
0.76105827
0.83783471
0.42255822
0.67695753
0.81119923
0.68227224
0.45138054
0.31440459
0.97405464
0.5172324
0.95601964
0.15363459
0.82379244
0.44240009
0.37020063
0.39443723
0.6447539
0.06742063
0.78420722
0.78115887
0.71302254
0.94368535
0.48165621
0.07141414
0.76904997
0.80510126
0.33206936
0.34747526
0.57994715
0.76542255
0.69254929
0.82058056
0.31211807
0.24484092
0.01106599
0.46393395
0.56255018
0.17944432
0.90083556
0.43657625
0.59515539
0.43955693
0.16548904
0.0549424
0.71178896
0.72241318
0.1379983
0.49267952
0.26617553
0.45533259
0.19802785
0.46044122
0.02918319
0.19819364
0.407668
0.79813307
0.03933229
0.71954149
0.36117812
0.51637629
0.50794761
0.80534365
0.6714073
0.70733231
0.27517338
0.81723033
0.54760399
0.9398918
0.37328828
0.78908912
0.58105298
0.13275856
0.25491754
0.80500209
0.52952825
0.53103054
0.23026136
0.05997073
0.29230643
0.66312671
0.14679576
0.48288046
0.95746365
0.67454697
0.89535984
0.10081357
0.41442208
0.74623642
0.41411745
0.19816961
0.35579338
0.38865228
0.66960581
0.79859563
0.48939491
0.27177077
0.07869245
0.0318939
0.75087482
0.95163545
0.7489636
0.89524526
0.30605634
0.5015103
0.34357059
0.10713119
0.48099342
0.7647689
0.42562002
0.1516107
0.66112767
0.21112048
0.28462771
0.36386969
0.04314531
0.54495183
0.07362464
0.57568812
0.76863099
0.00248657
0.48049636
0.45568686
0.31865471
0.02903397
0.46214348
0.26637544
0.16266424
0.94577098
0.8543035
0.76690483
0.74339448
0.67046582
0.43033249
0.21311237
0.67035155
0.90022719
0.02474069
0.46497787
0.64281776
0.9128837
0.0366605
0.60983775
0.40497093
0.39741688
0.37572678
0.09561915
0.46354032
0.05276715
0.64846756
0.00629688
0.35777977
0.2529321
0.58072284
0.83503609
0.1417898
0.9384942
0.18048382
0.29889097
0.6014919
0.89815534
0.85599537
0.64717292
0.20255943
0.07123101
0.06132387
0.73002309
0.05652664
0.3248103
0.28933651
0.63191686
0.32291734
0.01079611
0.13200713
0.06559353
0.55245578
0.41926402
0.04200044
0.73736974
0.97734834
0.59104865
0.62987299
0.87531674
0.19887798
0.21442441
0.82145221
0.03673006
0.60866486
0.87023997
0.79367799
0.50331627
0.62485511
0.67225304
0.96018158
0.44676463
0.79758604
0.59749988
0.26709183
0.91775407
0.77506588
0.32264288
0.18448109
0.32210913
0.66957991
0.37971439
0.04700536
0.2699051
0.03936253
0.19355689
0.41274622
0.69970511
0.32149786
0.36833976
0.35053526
0.73622086
0.79470073
0.26348406
0.63216212
0.80233821
0.24523148
0.80219916
0.30595186
0.34658474
0.17981811
0.08788795
0.9528587
0.14620671
0.82150187
0.6285155
0.27199497
0.14207072
0.43993841
0.70758145
0.41142773
0.76485017
0.70155951
0.7185854
0.46913674
0.90083314
0.44955372
0.37431473
0.88428099
0.13683845
0.36326685
0.34527838
0.62167182
0.82286155
0.52906382
0.41467325
0.86135968
0.23304441
0.67033015
0.61307508
0.2641851
0.96638526
0.56777214
0.39141438
0.85513243
0.08551937
0.89954835
0.72471425
0.84907231
0.43993465
0.11458522
0.30547225
0.61215305
0.97966328
0.38893278
0.49481479
0.17683208
0.98210995
0.48797694
0.24320663
0.16632175
0.63313556
0.28092056
0.49656873
0.14343502
0.63269118
0.64178561
0.51875052
0.20890997
0.32140377
0.58764004
0.55085806
0.20418759
0.09015235
0.24707017
0.29779986
0.94223952
0.68908702
0.56698844
0.59150151
0.49859708
0.86713081
0.31824761
0.00032678
0.00482105
0.79902605
0.3491824
0.45129684
0.52693524
0.75292843
0.87222673
0.33732992
0.52097424
0.38726602
0.5479367
0.78798094
0.57563375
0.18541984
0.8639899
0.48591035
0.96027839
0.80389154
0.2565231
0.31872585
0.74488491
0.89207162
0.98797442
0.6591834
0.49415075
0.8705821
0.73395962
0.69678195
0.00482135
0.78918998
0.45884007
0.47774978
0.6505069
0.08580355
0.85982479
0.74827772
0.36334697
0.85159573
0.0473401
0.08363261
0.46346794
0.76442589
0.50295015
0.11579277
0.48263322
0.31533562
0.00869729
0.25667813
0.80160027
0.87535705
0.35374494
0.54141549
0.70677996
0.82707144
0.44393541
0.39409752
0.08223968
0.6309731
0.60858088
0.17601806
0.07606555
0.1399738
0.84180296
0.43964855
0.6058435
0.4833653
0.02695864
0.28209184
0.70400095
0.7064276
0.16699729
0.35794278
0.05010102
0.41649
0.92457069
0.66997943
0.09567806
0.84770775
0.58908581
0.43764081
0.32848685
0.66050323
0.56460602
0.57449638
0.16524919
0.09155589
0.7655111
0.66351927
0.81870118
0.11017357
0.17637853
0.31268515
0.9463715
0.18438032
0.18213091
0.01304565
0.95880325
0.606569
0.85317356
0.44362759
0.42000951
0.95932018
0.2180974
0.58475959
0.43769415
0.70711009
0.04418222
0.8164168
0.58255792
0.98260407
0.213718
0.16981954
0.85259835
0.31016765
0.46951735
0.65635497
0.12617015
0.47057798
0.46993266
0.10084955
0.8272666
0.05860932
0.82992563
0.49324414
0.283291
0.496094
0.48854091
0.87594056
0.78455445
0.52314853
0.26579394
0.22678142
0.86353686
0.37489546
0.50409733
0.97526049
0.43250501
0.64416183
0.16876933
0.58862474
0.79786481
0.55398819
0.43120003
0.58911239
0.28404316
0.18853604
0.0274031
0.57809647
0.68434456
0.12153183
0.30652373
0.80207459
0.8870169
0.92433659
0.87575855
0.26478414
0.43760846
0.9230172
0.26814812
0.40594516
0.52429365
0.68773936
0.08032689
0.18082065
0.7566337
0.060676
0.91825153
0.14214849
0.25288395
0.21036857
0.16012485
0.64330881
0.28430308
0.32697678
0.13974142
0.36234492
0.37008966
0.14059568
0.60567671
0.4077234
0.1415356
0.84979635
0.26602282
0.70438643
0.79285515
0.93032432
0.687826
0.85363697
0.95972428
0.65219704
0.06420659
0.57236278
0.57399381
0.26309395
0.22544774
0.92265197
0.58302934
0.52437975
0.66109922
0.20265714
0.33302207
0.72425786
0.31771536
0.93337189
0.30344312
0.4132109
0.55784413
0.59136804
0.05020966
0.82865486
0.38002946
0.10467761
0.8644784
0.86100389
0.62634752
0.36737313
0.83169214
0.76212487
0.49692172
0.84117487
0.13070768
0.60424271
0.80779118
0.08015007
0.09790171
0.1739037
0.87837686
0.53947814
0.66135977
0.32525711
0.19621524
0.87877343
0.6933404
0.95023871
0.09621432
0.19270252
0.26472241
0.02008122
0.94718435
0.74123332
0.22846485
0.2792927
0.56854039
0.37910226
0.6390745
0.32038666
0.90595697
0.02438312
0.10010245
0.68073312
0.32165344
0.14697084
0.38432664
0.41302698
0.18536462
0.83564156
0.4998287
0.26330434
0.89979524
0.15517764
0.62135941
0.21677148
0.50435186
0.46249899
0.88579673
0.97618282
0.73131645
0.63473592
0.82938659
0.49232412
0.88602494
0.77946141
0.02538824
0.4733869
0.72153021
0.66807047
0.65433622
0.42881953
0.0155418
0.72191655
0.05472126
0.29347739
0.2038241
0.29917354
0.42011906
0.76597597
0.22793578
0.55934172
0.67809465
0.00868217
0.09861512
0.14750669
0.66159132
0.15888154
0.88901515
0.97860446
0.38203311
0.94136173
0.28605867
0.42099214
0.52900394
0.4477802
0.794144
0.31298218
0.54980274
0.32556141
0.59577281
0.42296379
0.70908504
0.86862323
0.16734948
0.67035218
0.62765302
0.64762968
0.03333169
0.51095933
0.67744946
0.84518316
0.39140056
0.55276979
0.86420234
0.88868159
0.4508962
0.36417922
0.28638124
0.67870297
0.44490308
0.34924616
0.04231432
0.66921759
0.96420812
0.78283742
0.63462119
0.19275062
0.08788221
0.03676556
0.74810742
0.19254126
0.25165811
0.07506729
0.77746388
0.37833925
0.86405641
0.36037422
0.43608415
0.68549348
0.4034622
0.19086284
0.77114453
0.24791192
0.80901468
0.07789173
0.26571903
0.1152142
0.25405907
0.73474204
0.24442184
0.47784809
0.828675
0.47945092
0.03559363
0.83489802
0.76201251
0.11913469
0.13977537
0.00061183
0.85427091
0.33159734
0.76747304
0.75674146
0.65026667
0.33231349
0.42331534
0.04369923
0.6561716
0.8957756
0.64870675
0.07870982
0.15691028
0.08571097
0.73246805
0.63717549
0.84900507
0.16310918
0.75099547
0.49155364
0.3629164
0.75670415
0.75284242
0.08784197
0.33299245
0.17502406
0.41024368
0.06866399
0.93951569
0.27034126
0.0083507
0.45102712
0.94376493
0.68498817
0.69533228
0.59649284
0.07334637
0.65921836
0.53425012
0.10350787
0.83578931
0.12233928
0.13800704
0.47599222
0.651007
0.57311344
0.8572685
0.98938395
0.16420967
0.09742941
0.35843345
0.40533407
0.95637979
0.58499056
0.15312778
0.6149584
0.56298429
0.55050194
0.71145767
0.82626845
0.40392774
0.28376268
0.0404114
0.12153436
0.10170279
0.75883749
0.26328064
0.3920449
0.58700284
0.65233129
0.09112678
0.54285299
0.71654772
0.81110028
0.64158219
0.16403501
0.28588514
0.2552624
0.54016994
0.82709148
0.56639902
0.32249984
0.09722474
0.62490759
0.38116774
0.81815437
0.18009174
0.54154702
0.67054761
0.36225587
0.82312673
0.67928035
0.90894671
0.73491164
0.72146009
0.47288395
0.60957059
0.01626688
0.81354511
0.48909995
0.85208482
0.36871801
0.32552034
0.3397162
0.91741892
0.93911257
0.98812948
0.70572835
0.91462175
0.33503785
0.54111588
0.13095228
0.55353417
0.47155718
0.46690789
0.03918875
0.43739681
0.97329722
0.09690039
0.65849542
0.32561748
0.14762636
0.68411087
0.42049321
0.27699324
0.47764571
0.0629893
0.09070671
0.03091023
0.20190691
0.80205659
0.74795093
0.10764181
0.30047691
0.51917378
0.24783122
0.08194863
0.07868193
0.55267006
0.95892172
0.80231508
0.21949764
0.47513028
0.87693137
0.84284318
0.34207292
0.56368972
0.88925158
0.18600943
0.41396099
0.07564034
0.74234252
0.38436018
0.57126099
0.89999922
0.50121998
0.61115301
0.57276855
0.66529794
0.91870619
0.17386155
0.67329362
0.87520666
0.21081492
0.74123136
0.77077493
0.5050274
0.5607995
0.73537549
0.73047523
0.72321739
0.87440985
0.59804031
0.30775793
0.0194308
0.26393768
0.65992163
0.75341148
0.51954506
0.12513342
0.74667419
0.89051894
0.77728471
0.28585557
0.31488072
0.35387773
0.31743472
0.04567352
0.03430411
0.57861624
0.91306072
0.52185893
0.84836938
0.30371514
0.62666197
0.86134503
0.87728684
0.04748999
0.84575175
0.18274141
0.50312007
0.5486951
0.95856931
0.91920105
0.16969902
0.09000471
0.65457291
0.49926071
0.93985109
0.58903736
0.60407371
0.44750351
0.67447771
0.96462856
0.81736108
0.63208665
0.22019987
0.09889311
0.74986564
0.64557595
0.48126028
0.52967069
0.94484686
0.80152643
0.6486505
0.30821978
0.15905273
0.13074444
0.72291691
0.11467054
0.32525473
0.86774393
0.92162963
0.54881553
0.98038792
0.13023577
0.16786187
0.78087445
0.52878333
0.81708431
0.21918216
0.06163384
0.03396096
0.34845717
0.10780007
0.13401892
0.5463541
0.46657408
0.38520959
0.01435104
0.02904278
0.70518122
0.77071154
0.24292178
0.08403946
0.7511969
0.2300317
0.78503627
0.96668326
0.75748964
0.10709818
0.03439031
0.68330137
0.73938216
0.54758785
0.56320128
0.84730276
0.34887123
0.41726908
0.08678756
0.09066884
0.90686431
0.18246143
0.48737051
0.9868494
0.08552284
0.93414329
0.38828612
0.79243173
0.32725249
0.15985511
0.36732695
0.7532848
0.87818673
0.7893318
0.29443986
0.70355487
0.35665503
0.80502366
0.41947072
0.48063021
0.85727784
0.55097729
0.38655466
0.60154089
0.2601954
0.61638341
0.41876314
0.6929777
0.4172591
0.74089486
0.05570305
0.05852824
0.01579217
0.16739956
0.53597804
0.4485491
0.46019766
0.7188947
0.04849393
0.8829923
0.52743599
0.94857918
0.26875383
0.62604795
0.70358505
0.28421081
0.36850793
0.06339577
0.0536695
0.6562948
0.57904547
0.26726972
0.77522143
0.94094341
0.02737604
0.47713479
0.92692263
0.30446294
0.67668776
0.23926352
0.69531059
0.96790771
0.14144982
0.13197733
0.89660168
0.70115165
0.68272736
0.14625465
0.61704726
0.573024
0.8546945
0.7576607
0.77862236
0.82918588
0.91402728
0.20047176
0.94412328
0.16178127
0.65811518
0.19112268
0.040331
0.01770091
0.3022824
0.8415376
0.11775674
0.23801035
0.48236087
0.04106733
0.75069318
0.10553364
0.12468773
0.59081808
0.0882386
0.3770786
0.18513753
0.27551002
0.12425699
0.07908961
0.01987869
0.5264409
0.25583457
0.66416591
0.85212751
0.40636226
0.27204527
0.81051515
0.32685867
0.75233844
0.96210441
0.32850186
0.24322332
0.01367398
0.61234834
0.41336684
0.71953305
0.21286568
0.88337259
0.60535982
0.5586685
0.49517865
0.75503724
0.93260271
0.9741127
0.94887299
0.98839005
0.70059727
0.4597879
0.26907312
0.73090072
0.96314542
0.37977112
0.24283567
0.06977366
0.22866637
0.65979176
0.22956533
0.50427134
0.52915213
0.5028825
0.35719179
0.76888566
0.34150724
0.47974413
0.44532438
0.96834077
0.71500607
0.63853143
0.04794036
0.44614686
0.15131205
0.07262527
0.7823537
0.26510332
0.52871197
0.39994053
0.82517078
0.49520241
0.37732586
0.62270698
0.5336732
0.77053491
0.75579632
0.32487386
0.19298352
0.55376298
0.91669012
0.7144878
0.83373497
0.09070402
0.78528862
0.45481103
0.11558514
0.40911233
0.04136003
0.12594681
0.3532995
0.33637287
0.23143207
0.38099374
0.36866324
0.16624886
0.72789196
0.64686831
0.43896518
0.73866412
0.17726956
0.66362886
0.16122883
0.12962875
0.87952166
0.31375004
0.22236492
0.94503822
0.78642658
0.38879944
0.83159799
0.63695061
0.20480404
0.51785632
0.47608075
0.55949897
0.1336978
0.16950437
0.3928337
0.1198462
0.14102143
0.75484602
0.78853983
0.61116424
0.80404278
0.24167514
0.5438144
0.95848784
0.91980818
0.84127691
0.96552378
0.88605656
0.22316503
0.72350822
0.06104042
0.76344771
0.61664008
0.24100987
0.77133065
0.74447973
0.07322271
0.84403901
0.91656383
0.97654811
0.71680625
0.60846541
0.44042606
0.44183198
0.51789228
0.74426139
0.26448654
0.7347058
0.43340624
0.44736571
0.2322016
0.13131375
0.80815225
0.26616794
0.90634153
0.40653399
0.8460826
0.03529924
0.88437028
0.6544928
0.3384929
0.59211075
0.89008456
0.56477146
0.3032935
0.65615857
0.83943351
0.29885789
0.08944687
0.57385057
0.04331676
0.02182745
0.50177759
0.78968697
0.51720954
0.24141984
0.47847212
0.70463904
0.58501819
0.56534388
0.14006177
0.85606428
0.6342105
0.15192126
0.13625096
0.66032572
0.96668632
0.64367611
0.00561934
0.85418436
0.60213139
0.37131923
0.41993832
0.15436291
0.71941582
0.59844628
0.36388298
0.30330669
0.09116534
0.65508338
0.70398662
0.52492829
0.28460198
0.33368476
0.71133195
0.37532701
0.89749426
0.9874629
0.55349346
0.01359203
0.68622078
0.51195298
0.23051108
0.72475608
0.1329009
0.6080315
0.70504591
0.76756418
0.4071725
0.28469701
0.79491964
0.21995119
0.54388725
0.35285408
0.48437541
0.0085414
0.67460691
0.23233216
0.59468508
0.16174416
0.9376411
0.04066545
0.2856204
0.13991036
0.44799816
0.69664833
0.16119078
0.71735107
0.78827518
0.34646031
0.9122171
0.325607
0.89795231
0.04620888
0.02733906
0.24011758
0.72936817
0.74631623
0.41848306
0.67470271
0.5854872
0.98292272
0.82259193
0.67280816
0.52527325
0.83526441
0.61652222
0.70482116
0.74450051
0.64811258
0.40352308
0.06882648
0.93185316
0.47471266
0.94606841
0.54191195
0.91109564
0.06511036
0.54601696
0.70826885
0.29081038
0.85579062
0.39261784
0.90324767
0.26282544
0.10715222
0.07699204
0.3415226
0.32105976
0.19680096
0.02165458
0.449519
0.07570108
0.8461602
0.03527779
0.1080097
0.13792276
0.55585878
0.90716186
0.84253657
0.92705822
0.75790749
0.55950826
0.25063824
0.30416271
0.91395566
0.26101939
0.88611661
0.82426012
0.44754139
0.675787
0.91965467
0.47390629
0.06296082
0.83010895
0.38580181
0.05024359
0.4286286
0.20808024
0.50640236
0.97317852
0.29348678
0.08197602
0.79808184
0.37732185
0.06128248
0.06869443
0.87553084
0.68248031
0.84273762
0.79025495
0.28293368
0.41611448
0.64724928
0.5404969
0.83766092
0.75003711
0.81975954
0.38548986
0.40628722
0.70095216
0.03171908
0.39490121
0.41667434
0.41394428
0.1295159
0.88123081
0.9599207
0.34761683
0.42109125
0.32264842
0.17302385
0.17627978
0.84185935
0.55803837
0.66445632
0.14073413
0.08860844
0.03130013
0.00355171
0.02082603
0.97486041
0.27434304
0.42050373
0.46384225
0.73036153
0.54775986
0.13954555
0.90800956
0.68831825
0.13008478
0.08014119
0.1011706
0.42920804
0.39490153
0.0978281
0.0522731
0.23042596
0.13358682
0.25486081
0.85731715
0.94866137
0.68532727
0.73148175
0.81298526
0.57103194
0.42996229
0.53531551
0.592509
0.48901186
0.81377643
0.4017657
0.75806208
0.39175612
0.39340598
0.70327645
0.63677454
0.67754527
0.7723568
0.57933393
0.6846316
0.72841904
0.72632152
0.98193121
0.40901123
0.4415581
0.10499165
0.79971919
0.3156292
0.83492264
0.08819205
0.7229071
0.98271721
0.395047
0.03889672
0.12701102
0.83489404
0.80085459
0.82303131
0.13797624
0.50021395
0.65097989
0.55105599
0.96216888
0.33170865
0.4923909
0.24681616
0.46906597
0.27736356
0.42730495
0.70805076
0.4736233
0.24352028
0.72752902
0.65103247
0.04296289
0.13883595
0.26915857
0.57065735
0.77475386
0.7080131
0.10822216
0.40730948
0.40472067
0.95152638
0.62277355
0.2743507
0.4189691
0.45976968
0.44894121
0.24875225
0.59997025
0.00979843
0.7965203
0.24829126
0.75467559
0.1025442
0.69618434
0.13279722
0.57260053
0.91403378
0.43975642
0.38251355
0.26900728
0.66295365
0.54982011
0.82471729
0.80556438
0.96295028
0.16929084
0.25970979
0.49273898
0.33816703
0.36381441
0.44672803
0.48497682
0.67713387
0.37637431
0.46078888
0.57449461
0.93326277
0.62966612
0.50860099
0.49535326
0.23579067
0.46124829
0.52693116
0.86868742
0.21579051
0.29313452
0.38901426
0.98949335
0.93275272
0.88344281
0.30018067
0.83065059
0.95898612
0.46305857
0.17530843
0.14773389
0.62416652
0.89580039
0.44519244
0.67004932
0.25279061
0.4600921
0.38976566
0.96145604
0.55166389
0.26711335
0.88253299
0.77411833
0.3869466
0.86438401
0.7436974
0.15482008
0.98095512
0.42675533
0.80887609
0.97432242
0.10568019
0.91595977
0.33857131
0.19811779
0.56230187
0.00198114
0.06487839
0.97483111
0.95231503
0.96764327
0.74208654
0.86320822
0.00419661
0.06336453
0.88103755
0.022921
0.22853814
0.52257882
0.68858181
0.19054827
0.0981496
0.21288658
0.00820379
0.52597014
0.73120082
0.45553555
0.66865534
0.94937466
0.84172197
0.0186397
0.40627204
0.78390498
0.40183293
0.25076982
0.97844112
0.13036181
0.69732282
0.91427114
0.52087507
0.00302392
0.51646292
0.44580869
0.69796292
0.28007147
0.12708815
0.52016532
0.91777306
0.88128343
0.39969591
0.73039955
0.10112335
0.35296391
0.86197423
0.73729188
0.94002345
0.20994428
0.22728443
0.1508924
0.18073355
0.00720815
0.04051766
0.78676294
0.78295046
0.01348116
0.80036755
0.16013896
0.68367029
0.70017767
0.61411195
0.22654952
0.83960227
0.06895796
0.41355853
0.26137849
0.8029594
0.00095586
0.38472385
0.05193298
0.67230727
0.36961069
0.53294333
0.79430788
0.92558756
0.03211721
0.21934212
0.57124938
0.06486472
0.02504269
0.39253795
0.98088681
0.19180005
0.61654295
0.29134431
0.83098303
0.52760849
0.45591263
0.48860918
0.94755898
0.14966412
0.75382789
0.23936183
0.27941049
0.4073815
0.81870399
0.80897636
0.94789116
0.69514535
0.65457896
0.53944551
0.13713974
0.02181132
0.02855327
0.38111181
0.39487575
0.80143995
0.52619014
0.56613748
0.39962374
0.53448876
0.1354116
0.12342717
0.50917868
0.58706695
0.10513627
0.78206279
0.39415528
0.0133576
0.85500648
0.24477113
0.00957974
0.12210253
0.7728294
0.91407407
0.41814815
0.89699568
0.53376578
0.00904368
0.90578012
0.20595696
0.1546604
0.5105838
0.82671925
0.86406612
0.35848244
0.26519793
0.89139088
0.49383505
0.53171505
0.54648478
0.19668014
0.87067964
0.63051953
0.30249351
0.017171
0.52321988
0.60308215
0.4080345
0.79191818
0.19691575
0.17768535
0.80752628
0.34768948
0.36780764
0.13946957
0.32035389
0.69263601
0.83166067
0.11298575
0.73227249
0.14696122
0.05019193
0.02000994
0.83321049
0.16949257
0.22589324
0.88629226
0.76317669
0.38953425
0.53091891
0.19392978
0.64734828
0.19156942
0.42839972
0.56482852
0.4111601
0.73814689
0.22290263
0.69705127
0.17213109
0.93010129
0.86029858
0.37411111
0.33969072
0.57620353
0.13045135
0.71639569
0.58700646
0.57850726
0.35462787
0.95883018
0.17932744
0.46103503
0.96378783
0.63336586
0.02922118
0.71316917
0.68504378
0.92459709
0.11839273
0.90868083
0.37549317
0.5778227
0.602765
0.9500881
0.63007438
0.78452757
0.9802163
0.50132165
0.24290635
0.3447744
0.86112931
0.41749892
0.30918747
0.17826909
0.62711748
0.84390447
0.69228791
0.26183053
0.20574672
0.01101448
0.90831325
0.08825846
0.66101484
0.37430689
0.51836734
0.16711378
0.58753175
0.43833378
0.5657352
0.45696563
0.41959652
0.07191791
0.79708948
0.17782515
0.36786233
0.25149959
0.71022772
0.67751339
0.0333508
0.2054732
0.21490081
0.12178032
0.0344708
0.38896697
0.91831717
0.09958181
0.0561175
0.08280717
0.59216339
0.78396419
0.95645056
0.5189034
0.27976951
0.65342696
0.58069071
0.79444748
0.42298906
0.50048578
0.36342019
0.45015722
0.01582036
0.87294012
0.94023152
0.56509562
0.74287369
0.12766431
0.01447086
0.04580301
0.73693331
0.35257288
0.58466405
0.31522888
0.02809976
0.37978172
0.28560519
0.3517323
0.90162534
0.15265886
0.34350698
0.43299446
0.8683991
0.39108528
0.34170727
0.28893002
0.49335735
0.45564009
0.76652131
0.98320136
0.15506095
0.73691665
0.14394474
0.87671446
0.56798229
0.30483029
0.76739746
0.05045358
0.67665883
0.81701688
0.45720582
0.86696597
0.36533129
0.17051573
0.94344292
0.77423953
0.14960813
0.19487782
0.73977496
0.19608582
0.04430862
0.12871096
0.9551554
0.85309577
0.94578149
0.68897431
0.03183002
0.07780305
0.46654032
0.7641182
0.5927559
0.17435523
0.46374109
0.76432923
0.33498264
0.02910321
0.56059689
0.18569797
0.1422089
0.47887229
0.19633312
0.59192045
0.61375508
0.89674453
0.14098739
0.46815671
0.14093725
0.22380175
0.12443575
0.34384613
0.90171957
0.85844454
0.11386355
0.57495569
0.26955318
0.85976345
0.85758609
0.63865906
0.95581777
0.91076355
0.75619681
0.22092968
0.76905022
0.92975859
0.83532445
0.98099502
0.36188094
0.66482381
0.32046965
0.5818307
0.80512398
0.226543
0.3938473
0.235997
0.69816059
0.03939002
0.27855781
0.77153258
0.92050988
0.19513288
0.1801889
0.91981786
0.26398074
0.73011987
0.67433374
0.55049458
0.28651039
0.19968443
0.65047293
0.19439624
0.32383522
0.85238498
0.85948464
0.12554609
0.58586341
0.24682411
0.89552932
0.8108731
0.87341474
0.12756501
0.22754543
0.59027915
0.14012098
0.05376973
0.72479259
0.52991337
0.6762215
0.70943863
0.72631564
0.61938369
0.68719842
0.4001878
0.72222565
0.45308325
0.05616148
0.75367957
0.4989428
0.23789024
0.61140575
0.41499685
0.29840347
0.80534883
0.41154766
0.28328399
0.15190587
0.18239031
0.42541898
0.59241504
0.14830294
0.22500855
0.42504283
0.60073849
0.87414054
0.71169044
0.97041416
0.17844547
0.40541049
0.37600209
0.59290058
0.81007999
0.79454887
0.38695759
0.27484727
0.37336227
0.2499984
0.27253557
0.88494392
0.76519505
0.65162271
0.29438594
0.15665523
0.77526466
0.45198827
0.52197607
0.09898478
0.95037215
0.48677903
0.96811472
0.2392231
0.15215229
0.59292242
0.21264309
0.60755542
0.47146535
0.39983286
0.50701054
0.47708201
0.64752506
0.83564949
0.72928154
0.68750873
0.60816991
0.38180058
0.32479639
0.89557348
0.03619064
0.73892822
0.70272769
0.03745968
0.82969935
0.36003341
0.61542444
0.74150001
0.195467
0.19481518
0.67935199
0.82634709
0.10389538
0.54138035
0.11589877
0.47715866
0.942414
0.56589208
0.08927136
0.79615021
0.83115221
0.56691525
0.71018806
0.41316566
0.46280905
0.40115821
0.82691657
0.23811483
0.65713581
0.52345125
0.66707742
0.57811701
0.8491787
0.65573293
0.32537787
0.8428618
0.15002516
0.20178768
0.21768256
0.94502707
0.27519759
0.57959829
0.98865322
0.8730657
0.66513613
0.71310434
0.4219889
0.55883114
0.64589026
0.60687193
0.00209116
0.74953581
0.66930321
0.42437628
0.92128811
0.78621829
0.17104796
0.37093902
0.1234412
0.30887451
0.10373899
0.07533629
0.37073319
0.48665763
0.71833785
0.89404063
0.71310387
0.08081764
0.44797831
0.02447958
0.75433845
0.93855745
0.27118548
0.28457638
0.29484092
0.24077171
0.04675292
0.68149559
0.62236527
0.47570658
0.20547051
0.88185412
0.54763238
0.62049275
0.74111123
0.8275936
0.82874736
0.81393667
0.51576523
0.29835761
0.04541639
0.78317456
0.10816756
0.53195807
0.36257554
0.58718164
0.16474586
0.55489046
0.05092064
0.85476587
0.35906504
0.61829586
0.21437653
0.2711493
0.62626
0.89959499
0.30342629
0.23440975
0.51785751
0.64296483
0.30791653
0.1128539
0.04190755
0.27561101
0.8637062
0.34254605
0.61291766
0.03272709
0.29761868
0.79550899
0.94440649
0.84879233
0.3430902
0.29120178
0.28387902
0.62407367
0.03167887
0.7946785
0.12936793
0.87973967
0.15248321
0.05084186
0.16396134
0.70692372
0.01514986
0.64355642
0.00715171
0.61232524
0.08966787
0.66872786
0.30307191
0.77789944
0.9632528
0.5383309
0.00967531
0.88668675
0.78366269
0.14453539
0.49020111
0.62488102
0.19917798
0.78204384
0.27710727
0.66885717
0.34187115
0.32475032
0.50606034
0.82869684
0.18247665
0.69378062
0.82433839
0.84531807
0.27448661
0.01500135
0.72545278
0.89598948
0.41564992
0.7881665
0.50725932
0.54456289
0.92897492
0.78257047
0.71355813
0.4715005
0.81073487
0.76566089
0.25012603
0.56817682
0.81345335
0.25481578
0.86286998
0.17575085
0.09121088
0.21434223
0.16194977
0.22276675
0.72111098
0.73667914
0.23288045
0.46140722
0.15564327
0.06050651
0.54906773
0.46872695
0.87015429
0.89920835
0.28556359
0.28862527
0.08214621
0.16014958
0.91320361
0.19838584
0.49428926
0.39970896
0.86585847
0.50330092
0.44716396
0.60845902
0.02184701
0.63050797
0.33651671
0.52462804
0.15203671
0.07436531
0.00123391
0.02602856
0.78583819
0.37912612
0.04921943
0.18168776
0.3513886
0.59261453
0.68083047
0.72670209
0.24288926
0.63399799
0.53308805
0.62730801
0.44938888
0.65968522
0.55498205
0.04384547
0.97762528
0.40551755
0.89898212
0.81812227
0.10411883
0.83835461
0.44752397
0.07192179
0.19291357
0.81960419
0.06056264
0.79719448
0.97638474
0.51680726
0.69380478
0.84525618
0.75803192
0.002265
0.47601145
0.89416104
0.6181138
0.89808632
0.34622668
0.84252993
0.93461655
0.66515526
0.69668589
0.88266219
0.8719905
0.89099809
0.38635645
0.07977784
0.44783228
0.43426278
0.64226364
0.79587194
0.73531142
0.49873635
0.53402892
0.84542004
0.22414899
0.39057448
0.39625172
0.24458117
0.1744596
0.00505218
0.69201523
0.13311356
0.4032037
0.29227006
0.76944852
0.78911881
0.62515878
0.48963019
0.8511895
0.25043894
0.59390014
0.71893184
0.12343571
0.28382901
0.54464239
0.23447152
0.19528676
0.82434505
0.48728058
0.30598536
0.37729697
0.7796405
0.46151569
0.36497624
0.41023222
0.00273883
0.73677835
0.04228418
0.10575979
0.45282054
0.19911008
0.41871313
0.89421418
0.24756822
0.55884874
0.13450184
0.07337796
0.06276568
0.48824714
0.70736574
0.86061443
0.17269009
0.47428999
0.9370084
0.06540462
0.38071903
0.20463041
0.3220001
0.91420161
0.42865986
0.90945973
0.85455336
0.52250232
0.87304782
0.7262256
0.69984246
0.71778106
0.42828479
0.48405542
0.92773487
0.27458534
0.98199627
0.16016712
0.97156086
0.37704843
0.94303606
0.39040275
0.93520305
0.6311097
0.97524582
0.00338363
0.22944745
0.45760309
0.51507819
0.80745372
0.61075107
0.98096675
0.43830271
0.23803763
0.1973493
0.77965789
0.39605751
0.93162089
0.10116406
0.96521928
0.80889587
0.20181215
0.19634035
0.07303668
0.81911768
0.1975609
0.89693319
0.34684257
0.75389406
0.23885796
0.4412655
0.03646975
0.52622494
0.41278855
0.73593611
0.80260201
0.41900874
0.88593907
0.96546915
0.01587534
0.21670297
0.77520121
0.48367398
0.34875771
0.76256123
0.86407939
0.18704345
0.09338459
0.13525967
0.21085026
0.69493184
0.13352978
0.34823307
0.49781956
0.79133218
0.95006313
0.72974208
0.90256914
0.74203487
0.56260576
0.54208321
0.07523492
0.74497478
0.28990034
0.76055691
0.49002369
0.50950683
0.32120191
0.15501772
0.07993055
0.30081938
0.62149464
0.21794851
0.40997295
0.16256215
0.55108141
0.30272153
0.77394741
0.06073383
0.67519072
0.62038724
0.76988153
0.106049
0.39571167
0.21229539
0.49019953
0.35151485
0.94702334
0.69079403
0.70867246
0.25521517
0.24986669
0.0504241
0.06880784
0.73522739
0.95668839
0.47480698
0.32359653
0.0661378
0.20754858
0.97589736
0.20543578
0.62438955
0.26267496
0.84817359
0.57003843
0.06364721
0.82433054
0.61496992
0.34127252
0.36024964
0.32949337
0.01588312
0.83069482
0.13614994
0.73644221
0.96517259
0.45661725
0.63016472
0.19126056
0.73823012
0.58825536
0.26859979
0.07913383
0.56226778
0.88382631
0.07807287
0.39707374
0.20134924
0.51319138
0.39450277
0.96811521
0.12348946
0.79349735
0.68261815
0.48186259
0.43726139
0.60927726
0.57751834
0.17445025
0.71458377
0.25522546
0.70414561
0.37119149
0.12921002
0.13128881
0.05243727
0.69075682
0.62883218
0.47415967
0.47701068
0.06141671
0.729158
0.78007978
0.1348684
0.19152371
0.35669417
0.59344275
0.54688806
0.76989458
0.95918403
0.67708966
0.5005087
0.5724818
0.63322177
0.11648335
0.11476448
0.22545481
0.56881236
0.50108249
0.62579629
0.92748607
0.1185395
0.44945805
0.95576964
0.50209129
0.48371662
0.66546235
0.12312274
0.28257156
0.54596788
0.85818427
0.07910113
0.56764193
0.2621504
0.68381922
0.33341275
0.27280926
0.12517517
0.86416456
0.02389261
0.14684014
0.70092197
0.890652
0.49653357
0.27872587
0.77968575
0.84347976
0.11528552
0.28410577
0.26130162
0.79263856
0.52639354
0.43203071
0.8945788
0.30454393
0.95507951
0.78188492
0.87137116
0.42489082
0.80894611
0.17199448
0.70031693
0.22922182
0.4904821
0.00538924
0.15945417
0.40401229
0.02592618
0.60563644
0.02855116
0.34350297
0.3276461
0.09878541
0.56308636
0.65999524
0.7656885
0.15712648
0.45130502
0.97414792
0.85068683
0.78515545
0.67068851
0.71515781
0.288577
0.51138322
0.89838107
0.97242901
0.76589438
0.83569396
0.53751194
0.64734793
0.93839192
0.7555456
0.20166111
0.50768276
0.1763884
0.09027199
0.03065714
0.96788412
0.68947827
0.75925575
0.87454757
0.45366288
0.59155643
0.55862778
0.25344785
0.17122496
0.31563364
0.55278206
0.41105392
0.01040284
0.59929808
0.03608066
0.34131323
0.35521763
0.34763578
0.24925316
0.61625384
0.28602879
0.03624632
0.05792358
0.70401508
0.10987534
0.36779917
0.86193757
0.18075144
0.77048345
0.18377478
0.93036698
0.15245496
0.56683262
0.25416858
0.86333562
0.9099933
0.34163368
0.64510078
0.44761641
0.04977641
0.06648519
0.34022221
0.70611686
0.71997133
0.56647977
0.75305785
0.5062135
0.39018709
0.13571335
0.24576805
0.91313287
0.86583011
0.38261006
0.26166632
0.75078123
0.70122663
0.04667539
0.13991446
0.65991571
0.53282939
0.23608575
0.60384191
0.74835474
0.01967616
0.260537
0.35342768
0.40262245
0.12058231
0.66262827
0.55450564
0.84366373
0.50025339
0.24805977
0.44539498
0.29126787
0.32754067
0.08679842
0.40122652
0.89797895
0.0509171
0.61394633
0.60498289
0.30043969
0.79833307
0.75759781
0.24868487
0.68815078
0.4543848
0.01572742
0.06339164
0.45957101
0.66327899
0.24597051
0.98942867
0.2858086
0.63592559
0.22922821
0.84778967
0.58085918
0.21300736
0.44242966
0.33783036
0.6589395
0.2683371
0.31315602
0.98708862
0.18263318
0.02135824
0.82093562
0.90083618
0.58238647
0.7810421
0.84405851
0.32260712
0.81832478
0.87536268
0.29743487
0.67544859
0.57864866
0.02581671
0.90998459
0.57015819
0.09365157
0.82479284
0.40125951
0.49942546
0.71839388
0.20566619
0.37095562
0.8604899
0.32685845
0.05439337
0.04996091
0.50595029
0.2546552
0.79965535
0.69869367
0.63645397
0.57462807
0.62812798
0.51871559
0.34998085
0.77187044
0.23612079
0.96292241
0.81511895
0.94207046
0.01395451
0.56533203
0.35544259
0.75181967
0.25295268
0.27541842
0.94694554
0.55466421
0.39971273
0.33775372
0.00451112
0.03225679
0.05043267
0.41572031
0.13931883
0.25640652
0.56252142
0.94059332
0.19712325
0.62681212
0.54213267
0.10763401
0.3203587
0.70626867
0.65909476
0.80902783
0.96824503
0.81559286
0.83014723
0.78915072
0.52471197
0.08693457
0.64034026
0.96828131
0.26439982
0.40260853
0.75877815
0.42177118
0.83576162
0.33235449
0.69929756
0.64885896
0.26277417
0.33365947
0.50619512
0.90103456
0.92305929
0.60139145
0.46640826
0.19261974
0.62416261
0.79682038
0.67193947
0.40503442
0.26104272
0.57973432
0.40144903
0.10509406
0.0104844
0.65907954
0.91874929
0.55941346
0.50975228
0.5465761
0.01844166
0.54642811
0.16885433
0.23692871
0.93323992
0.55681976
0.65974939
0.88480242
0.5820285
0.9614461
0.54695672
0.73354674
0.51209136
0.59159286
0.37752167
0.50369114
0.81584772
0.18808012
0.12858448
0.43701566
0.5973864
0.09834568
0.25128756
0.21029321
0.91544972
0.81483073
0.14025362
0.66677776
0.68518419
0.33333407
0.90411037
0.36053124
0.94462743
0.61058637
0.27567446
0.93264042
0.24420286
0.38998638
0.0531184
0.23879559
0.89206569
0.10286986
0.16634265
0.69136824
0.43477403
0.78109166
0.88646276
0.18301296
0.16217359
0.07753897
0.64448192
0.17222586
0.44962248
0.09740427
0.27835109
0.49357508
0.6380973
0.46347485
0.00314419
0.41452552
0.02874477
0.41892374
0.10127675
0.26279698
0.67346702
0.58367929
0.12329896
0.40849635
0.90559097
0.66415063
0.10810421
0.80157236
0.88320775
0.22070252
0.74264417
0.35643703
0.8607946
0.50734059
0.6694108
0.20836065
0.60297671
0.39067979
0.05014748
0.75200504
0.30291265
0.26253095
0.21382325
0.90830289
0.80532243
0.30006566
0.09160352
0.94502137
0.705705
0.61159806
0.44108491
0.67875766
0.3365149
0.79223331
0.92239878
0.85863918
0.90191304
0.59391907
0.82785171
0.9287213
0.09090735
0.14351771
0.55806034
0.93223213
0.04552795
0.88672378
0.47767496
0.3818969
0.63451672
0.18698165
0.48329294
0.44864163
0.53532536
0.59216805
0.0030983
0.14439382
0.55022529
0.62104682
0.29045572
0.70476149
0.89987584
