0.26060484
0.10707269
0.90449955
0.54690122
0.3560867
0.93363449
0.22108555
0.57877267
0.17125637
0.4004393
0.14525825
0.01540361
0.62611666
0.09862114
0.55477625
0.1661457
0.38496476
0.97807938
0.12450587
0.33787897
0.61794509
0.21409626
0.43300858
0.30283264
0.23151573
0.74001885
0.02530044
0.67255801
0.21961201
0.43737769
0.07504357
0.1988521
0.3657341
0.48201949
0.29870688
0.65361805
0.74253951
0.10122519
0.28567503
0.13740921
0.95506768
0.79040152
0.15934306
0.92416034
0.96089263
0.17226069
0.75215819
0.75418849
0.96950955
0.64044302
0.62078746
0.98400407
0.76163205
0.86809031
0.51553496
0.73638693
0.96962337
0.31899221
0.42794477
0.2168961
0.93419416
0.86246873
0.81396611
0.98693138
0.98473615
0.05778324
0.35186914
0.17378795
0.81880005
0.65769482
0.62905798
0.05141738
0.68141916
0.56503586
0.20241031
0.38048345
0.9087986
0.18838674
0.14902697
0.51832855
0.278852
0.95023366
0.21472836
0.7495741
0.52033115
0.13399225
0.13488992
0.36354423
0.5978028
0.61697295
0.81771115
0.93246922
0.37442204
0.94463364
0.6480502
0.88087845
0.7287166
0.13297695
0.17129993
0.52691243
0.98637499
0.39425111
0.86299121
0.24167762
0.26953813
0.57153481
0.80424103
0.68249917
0.75692799
0.35359022
0.25193676
0.32630406
0.13064548
0.01085475
0.98091658
0.61720058
0.9105782
0.40888347
0.86941703
0.95604388
0.20053355
0.66375717
0.93817372
0.30962819
0.35230585
0.00992209
0.25412672
0.63526092
0.01756518
0.14388279
0.04520123
0.45572499
0.06396922
0.76641215
0.31570034
0.53757941
0.74084025
0.34586704
0.11251787
0.75316355
0.62106879
0.61563566
0.75884153
0.78210093
0.17959489
0.36408913
0.71986562
0.81192868
0.02420268
0.34066807
0.73949108
0.73004962
0.69354575
0.42061473
0.75338581
0.2131308
0.8911204
0.00566857
0.90248813
0.57454226
0.27699091
0.48084936
0.02594516
0.20812227
0.22765323
0.81990699
0.23688328
0.52062737
0.43623141
0.1458583
0.2605546
0.47061728
0.10155615
0.67234629
0.39387639
0.95369896
0.82749423
0.22171321
0.39210703
0.6625035
0.05992922
0.0865773
0.14941549
0.78003191
0.60143739
0.01062803
0.91236291
0.36477849
0.6374511
0.90559098
0.02256485
0.2215157
0.76827353
0.64889895
0.49202738
0.40583226
0.50286875
0.42721019
0.07402584
0.03098033
0.80515163
0.82870592
0.8040613
0.7482997
0.19552628
0.65916848
0.77214625
0.23444281
0.23516166
0.71123372
0.6283641
0.57020538
0.09911343
0.60249733
0.33684111
0.87274747
0.98477688
0.79774585
0.98415292
0.03711663
0.58988705
0.3933198
0.67704988
0.24290645
0.76528161
0.00242075
0.29375315
0.92538025
0.31822001
0.75318618
0.42188027
0.79024604
0.10549637
0.04549902
0.90039888
0.54165051
0.02513347
0.8738875
0.71906287
0.7506538
0.77458147
0.6094911
0.20191197
0.90500938
0.1442569
0.92542175
0.35567113
0.13728438
0.78965264
0.06569758
0.52754571
0.70573446
0.95172107
0.09307473
0.73424213
0.36471747
0.41230368
0.40755675
0.36432139
0.88478854
0.73044021
0.86196705
0.40862542
0.79178765
0.37046262
0.8900915
0.53592361
0.30253211
0.75409874
0.26121963
0.3064041
0.1202646
0.62315048
0.20020296
0.13755292
0.58497902
0.19029326
0.1618043
0.897191
0.10050614
0.36826599
0.95915144
0.08234069
0.18771599
0.12227894
0.6101669
0.64913778
0.07145282
0.28499713
0.75473104
0.47450378
0.98732227
0.0321097
0.68197476
0.87817723
0.49640521
0.58695451
0.68351232
0.5426009
0.15159125
0.70311294
0.60878633
0.6078893
0.24050141
0.20710019
0.88719854
0.1461491
0.29086231
0.25294357
0.83801339
0.64355752
0.8369383
0.18656582
0.56347436
0.14615647
0.69463678
0.22841425
0.72320222
0.36306656
0.90430497
0.61932781
0.82144459
0.7724816
0.2944053
0.71842389
0.98784074
0.28202126
0.45549793
0.79228692
0.22877191
0.89829423
0.66029707
0.82204535
0.25796716
0.88860465
0.19334401
0.50455633
0.16792205
0.13467116
0.17258109
0.90634208
0.92350483
0.54095166
0.08739416
0.57055812
0.29093093
0.15757418
0.60262104
0.21190283
0.1506994
0.47045838
0.38278756
0.87985144
0.06608588
0.69953051
0.29803769
0.41915889
0.1141113
0.23615335
0.09131533
0.50522841
0.89169287
0.566716
0.60871227
0.29429981
0.4700724
0.35203305
0.798326
0.29177181
0.4456171
0.44335338
0.04276663
0.8017328
0.22428529
0.23273963
0.4912946
0.81385587
0.89581123
0.7416519
0.64594413
0.02631554
0.31381123
0.95623885
0.19501812
0.75494868
0.33920871
0.72725408
0.17506346
0.84997335
0.75979168
0.52738442
0.98499717
0.07483925
0.60803955
0.59017236
0.23029699
0.81082415
0.56824318
0.87939893
0.02408453
0.45600235
0.26075514
0.18480949
0.9298282
0.3191766
0.31659964
0.27777451
0.87764236
0.64008009
0.96711513
0.83699318
0.60461659
0.59607306
0.98359455
0.8434009
0.61059323
0.68787184
0.67516787
0.38422218
0.3936105
0.73316084
0.54881105
0.12170735
0.36244237
0.77704758
0.60259255
0.39033883
0.24250873
0.57035468
0.82472257
0.94046193
0.6215645
0.93778105
0.49689938
0.48941798
0.36141423
0.94441667
0.69471293
0.80555271
0.16113628
0.66562879
0.13221582
0.35595357
0.03531084
0.23330953
0.89415862
0.6658466
0.73350196
0.00857933
0.41659747
0.23418582
0.15787875
0.50682118
0.20925914
0.71524776
0.28761604
0.21239555
0.48466506
0.34295875
0.58659999
0.31428014
0.71576348
0.54156427
0.12472023
0.06073899
0.05229029
0.87797401
0.46186248
0.55210811
0.52620203
0.74255913
0.0011807
0.97495134
0.19213423
0.67524077
0.93666392
0.25500183
0.04076973
0.5180253
0.79242061
0.39855792
0.69973946
0.73709501
0.57646488
0.135084
0.73868912
0.74994765
0.38620354
0.80449132
0.17952327
0.79507692
0.24305188
0.13993981
0.51305503
0.29679328
0.36207978
0.50438414
0.44888659
0.97829158
0.07922273
0.71047881
0.30523776
0.92287475
0.80177972
0.77480109
0.29889738
0.66209475
0.4302605
0.63352358
0.06602399
0.82521193
0.85532234
0.41783518
0.32433463
0.29638967
0.81925695
0.06049021
0.90024039
0.09272681
0.14437886
0.83626744
0.92084838
0.86059223
0.36655008
0.10427287
0.68086018
0.09336771
0.25654317
0.43432761
0.91171448
0.2350587
0.06028349
0.42803164
0.76959992
0.95175415
0.86056044
0.2985129
0.24222312
0.60462378
0.56074171
0.13340698
0.63252037
0.32413784
0.71545906
0.46994571
0.66036676
0.22535142
0.91997443
0.74923282
0.6034379
0.28011863
0.13941479
0.85900239
0.14406353
0.06237041
0.71398453
0.95668971
0.53249052
0.87490053
0.90374919
0.02766822
0.24408891
0.9366756
0.7973974
0.14416498
0.6053418
0.12485544
0.24369824
0.73117076
0.17660743
0.29287429
0.34116297
0.05698152
0.24762095
0.03490175
0.89401608
0.19413715
0.22004369
0.7997162
0.22550913
0.48152293
0.28187235
0.87037976
0.69580565
0.79673718
0.48904143
0.88561368
0.31321832
0.03186229
0.45930068
0.47759762
0.30671415
0.24414941
0.66321038
0.34590308
0.74352777
0.50017026
0.93060481
0.47981523
0.45884454
0.62769813
0.4491644
0.67237774
0.17866792
0.82920131
0.7826849
0.46755939
0.67819559
0.17422133
0.19098908
0.03012223
0.70260435
0.1106146
0.0158035
0.90712285
0.04642809
0.89509319
0.24812724
0.60256693
0.70667628
0.27741977
0.3454675
0.58197457
0.12947652
0.1025496
0.59299255
0.28542944
0.52683285
0.18266981
0.03599548
0.78410057
0.67678878
0.12752713
0.64132734
0.98114372
0.82191547
0.58436617
0.7233735
0.66310877
0.76818507
0.83918146
0.80530793
0.94828624
0.40823712
0.94822955
0.17300469
0.41516905
0.23632956
0.98876282
0.4268691
0.15447377
0.25453983
0.23700375
0.01050149
0.68040697
0.94482258
0.07460437
0.47972456
0.77495498
0.82179584
0.63541675
0.83095616
0.53517622
0.30935105
0.17309731
0.67280642
0.23810681
0.57525856
0.3286635
0.01753094
0.82661656
0.53744772
0.82530199
0.8902395
0.69569856
0.46693066
0.58218502
0.59679761
0.23214158
0.32902235
0.90188707
0.52640415
0.56294709
0.54143589
0.51526038
0.75690419
0.2804738
0.44913568
0.16915681
0.13548803
0.28386068
0.86844196
0.66739922
0.89295581
0.91226031
0.76284159
0.31953865
0.44326988
0.23485527
0.96047797
0.82606117
0.83142599
0.7757517
0.00404966
0.54733835
0.66653107
0.50803881
0.37220858
0.17641946
0.75565633
0.88156016
0.04461553
0.49802279
0.26845476
0.17872863
0.74318542
0.6475081
0.83493337
0.44757759
0.62881344
0.22678512
0.37999335
0.70324898
0.33555184
0.3081062
0.16209297
0.15733119
0.26975944
0.87083691
0.40175426
0.25291756
0.35190557
0.35534567
0.70163247
0.93772841
0.1970436
0.4034538
0.84702168
0.51492863
0.63786182
0.42645181
0.68906342
0.27526178
0.35492711
0.32772445
0.8106967
0.31413393
0.89190205
0.56044185
0.5661858
0.11735166
0.17638655
0.96186315
0.28949841
0.46551274
0.09281392
0.56547421
0.02426022
0.51262936
0.33637078
0.9563856
0.57270437
0.06797085
0.78714699
0.25986437
0.2149498
0.14755876
0.36222949
0.94330593
0.53856355
0.68744462
0.22090243
0.59079535
0.79062883
0.58836475
0.69103955
0.54631381
0.85579872
0.12419839
0.71681556
0.87305127
0.45750705
0.12789069
0.74556887
0.34436198
0.985115
0.28155414
0.10244228
0.86271326
0.02400624
0.05494574
0.6416511
0.96845039
0.56567454
0.62414349
0.82235291
0.01490627
0.5203932
0.92287094
0.48126565
0.96757758
0.91847384
0.34019913
0.20770345
0.22973976
0.14630591
0.74549171
0.47781975
0.12028904
0.19392085
0.74411206
0.08972663
0.40024792
0.30209156
0.33933987
0.35434123
0.84245697
0.57287442
0.0325322
0.71201513
0.87347267
0.42141048
0.96132072
0.72269095
0.98524868
0.90813772
0.30759297
0.30831025
0.38695382
0.70464255
0.82464606
0.3969045
0.64636737
0.3822371
0.6308998
0.70237367
0.01265484
0.37883307
0.07552769
0.91193335
0.38519745
0.0430073
0.57036923
0.2171945
0.90506422
0.90296337
0.56361193
0.14692463
0.27393081
0.28273373
0.04370795
0.57653569
0.27598308
0.37446822
0.40677721
0.49931218
0.5494598
0.45166257
0.61426769
0.88020298
0.31837352
0.58807018
0.13074519
0.866337
0.27675725
0.3230569
0.55141273
0.44552383
0.54096268
0.43623655
0.91793861
0.55769877
0.48345098
0.03126502
0.67058967
0.34443994
0.28413595
0.08892002
0.37664814
0.90244007
0.64368825
0.59680294
0.95086781
0.44954579
0.17257415
0.22797101
0.42967577
0.31027058
0.37640448
0.64970616
0.12633173
0.98795126
0.89443936
0.40133261
0.37307568
0.79476982
0.80030931
0.80914702
0.55394993
0.65468378
0.62141574
0.93763402
0.75587168
0.97641171
0.93156835
0.73303815
0.23685999
0.81945879
0.53424207
0.41580471
0.31765106
0.71670036
0.8009517
0.56524426
0.54791189
0.0357733
0.96393666
0.37376952
0.83291059
0.31586642
0.78192227
0.76433221
0.86032264
0.63961594
0.909094
0.54628563
0.85993306
0.85839762
0.31377854
0.93989305
0.71196187
0.86913803
0.7121346
0.33127773
0.58476103
0.43461919
0.22248243
0.85769574
0.8046861
0.76226369
0.65079534
0.34443315
0.3888452
0.6326452
0.43053116
0.5381863
0.19772994
0.77606562
0.96064533
0.74826222
0.77574748
0.59195641
0.51457965
0.20821107
0.67460085
0.86227822
0.07278536
0.4805622
0.10894511
0.41651947
0.94624373
0.86893677
0.72648846
0.30009335
0.11345454
0.39783446
0.06983983
0.64196152
0.18160736
0.09886458
0.40016515
0.96226064
0.71674687
0.17313202
0.81451729
0.02127771
0.17957315
0.11393757
0.76681558
0.31255579
0.81507952
0.13502838
0.03613467
0.64035696
0.58766679
0.98355835
0.28748554
0.90567007
0.77105085
0.50955737
0.94082739
0.70466546
0.50194401
0.37930392
0.3752447
0.87807854
0.20662972
0.07945582
0.90336997
0.83546604
0.65825443
0.05753333
0.75001094
0.5337677
0.57649224
0.3247241
0.42530107
0.79337542
0.14916902
0.51854694
0.48206334
0.90984714
0.27346588
0.17827268
0.73774907
0.97247032
0.67351636
0.10465999
0.97873885
0.96212473
0.41245062
0.94985422
0.73263259
0.8797526
0.7873591
0.50883661
0.82183491
0.13384729
0.62885312
0.17238952
0.74439285
0.62782296
0.38038495
0.98034255
0.7196882
0.78766007
0.91007413
0.16528973
0.80848208
0.46247154
0.98370272
0.80550072
0.86195511
0.33664467
0.96106471
0.73349662
0.66629071
0.97410752
0.52427606
0.48680303
0.12950724
0.90676768
0.60346424
0.69936928
0.52013097
0.12332824
0.98797278
0.55859537
0.07068587
0.01429383
0.87407858
0.83560761
0.64303975
0.13568621
0.31233481
0.40914058
0.8923777
0.32004779
0.94564897
0.89721662
0.30996095
0.58440566
0.0053593
0.33354845
0.93920632
0.09906668
0.23560762
0.92906245
0.55200323
0.93295418
0.94195123
0.50669593
0.26877969
0.63353855
0.16450505
0.57750885
0.72426453
0.51978837
0.54476731
0.25024478
0.87264643
0.26778364
0.5919268
0.21235109
0.72897861
0.70380554
0.32213264
0.44295588
0.89041342
0.72311467
0.90097555
0.49143051
0.65556592
0.07806298
0.5995387
0.77059343
0.82081506
0.76449846
0.54340561
0.04011051
0.77760074
0.98302247
0.2383657
0.22054159
0.34874988
0.7270219
0.06882986
0.86490436
0.61731053
0.19802957
0.50963059
0.13561508
0.60987405
0.00265579
0.49105995
0.36293928
0.18465367
0.62879619
0.37377457
0.00352196
0.08416706
0.96995593
0.06654455
0.84841443
0.43738835
0.44982013
0.82713376
0.54067294
0.22444735
0.32502701
0.9404251
0.17613298
0.06688125
0.48804514
0.2188486
0.40088444
0.38405322
0.11947531
0.1809116
0.44057808
0.82449017
0.8151564
0.72570109
0.30872537
0.52322176
0.86649005
0.58443675
0.75907171
0.22025774
0.89396349
0.85767798
0.06233399
0.8182453
0.34685201
0.0939397
0.88393325
0.98165034
0.46682679
0.33525084
0.58608777
0.04852606
0.32082113
0.44037481
0.1731607
0.21671202
0.41293592
0.42282975
0.20174417
0.64372169
0.73366009
0.56511123
0.5128461
0.74272979
0.60846263
0.56423221
0.50551837
0.96512916
0.56751183
0.9707376
0.55961604
0.5544754
0.45346417
0.04517432
0.39378404
0.39393483
0.71637889
0.06138157
0.89363678
0.55683023
0.44647479
0.60466908
0.76395679
0.38448013
0.88279095
0.35436228
0.93567487
0.70173333
0.23829248
0.57347145
0.73579596
0.37505097
0.24140771
0.20881112
0.67605387
0.93648924
0.44011782
0.58434587
0.44703842
0.41208924
0.20818114
0.85983554
0.32900915
0.93233369
0.05087427
0.83664189
0.15124864
0.02407988
0.36005541
0.86607965
0.62014706
0.32441341
0.35624098
0.27205004
0.17153209
0.09748506
0.64972315
0.59919752
0.14474133
0.08314912
0.32771863
0.01315992
0.18100135
0.25765086
0.66254002
0.78597438
0.69521389
0.98289918
0.5361719
0.37672178
0.32205064
0.11584601
0.0356163
0.63215805
0.46560121
0.9227184
0.329439
0.18567422
0.88143883
0.8333341
0.56960274
0.65022884
0.37335652
0.33181105
0.65851817
0.27877916
0.09408305
0.25415008
0.7631446
0.71544447
0.5213753
0.25499527
0.4481471
0.85757402
0.33191694
0.15738362
0.85688908
0.72557206
0.15181441
0.79218675
0.4578465
0.5510939
0.23846986
0.38881597
0.21247272
0.79136233
0.80450867
0.71042824
0.14111173
0.93540846
0.11727151
0.67542764
0.29996015
0.31298561
0.17326936
0.96453702
0.91038006
0.13979998
0.60319154
0.24926631
0.33650342
0.91813838
0.96138396
0.08388729
0.0994207
0.04036286
0.74330302
0.67911207
0.67298633
0.78627825
0.31543403
0.62532248
0.78565126
0.76864212
0.89071219
0.22110251
0.56214582
0.3699358
0.43213172
0.53153205
0.49597114
0.20638745
0.26699734
0.65047295
0.81567495
0.16806977
0.85378513
0.26757753
0.34536008
0.71810485
0.24903781
0.19901062
0.16510685
0.46305949
0.24870866
0.65066136
0.5948397
0.84445707
0.81189203
0.06980456
0.17192057
0.77549402
0.51051664
0.06287848
0.70197362
0.73595251
0.39066346
0.27731991
0.34765891
0.29115604
0.44022517
0.0846953
0.57663425
0.08789972
0.83968766
0.23848263
0.87440498
0.82429542
0.15679619
0.73332294
0.50621457
0.37810667
0.97387937
0.78979544
0.70761297
0.56225239
0.56087511
0.82037776
0.57406237
0.86566353
0.35304816
0.22248288
0.40386803
0.09294956
0.51542638
0.30673271
0.09224836
0.32350969
0.79910314
0.91071088
0.06771773
0.34759172
0.18681788
0.89742602
0.30982616
0.04701496
0.14067677
0.41224992
0.33354338
0.67381796
0.8354486
0.94338439
0.31410497
0.72216494
0.76964818
0.42493322
0.4785077
0.93979229
0.12918147
0.18290815
0.74137942
0.09400546
0.84842776
0.49960637
0.02550003
0.2472008
0.81539785
0.83118677
0.17979
0.5196838
0.63588366
0.09973908
0.61307003
0.92267899
0.60457657
0.08641435
0.89358413
0.07488806
0.75928327
0.13936207
0.06624811
0.10499788
0.56365901
0.51515588
0.70868359
0.15785157
0.154914
0.6473963
0.03569514
0.58528475
0.31277709
0.28918332
0.21119486
0.95778665
0.71612499
0.57994558
0.12386969
0.00332559
0.05169535
0.12181858
0.61001453
0.44795489
0.33075868
0.66942422
0.18146513
0.28041654
0.21492116
0.84250305
0.64425239
0.59139794
0.53507643
0.38656123
0.51951178
0.67043323
0.21254747
0.37527338
0.65333494
0.26868545
0.95478775
0.87658366
0.25422407
0.03795233
0.63513989
0.1891786
0.73460768
0.30523758
0.7079683
0.22064801
0.60475262
0.12374268
0.24567516
0.31193935
0.03614327
0.8312482
0.85732994
0.40700887
0.72980763
0.22757914
0.59803306
0.19917918
0.34479352
0.24505799
0.93265886
0.81612924
0.31272738
0.82126762
0.40781982
0.62758125
0.71416383
0.69188498
0.57746706
0.60646876
0.00752693
0.83512306
0.72192832
0.1424491
0.57504765
0.50729717
0.47716383
0.24131871
0.36999283
0.94386018
0.45647105
0.29116174
0.81909882
0.97010939
0.47928912
0.4278965
0.25652457
0.07861259
0.51404174
0.48823907
0.92758477
0.61641573
0.82998829
0.16291872
0.11690728
0.80756484
0.87232924
0.23807206
0.75194931
0.59803433
0.93176164
0.80516908
0.48061019
0.76078818
0.75287176
0.91866995
0.51477806
0.05506514
0.68759423
0.10061762
0.30185533
0.93665597
0.96750072
0.48265735
0.1820409
0.36230628
0.80868143
0.39893643
0.83585415
0.66295762
0.54254999
0.3167437
0.26490438
0.77018635
0.05566235
0.89147811
0.2490638
0.27538067
0.31467674
0.17631221
0.91692905
0.54234858
0.05252716
0.39002277
0.88464542
0.05892454
0.69071118
0.57167085
0.55023214
0.00339067
0.97337705
0.09511121
0.06431423
0.94391949
0.6612191
0.78717709
0.69161509
0.27655674
0.81118939
0.81921355
0.90365721
0.96557924
0.22516554
0.50137216
0.58517308
0.23966135
0.88004156
0.07878538
0.97066725
0.87858987
0.32906443
0.35015759
0.31636921
0.46190975
0.47066955
0.7072659
0.7232047
0.76298438
0.42959417
0.95256368
0.12632692
0.11622415
0.85388226
0.03708454
0.44513027
0.88934075
0.05572135
0.54526897
0.66633826
0.95331244
0.32400416
0.56188919
0.2993727
0.46679872
0.08864092
0.58634411
0.26456424
0.96660062
0.8644546
0.31740917
0.61312152
0.51691765
0.049315
0.8271602
0.15136931
0.60603749
0.64160817
0.58890508
0.38475408
0.09029422
0.7571123
0.5069466
0.69166861
0.55880258
0.1610763
0.45021417
0.74794055
0.90679937
0.83508832
0.72632513
0.343595
0.63060528
0.73553746
0.60138857
0.93442144
0.10398756
0.71556175
0.36237555
0.14766429
0.83008395
0.71444532
0.69216338
0.13031417
0.36253805
0.62365866
0.38957777
0.30817519
0.19593297
0.63900867
0.56334144
0.7587012
0.1133411
0.71319154
0.10027897
0.0147071
0.45108716
0.61197932
0.20767636
0.57424123
0.84732463
0.61943989
0.57423915
0.09229219
0.20510226
0.93755195
0.69548962
0.90609225
0.15989823
0.89237811
0.65917698
0.27158619
0.18090468
0.27826698
0.70921984
0.95756473
0.05731829
0.07288881
0.24449457
0.97458469
0.10943333
0.52091916
0.53169871
0.49181632
0.89952576
0.79036977
0.43636035
0.1408814
0.95963979
0.11270087
0.56625738
0.32463079
0.64112529
0.82803704
0.79799951
0.60227708
0.79107894
0.40445774
0.0562363
0.75782466
0.62453358
0.39786356
0.29740391
0.8849206
0.80732149
0.90824366
0.95763169
0.10551879
0.41919782
0.59891554
0.42253751
0.06500349
0.92523543
0.73111292
0.51660852
0.10866069
0.84692056
0.0847699
0.87614668
0.25952626
0.18356851
0.86641603
0.41825878
0.16246359
0.56216082
0.56114586
0.80299587
0.65506536
0.90850757
0.76445331
0.08548028
0.28385494
0.77181762
0.55515054
0.32324975
0.58802481
0.72921432
0.49237797
0.05601679
0.52638349
0.90538725
0.57707741
0.0135421
0.21719022
0.91010493
0.32223529
0.69280174
0.48774476
0.43472533
0.42640831
0.76070259
0.63960822
0.18518545
0.10856598
0.60683098
0.23391796
0.02709897
0.268381
0.93094073
0.67146989
0.06253129
0.2370483
0.90943877
0.40241957
0.94904539
0.46825877
0.96908492
0.34463568
0.08663385
0.47929173
0.73810774
0.47296471
0.54221736
0.24883512
0.8978898
0.66561097
0.38278395
0.34679895
0.93246065
0.56088706
0.48202472
0.58707766
0.03689469
0.24232685
0.50234539
0.0135238
0.07415085
0.37811011
0.70392909
0.73846651
0.21107006
0.89246675
0.8161083
0.65850631
0.22061276
0.88552498
0.20629165
0.11005707
0.9389023
0.8340093
0.87702925
0.86023174
0.85070564
0.05763082
0.83702904
0.71990602
0.94751562
0.38392287
0.50545821
0.16628325
0.11517744
0.6961295
0.92848069
0.08317759
0.07352451
0.80611509
0.55391898
0.38741874
0.64528363
0.06295094
0.57084152
0.63319607
0.65215514
0.30838239
0.45002848
0.73196168
0.687503
0.55660024
0.03529821
0.81800941
0.6481923
0.80205524
0.50288915
0.09634639
0.72143646
0.78491168
0.66981042
0.87517455
0.61459263
0.44092737
0.84350441
0.55439448
0.11693566
0.00939618
0.43967012
0.47081862
0.26138112
0.65073411
0.06530029
0.23007652
0.64366522
0.0200787
0.67486185
0.83165331
0.83400946
0.82695803
0.81590973
0.25216112
0.34537051
0.79233537
0.28633901
0.79140006
0.04266392
0.01112237
0.96853383
0.52616194
0.24551472
0.50596163
0.95455308
0.3290845
0.02196665
0.73755421
0.79509792
0.83399921
0.9172372
0.01604283
0.31570001
0.7044208
0.06299655
0.03279208
0.83334832
0.85758802
0.05899119
0.7388808
0.91444442
0.41822884
0.59774665
0.82109061
0.70865563
0.67459863
0.96239351
0.49243606
0.22017817
0.50018589
0.90697046
0.91710756
0.11545101
0.63453556
0.6216091
0.11543871
0.57765405
0.0625323
0.81753661
0.78041349
0.9458168
0.8444485
0.36493338
0.67388164
0.02345089
0.16199314
0.83747294
0.1048636
0.04892333
0.09664807
0.84173384
0.46425842
0.52585846
0.69329314
0.16920335
0.67577823
0.27634016
0.81857703
0.96425016
0.84607086
0.65583577
0.52375108
0.58685927
0.40991772
0.51544739
0.7995788
0.19055263
0.11976462
0.73594777
0.30948331
0.08596774
0.94382107
0.56177047
0.75559099
0.70930873
0.12579295
0.10268463
0.3618369
0.21278502
0.70631681
0.98089721
0.81323604
0.9652791
0.60603613
0.94123979
0.4367403
0.72764223
0.13289902
0.28444594
0.3597749
0.62100443
0.44165781
0.08058807
0.11957426
0.53692605
0.6186051
0.48687309
0.26553887
0.07038368
0.10098639
0.39410054
0.83838122
0.71311996
0.76112469
0.09387922
0.77998083
0.60618612
0.62161031
0.34245723
0.7732311
0.22212106
0.01947744
0.79509431
0.06646113
0.04543453
0.23634571
0.88328022
0.25286004
0.64073151
0.25546463
0.31356777
0.06665129
0.94232291
0.06599373
0.73046998
0.71559691
0.09420645
0.58882114
0.91309269
0.66552108
0.43894398
0.71863206
0.33607344
0.87481233
0.48554482
0.87572189
0.62086857
0.9228623
0.46773544
0.05755555
0.77014054
0.74925757
0.19222643
0.61462158
0.3464616
0.28902583
0.24305372
0.60662078
0.09535936
0.34945887
0.2344739
0.3897839
0.63918524
0.33611641
0.12957076
0.32165533
0.69224144
0.75277426
0.43793276
0.9141587
0.85892409
0.92705836
0.01398355
0.96958285
0.91398933
0.6625559
0.75441577
0.78955276
0.05448526
0.07223326
0.82594199
0.84463806
0.38365071
0.77514603
0.08775108
0.90490141
0.6496702
0.44085125
0.27382696
0.28669473
0.37703129
0.38430022
0.86957178
0.96522733
0.70188424
0.13629443
0.4589826
0.3207602
0.56449427
0.0634699
0.9473908
0.05127969
0.7887493
0.84042709
0.2548018
0.48375058
0.5006592
0.11497763
0.92584966
0.73036541
0.25919512
0.47589708
0.92948828
0.73015024
0.57294498
0.55878415
0.00034633
0.70211899
0.11219208
0.61108594
0.61314684
0.4341976
0.02669028
0.76403459
0.54985889
0.37034013
0.78580673
0.96048405
0.3040954
0.1675846
0.34810741
0.71072392
0.28840563
0.62617873
0.12980209
0.65546009
0.31253611
0.07766254
0.91957846
0.3631853
0.57450705
0.10280523
0.23463642
0.73041595
0.01617885
0.42041379
0.4818034
0.0792929
0.65105545
0.59503409
0.57213939
0.94454125
0.83978738
0.68698081
0.33674762
0.20146014
0.74393285
0.12821095
0.24202941
0.3264219
0.76503347
0.03351611
0.54099722
0.14737858
0.80013607
0.20328849
0.18316643
0.90027833
0.67040331
0.02865306
0.55888714
0.17850825
0.31016242
0.76552243
0.77356521
0.65992543
0.54315351
0.81272519
0.31330512
0.50228278
0.64540058
0.21960407
0.05687114
0.63155978
0.39755651
0.8712205
0.79848861
0.13863637
0.86280722
0.66756839
0.06257992
0.93182061
0.91011732
0.69848558
0.5768717
0.71239731
0.68768525
0.51214364
0.26191618
0.86863442
0.55103433
0.94538318
0.1980976
0.02459786
0.44472732
0.52287038
0.05450998
0.76753825
0.31736642
0.59831785
0.54629742
0.35056714
0.02209979
0.22270998
0.24892827
0.75728549
0.50641813
0.34143491
0.83406913
0.28687232
0.22617706
0.14916339
0.98745543
0.2216439
0.01441422
0.16340954
0.17532332
0.12277363
0.77708179
0.42495774
0.86023424
0.05258246
0.72172924
0.7544529
0.65718387
0.35929805
0.337295
0.46125247
0.29286427
0.74030591
0.43682306
0.64884077
0.06310782
0.18659067
0.56452492
0.65184947
0.70847223
0.33177982
0.91258244
0.21582788
0.42628766
0.08566328
0.88303037
0.14750761
0.918369
0.64158102
0.83109611
0.5898814
0.71020276
0.98919424
0.28887675
0.46883035
0.13050933
0.57854271
0.52709725
0.55652506
0.42114002
0.87617036
0.47737384
0.21979683
0.66450119
0.91579626
0.83774192
0.32149426
0.02007613
0.43826731
0.83972856
0.34360956
0.66937589
0.71447427
0.18611408
0.8627952
0.17963339
0.36768093
0.28264751
0.97587761
0.41511234
0.53461015
0.12142106
0.70707559
0.12965797
0.83893523
0.02651103
0.51632215
0.32451751
0.00124732
0.76066084
0.36251418
0.14121588
0.40050108
0.98970283
0.24707935
0.2978269
0.15881148
0.39345066
0.62787471
0.0167892
0.26210018
0.29023583
0.91691345
0.60957698
0.27433944
0.40288237
0.96312312
0.93733838
0.77151595
0.60613484
0.9514247
0.90477225
0.76959131
0.0794859
0.56513047
0.45837414
0.28013079
0.7520581
0.28985645
0.58948369
0.85332499
0.9350865
0.20561831
0.70472175
0.42422311
0.63708876
0.64866882
0.26455231
0.4440403
0.41675575
0.49361747
0.80502778
0.48691096
0.09054762
0.21344759
0.0945457
0.64243146
0.58316204
0.68977175
0.89959661
0.2120663
0.7183506
0.27084896
0.06667354
0.87236472
0.72646045
0.05533979
0.79715273
0.24928893
0.2544398
0.4309448
0.87233637
0.69059067
0.16380293
0.17319354
0.31004141
0.33815135
0.64361026
0.13207528
0.84844319
0.35372501
0.61907938
0.77586799
0.03602259
0.66732566
0.93035566
0.42877035
0.89290058
0.50639297
0.31311768
0.36047262
0.30407902
0.78569843
0.54111814
0.03648646
0.30617063
0.49544573
0.26340883
0.7542853
0.65091702
0.73070219
0.43706093
0.07605947
0.3282572
0.56772104
0.0635982
0.41760544
0.9621095
0.44439119
0.446857
0.8701561
0.80543134
0.7374381
0.87106616
0.36508147
0.86199937
0.25480609
0.6863492
0.34566805
0.11706805
0.76342897
0.81001566
0.96032256
0.85058157
0.15444078
0.71389369
0.0105531
0.92041919
0.81814701
0.4306731
0.25587348
0.48927791
0.01816173
0.47576906
0.73110394
0.29794914
0.82883088
0.08643288
0.07397527
0.17083452
0.79280222
0.6161688
0.33813962
0.90299879
0.40541046
0.22470293
0.40567645
0.03632154
0.73008581
0.8658517
0.9426678
0.43447348
0.83732113
0.75340719
0.0589408
0.08333501
0.08712042
0.70993086
0.64386768
0.98619153
0.54266985
0.46416376
0.33555424
0.58700542
0.04764639
0.73946579
0.12669531
0.07927516
0.71807857
0.14623925
0.65885864
0.87546307
0.55989193
0.71038148
0.26582458
0.2280659
0.03361949
0.87672557
0.68691133
0.94707165
0.36426043
0.15452166
0.6207864
0.51515193
0.65272107
0.69502859
0.63838975
0.50718543
0.85622936
0.86568967
0.21281954
0.17272594
0.03082451
0.20223558
0.25598258
0.77968227
0.93435378
0.3184337
0.39948409
0.79571642
0.35112807
0.48746183
0.29810181
0.54124713
0.77338187
0.85812063
0.37584905
0.94375664
0.36771413
0.2306816
0.5322926
0.91543394
0.84243227
0.55932223
0.3007688
0.50376598
0.8167844
0.93972254
0.91739738
0.65273588
0.18483377
0.13368088
0.89912189
0.53247687
0.55451567
0.6157116
0.27103
0.71729995
0.73604989
0.06182654
0.27304855
0.14438745
0.56492901
0.51878587
0.13141869
0.22499087
0.55339944
0.42435113
0.10204961
0.89403515
0.06332617
0.18177547
0.13108658
0.42653584
0.18273499
0.05843064
0.96225808
0.21812166
0.78590901
0.44024427
0.71835163
0.08812176
0.06664385
0.62113948
0.23836894
0.49355348
0.73892131
0.13096201
0.94783304
0.75492183
0.09191388
0.17050294
0.23391309
0.69289973
0.36303833
0.6019356
0.22794112
0.77906612
0.49096666
0.89832362
0.9802988
0.25591631
0.12202967
0.47174551
0.30512333
0.88508297
0.15451126
0.32521909
0.70791204
0.48423646
0.13009001
0.70835692
0.1393424
0.16892649
0.06791699
0.01090819
0.5611247
0.30726031
0.71968644
0.53516896
0.94054323
0.61416639
0.95060707
0.13657543
0.48309608
0.86164591
0.33596728
0.92171511
0.98861191
0.02032109
0.72120757
0.63018728
0.85920681
0.18761175
0.45030621
0.50760733
0.3985234
0.83385126
0.31409166
0.52862571
0.71200747
0.41257376
0.56739891
0.43993985
0.5709948
0.4065934
0.93089042
0.76998779
0.93062077
0.58253741
0.05697506
0.50899594
0.53783446
0.33556587
0.15130847
0.0332183
0.53442279
0.60318104
0.12914963
0.38711329
0.95719764
0.20805735
0.24563393
0.31905928
0.69879435
0.92343456
0.62554798
0.06232596
0.10537664
0.51373874
0.08262063
0.92568079
0.1363845
0.9621121
0.61219335
0.05819434
0.57354617
0.83428699
0.66648285
0.58413937
0.03042659
0.62184102
0.13078651
0.64409807
0.60650339
0.682742
0.18822999
0.35472927
0.76099388
0.86811552
0.31962332
0.62303743
0.44821855
0.14727781
0.73884756
0.96340721
0.48684109
0.01340746
0.01092208
0.32836311
0.28984028
0.44244817
0.36858771
0.52587615
0.0960182
0.06100899
0.59944336
0.62461324
0.34899995
0.37739707
0.03348427
0.64135795
0.2184502
0.43795685
0.25042995
0.91892688
0.71599656
0.82147703
0.38832436
0.84659271
0.0612541
0.07949001
0.63524946
0.54715885
0.46771071
0.63112228
0.75217162
0.38813728
0.47995148
0.35354771
0.64027131
0.86524479
0.16600804
0.71465021
0.29857525
0.38878041
0.09362185
0.4213324
0.9449938
0.12914084
0.82120654
0.30076659
0.96002834
0.54537019
0.14779091
0.87493536
0.75414906
0.02487903
0.39142624
0.02094206
0.92270631
0.76238876
0.38791401
0.87160978
0.19968516
0.83171827
0.22485867
0.33490199
0.52902311
0.43043793
0.3155302
0.0628395
0.75770011
0.75477127
0.95060902
0.22529255
0.04967654
0.48206857
0.91834924
0.14735521
0.00354564
0.43243062
0.82389784
0.20978637
0.50226471
0.84246612
0.36840375
0.42664957
0.45254068
0.34453979
0.24797992
0.44132419
0.48927489
0.39615326
0.82887429
0.63152618
0.10493954
0.91542515
0.0288015
0.10311396
0.61665452
0.85268885
0.64117798
0.04396494
0.75318999
0.29702967
0.28668533
0.07883044
0.93968317
0.19876287
0.39435674
0.91817609
0.27592726
0.33017039
0.66857289
0.51322139
0.34478745
0.87900575
0.95915464
0.65535864
0.96797088
0.13968252
0.49034418
0.26531237
0.65142514
0.68903314
0.96524888
0.62623191
0.56181417
0.38063914
0.74172786
0.51931669
0.45253214
0.5902527
0.17748008
0.64281536
0.79469243
0.3544765
0.21738166
0.27117801
0.86055547
0.91508837
0.43355323
0.40799661
0.05498811
0.61893973
0.76806426
0.17159129
0.26632057
0.90045607
0.69261285
0.85527374
0.89778238
0.33807536
0.88158481
0.58530523
0.93868427
0.9465934
0.51180885
0.22314072
0.57962615
0.67146517
0.14158954
0.41249055
0.51430488
0.50185198
0.87503339
0.55781438
0.61676712
0.52820577
0.1241112
0.34882
0.48461948
0.22019934
0.23905116
0.92581441
0.71368112
0.12959988
0.17421101
0.53806538
0.74797502
0.93211463
0.76330604
0.62395035
0.24235821
0.51041356
0.69297037
0.49128109
0.49853859
0.15305361
0.06440609
0.40706781
0.98147848
0.02305374
0.18242884
0.65019365
0.17712692
0.85898511
0.7581657
0.24588275
0.23475546
0.18690557
0.44290424
0.50341406
0.57911577
0.09247273
0.4814549
0.81149015
0.41506962
0.86039407
0.16914124
0.49234739
0.93060233
0.25253368
0.70888283
0.39293882
0.13479951
0.75467951
0.83544323
0.51215557
0.3633359
0.26184184
0.84432068
0.68755266
0.98126029
0.44768721
0.37940993
0.63617591
0.92953914
0.79327181
0.03077016
0.26397705
0.18620713
0.34987533
0.97752493
0.98340091
0.22785294
0.96616621
0.13795986
0.86294748
0.69582396
0.94161995
0.12833526
0.75993618
0.90979571
0.98911218
0.51633417
0.07048691
0.74282181
0.95336192
0.02463612
0.47002244
0.90482989
0.83336456
0.37100653
0.98642734
0.97048597
0.43959308
0.38608309
0.61245796
0.14956363
0.6860221
0.54309339
0.09976399
0.38496048
0.23771484
0.94144208
0.98020147
0.48807242
0.66037868
0.89878597
0.02870783
0.50303657
0.65174336
0.95498275
0.90028546
0.0471613
0.85809766
0.95580675
0.82317767
0.56959895
0.48554679
0.02520087
0.5054926
0.90204582
0.9158945
0.29397296
0.20705057
0.69763946
0.90550226
0.73550871
0.06754045
0.70379487
0.61425051
0.48789317
0.50007108
0.27820341
0.50685395
0.24762477
0.03891208
0.07033719
0.91879657
0.44737509
0.10523219
0.95128731
0.01389979
0.61343952
0.08164199
0.01308899
0.88964476
0.95139093
0.83335408
0.87823354
0.82764664
0.30810265
0.04654239
0.09046786
0.61603816
0.96803348
0.27516418
0.71275055
0.92263147
0.11761524
0.84578412
0.13539697
0.16768501
0.16592519
0.85332341
0.02388303
0.05714425
0.93921203
0.06783475
0.12163584
0.42902548
0.97061149
0.83056494
0.35773835
0.04504496
0.98582496
0.79600077
0.29837289
0.23864497
0.20098248
0.44703167
0.16791287
0.22348778
0.81815537
0.52685787
0.47247867
0.04580931
0.04055877
0.67500387
0.10422923
0.47117262
0.64217093
0.32610127
0.38040029
0.31127108
0.69359734
0.38315253
0.5826384
0.24968728
0.13399134
0.27192104
0.08607177
0.21950882
0.06903788
0.55281823
0.80248495
0.74426178
0.44677034
0.13348986
0.07349158
0.25783142
0.87143744
0.93616614
0.42940079
0.86128632
0.84209434
0.6588245
0.07535898
0.82376927
0.13484322
0.3378869
0.26107899
0.85489917
0.33554941
0.81038916
0.0905692
0.30171206
0.6221522
0.74825656
0.65623618
0.97400143
0.5070227
0.48966973
0.56915151
0.04906614
0.42927994
0.84722058
0.3504397
0.69870716
0.62044042
0.50567301
0.26233598
0.15748898
0.22351507
0.13344469
0.77847934
0.16072691
0.40896913
0.56543668
0.14495925
0.54472185
0.59960261
0.53879765
0.24795742
0.16470345
0.47144047
0.81517225
0.0482827
0.58611904
0.57952286
0.50194974
0.05788187
0.04081526
0.49609624
0.88022986
0.10243672
0.74485587
0.39429506
0.5258174
0.20689619
0.84464653
0.03874476
0.0868872
0.5292628
0.64587008
0.28770543
0.26883366
0.02913447
0.00094636
0.25834757
0.22126395
0.76935607
0.72909884
0.40748353
0.85906873
0.78925392
0.69578435
0.31566473
0.39856011
0.28102106
0.30271945
0.60394024
0.23890348
0.22854549
0.62656841
0.9567415
0.84524136
0.1141736
0.22963321
0.249655
0.13636621
0.62092337
0.0067171
0.49284789
0.09131982
0.84079504
0.14040568
0.20924582
0.19672914
0.35588408
0.5718481
0.48216142
0.30579416
0.33808056
0.67595177
0.11703333
0.09690217
0.93401421
0.72802385
0.2256432
0.90966663
0.42889632
0.47699665
0.82780872
0.14664239
0.97314153
0.302374
0.04057099
0.06120845
0.89913473
0.10889235
0.37926417
0.14933484
0.79047956
0.45343076
0.70690694
0.01141922
0.62135335
0.97515651
0.51674859
0.9677464
0.29613898
0.62267434
0.49031885
0.18559063
0.10966267
0.54597335
0.69536688
0.33851584
0.70409084
0.06159789
0.36300688
0.08862412
0.464442
0.79100857
0.28277859
0.31667675
0.91003579
0.25854872
0.64666309
0.52103259
0.57729271
0.4087114
0.59055966
0.64118065
0.59322246
0.31576912
0.92715898
0.66409482
0.56792326
0.10979194
0.47599502
0.63873184
0.51765408
0.40885587
0.70729486
0.91627612
0.69844243
0.35225564
0.10022181
0.25870232
0.31498169
0.84859301
0.50127501
0.18093835
0.62590151
0.61052417
0.51385263
0.43200005
0.30774867
0.28026787
0.90726593
0.06082297
0.16178784
0.20474569
0.55841955
0.12864653
0.44211282
0.50436134
0.79133134
0.64620061
0.58559532
0.41206237
0.00277968
0.14766567
0.25598744
0.39154247
0.77435325
0.84434458
0.30684731
0.89244937
0.17742795
0.62926547
0.41276364
0.55638009
0.68384913
0.17460166
0.10092368
0.178215
0.64949576
0.89721882
0.27187403
0.36508236
0.80275155
0.47763888
0.73010485
0.08330602
0.4286891
0.36104153
0.05333512
0.87725773
0.13105788
0.65841838
0.58589987
0.21888266
0.25719414
0.35723542
0.52761482
0.25493076
0.37377215
0.30235563
0.57402261
0.14619885
0.63982687
0.0493805
0.20371859
0.37138026
0.45203969
0.5326487
0.02937332
0.68813138
0.18784464
0.01368825
0.56160128
0.14805609
0.03453542
0.22413126
0.41566428
0.40854228
0.77162022
0.4531884
0.33329407
0.04233951
0.06183535
0.33343815
0.08119614
0.90573771
0.18714001
0.76815255
0.18419631
0.77410191
0.2285984
0.55070975
0.30221113
0.08698967
0.75095212
0.6394121
0.42049781
0.7948953
0.21520539
0.20229987
0.3482604
0.09575628
0.63245505
0.52261178
0.0006864
0.85546679
0.05264006
0.89105393
0.89526502
0.85662509
0.4354116
0.11997545
0.45496905
0.24906014
0.90690391
0.50010456
0.50987093
0.76498031
0.16887868
0.23315167
0.49258045
0.55844611
0.40202426
0.91862474
0.6914793
0.74109229
0.01548499
0.77255625
0.03045767
0.57067212
0.74391237
0.12211557
0.98453879
0.29779567
0.12692402
0.54629294
0.96735699
0.85012901
0.06144376
0.14668044
0.11247349
0.32660021
0.77453243
0.31699315
0.54417379
0.68418377
0.91196288
0.17039329
0.44499883
0.38739198
0.79522065
0.23200571
0.94449189
0.93296239
0.89676672
0.89624476
0.6684601
0.29391024
0.13410608
0.82696686
0.3645314
0.30203496
0.79135387
0.09864694
0.56561983
0.39784431
0.87396806
0.72470835
0.75035069
0.46290412
0.53884425
0.0748354
0.48318043
0.42349163
0.91960991
0.42902053
0.08729496
0.71375536
0.25464135
0.95913402
0.32243886
0.60097135
0.3206814
0.30011337
0.68442585
0.90288175
0.55189795
0.28621146
0.02681719
0.43261713
0.67129214
0.66258275
0.30560393
0.74175895
0.52664698
0.94212349
0.30621579
0.77846536
0.68022929
0.04356329
0.90186078
0.59140249
0.10379443
0.18118706
0.79510111
0.51964876
0.90038726
0.63185356
0.14264005
0.83661328
0.82593238
0.90628127
0.77732602
0.93116739
0.34502842
0.22817855
0.61880026
0.20059517
0.35860722
0.29195843
0.53331613
0.32794662
0.08406699
0.03287009
0.74477562
0.37299301
0.09056832
0.41732952
0.19217199
0.17331031
0.37296646
0.20645673
0.1408611
0.8827348
0.24655701
0.39426111
0.79463995
0.39685799
0.44468291
0.17675237
0.21666719
0.39731383
0.0466369
0.04901836
0.7922549
0.41452684
0.93924078
0.52921338
0.88805466
0.62605958
0.69642946
0.67579328
0.59497159
0.95990643
0.38909134
0.49087215
0.07543925
0.03547471
0.25627731
0.21753856
0.94908783
0.7551618
0.35854213
0.36709555
0.12823263
0.47874126
0.18742116
0.08848497
0.48123235
0.27533388
0.94153231
0.70458085
0.88220205
0.98709007
0.61853366
0.49413335
0.49266051
0.59631276
0.38895529
0.33657107
0.74541736
0.14823162
0.98932883
0.01195879
0.95311733
0.37859858
0.51888878
0.4900246
0.04944855
0.52369915
0.70033158
0.83556776
0.57637021
0.20962223
0.24792271
0.67705129
0.53931038
0.64831192
0.68674579
0.21108371
0.2144807
0.24123033
0.13685212
0.83804691
0.61960692
0.04370289
0.89032049
0.01441592
0.07742351
0.21943448
0.57893698
0.10436427
0.14348144
0.97828944
0.69683005
0.02679673
0.63647547
0.46879354
0.96811509
0.30477427
0.67103699
0.48549361
0.5251311
0.59459063
0.07493497
0.45918749
0.74238215
0.13504688
0.96450836
0.18802773
0.26787083
0.4056295
0.50271259
0.62252685
0.88044669
0.06725293
0.9754136
0.78102814
0.82662123
0.66315689
0.36308202
0.75911632
0.85567703
0.12382528
0.9185277
0.06468425
0.02785974
0.08572106
0.14996317
0.51102471
0.79188076
0.3351316
0.86330028
0.27302768
0.48946982
0.67790332
0.69802809
0.04137741
0.32351827
0.13919135
0.51219761
0.148567
0.14881881
0.15988937
0.46786529
0.8785674
0.20437173
0.02994148
0.11319847
0.6312726
0.2448857
0.21689784
0.55463286
0.71702274
0.54392218
0.00601516
0.69424367
0.51480898
0.32403564
0.08528953
0.92582777
0.1704246
0.17519451
0.17677174
0.37075072
0.12252846
0.19108727
0.02634596
0.07300036
0.47751618
0.74064241
0.39691908
0.02014741
0.48040346
0.34601764
0.92203738
0.93763355
0.88074286
0.3140306
0.70763357
0.77572908
0.65225191
0.58325025
0.48574317
0.45633246
0.27871965
0.23839667
0.28935856
0.70770801
0.71504059
0.51024824
0.54704024
0.70682627
0.42261215
0.89073873
0.0748251
0.29610665
0.04631004
0.04392288
0.93676784
0.64015848
0.27238346
0.00644443
0.50158401
0.4923867
0.49370182
0.52835775
0.02163246
0.73047323
0.6218246
0.67021773
0.63428327
0.55141845
0.84390044
0.25183155
0.00672307
0.68182626
0.52386516
0.90521752
0.73687901
0.1095124
0.33620115
0.86857921
0.33932682
0.22634166
0.51525772
0.67656271
0.6232507
0.68818306
0.91116649
0.08054084
0.69742988
0.13679823
0.57312438
0.28181591
0.2281566
0.84094608
0.33235317
0.98829171
0.00424028
0.5146513
0.53419639
0.16063532
0.71636863
0.19182634
0.69636926
0.68255654
0.84324613
0.00627288
0.17984274
0.8443653
0.82655069
0.43394767
0.92959918
0.89167119
0.20491609
0.79325374
0.79738993
0.66165805
0.14919401
0.74071424
0.48566755
0.54943218
0.61414339
0.60217285
0.63464551
0.44915873
0.18319178
0.24047497
0.42777975
0.00518183
0.56083675
0.57709342
0.23348536
0.01666193
0.50385548
0.73131208
0.50749266
0.6468445
0.39516324
0.87271595
0.47527838
0.22202598
0.65172099
0.24652828
0.20619883
0.15989982
0.0017384
0.6313505
0.87430939
0.68554917
0.94438342
0.75347249
0.97774675
0.663768
0.57611524
0.63876119
0.26064192
0.15983941
0.69885968
0.13047813
0.32190134
0.9340222
0.42255758
0.42451797
0.59886804
0.2618648
0.70562615
0.52097166
0.19783042
0.84394033
0.57302697
0.75605102
0.93200403
0.10933444
0.40177741
0.62224573
0.72339573
0.65438924
0.173366
0.06445966
0.59629291
0.16247789
0.77082247
0.08252181
0.00652268
0.78783134
0.39184718
0.72736018
0.54238218
0.20781741
0.05386367
0.79371691
0.11615476
0.72593849
0.85074714
0.56682067
0.50776575
0.39507118
0.25456455
0.15723553
0.82321794
0.23834551
0.48560028
0.23649106
0.54597255
0.47754444
0.57795861
0.28110237
0.49583722
0.27420783
0.76681308
0.11318682
0.2823928
0.75769556
0.07669074
0.24893816
0.34902686
0.047339
0.7403839
0.00871222
0.02421331
0.07889091
0.04012573
0.10686785
0.53462409
0.6726524
0.74584289
0.84009853
0.76445687
0.75637223
0.19123505
0.85569551
0.71955877
0.09664346
0.79840451
0.07197487
0.20912457
0.42989033
0.54622941
0.55280921
0.19778565
0.31425992
0.20490305
0.63391226
0.7591722
0.20635262
0.57615749
0.05412896
0.10702097
0.2135553
0.91036987
0.15119803
0.1314459
0.06990325
0.68475299
0.7098905
0.19679037
0.21835303
0.02452479
0.56342406
0.54683735
0.62958632
0.4487893
0.56661907
0.61769865
0.70705498
0.97302792
0.73519886
0.97657953
0.40368958
0.01197038
0.44330531
0.51391448
0.83950668
0.77634286
0.44866269
0.18033822
0.92373553
0.35377965
0.38207766
0.24098333
0.13649238
0.48670428
0.33059559
0.66894719
0.94811932
0.02503932
0.3543112
0.26951845
0.92347187
0.39360417
0.78123081
0.54542727
0.3076622
0.95187977
0.87250458
0.72353081
0.36166474
0.87990645
0.70129815
0.86126351
0.30267739
0.24885013
0.43011274
0.65784086
0.39466619
0.92730787
0.47357372
0.18277754
0.33902262
0.48966167
0.44530867
0.74053271
0.72539565
0.3713881
0.27599164
0.22132236
0.08866316
0.70901909
0.68618612
0.72976266
0.67629646
0.67748802
0.67276075
0.29540055
0.55800672
0.02271349
0.78901544
0.458748
0.0783572
0.92491166
0.58924181
0.5733182
0.3365685
0.65616159
0.27672488
0.5982193
0.24943538
0.06778673
0.08051924
0.7460253
0.14756181
0.86947611
0.82645924
0.26004018
0.89198325
0.98947862
0.32830338
0.84183292
0.44632259
0.03113305
0.0358193
0.4784419
0.46312976
0.22920629
0.68546763
0.92542154
0.97895539
0.05819119
0.20173174
0.00233623
0.38067999
0.12388369
0.76185153
0.51679914
0.74660638
0.24743617
0.15897903
0.64609988
0.51539528
0.64987474
0.25156884
0.06953177
0.85828288
0.57318239
0.38422433
0.26923831
0.88024664
0.36897776
0.43197475
0.90325578
0.10913764
0.86721543
0.09685112
0.17412498
0.87607579
0.76772134
0.27393162
0.54767693
0.3368866
0.50102361
0.49825611
0.89759246
0.9107739
0.48774059
0.46048963
0.86882625
0.23687694
0.48608061
0.19037782
0.80067245
0.94944758
0.17076401
0.13899272
0.32206264
0.07542387
0.43798523
0.93310246
0.12046149
0.82771582
0.582501
0.38278646
0.78305184
0.73340357
0.21520823
0.77997871
0.8926819
0.11855654
0.42697622
0.21998354
0.16512114
0.79466919
0.76365593
0.76422165
0.711981
0.70465218
0.88830678
0.65490113
0.44441724
0.7701727
0.07671839
0.50776496
0.28327813
0.72461971
0.60001781
0.45330296
0.98767373
0.75400502
0.82232251
0.6584642
0.00992981
0.3298652
0.92820094
0.05993926
0.877975
0.36304489
0.52469089
0.1378428
0.85165531
0.5635326
0.7914857
0.33144266
0.6048442
0.49310311
0.13366445
0.87972248
0.25479913
0.97195316
0.78364154
0.349216
0.49608003
0.31182168
0.33283312
0.7938746
0.3658359
0.20030536
0.63576617
0.06412187
0.01475985
0.29452217
0.65148193
0.29381141
0.6741388
0.2053206
0.75439859
0.91375641
0.46561833
0.68195559
0.09406589
0.93293503
0.03273802
0.3319826
0.525449
0.66014931
0.00900417
0.97170047
0.97987583
0.17404847
0.80873466
0.11009014
0.60576809
0.91191769
0.45623465
0.56329112
0.87405499
0.85467284
0.18561847
0.65269834
0.15490626
0.5080207
0.37643018
0.58459678
0.25574431
0.69200252
0.57028609
0.19850128
0.08838067
0.82927767
0.08313034
0.00989572
0.49893703
0.59068355
0.80332916
0.52296884
0.84927995
0.0549153
0.22695324
0.60585494
0.17286503
0.61801782
0.23417784
0.29186565
0.02485765
0.41725098
0.79792116
0.39591682
0.13202999
0.62276449
0.17023263
0.12503653
0.84271493
0.40663788
0.28084207
0.37597369
0.25669045
0.15473633
0.33914048
0.43092197
0.33245084
0.77541196
0.9247246
0.94779406
0.61009514
0.57962924
0.1709449
0.36604763
0.57138684
0.76425758
0.10698168
0.64254182
0.04699633
0.04229596
0.86236595
0.45442681
0.08886514
0.11990933
0.05720273
0.55666315
0.82448559
0.69372428
0.47708717
0.34918477
0.06267819
0.97326442
0.58710521
0.10695979
0.61650135
0.28153895
0.14393078
0.82323772
0.32243633
0.93025024
0.3300169
0.69342075
0.10237421
0.12944643
0.66628619
0.97014582
0.2855315
0.37921881
0.59655971
0.5461245
0.62282295
0.77153855
0.52787096
0.4019677
0.30998235
0.15382494
0.79607495
0.30920021
0.75917909
0.87610377
0.36722393
0.71355099
0.82662745
0.26406139
0.09198071
0.56916412
0.57833227
0.00579833
0.92232667
0.24546457
0.2797612
0.04244971
0.05654943
0.88671013
0.60191195
0.11320141
0.20870892
0.01042772
0.83605777
0.35099068
0.86857552
0.7305208
0.61473957
0.94528424
0.04417002
0.78784665
0.58903125
0.12812614
0.6699113
0.26653596
0.91325935
0.87236268
0.05796377
0.66741457
0.39136526
0.50332294
0.06935612
0.55879062
0.95258321
0.5699824
0.6512725
0.72634587
0.25395752
0.407351
0.05213797
0.88026137
0.56117373
0.63075356
0.59683864
0.82283539
0.24839652
0.33420842
0.22516215
0.09334916
0.21153019
0.55872129
0.93632446
0.58561116
0.2524233
0.4529997
0.78791102
0.40349693
0.54997881
0.9408529
0.61668474
0.2152808
0.18583602
0.94595677
0.2660063
0.17025701
0.3218337
0.81821805
0.35818603
0.6888894
0.21430364
0.62768765
0.48262864
0.29481111
0.77597593
0.19379074
0.69308902
0.36734106
0.5763074
0.97295326
0.03668923
0.35635206
0.56533558
0.73277169
0.71615367
0.93634126
0.34054637
0.84685905
0.49463003
0.89802258
0.6209567
0.92725483
0.24233048
0.11538842
0.35489133
0.47909334
0.1880975
0.94887667
0.8103486
0.58155988
0.21527709
0.27889383
0.88860764
0.15764416
0.4048441
0.80277842
0.60135287
0.68859392
0.64671377
0.71822467
0.43949912
0.95728591
0.27570085
0.19737571
0.91222395
0.14422705
0.61933926
0.23173553
0.30919977
0.83057032
0.52680548
0.18941883
0.08844297
0.04603048
0.92729977
0.33122508
0.69785195
0.04533548
0.95014682
0.82252843
0.18843606
0.35313801
0.31855171
0.75216676
0.2963158
0.49237327
0.43476806
0.6653773
0.60259033
0.10748646
0.63212151
0.81776095
0.77308316
0.64708137
0.12673124
0.94584745
0.14266985
0.52426708
0.95116415
0.88416557
0.23028492
0.90826701
0.86415805
0.77346893
0.42549724
0.22418806
0.15369492
0.49377898
0.30792235
0.69605049
0.86704105
0.76312599
0.54344253
0.42921933
0.44846713
0.67418459
0.1403113
0.88533006
0.91571922
0.2856413
0.06528279
0.53630825
0.93715099
0.87481396
0.3516403
0.57985859
0.83704981
0.14247574
0.70405048
0.55292304
0.78044841
0.75894842
0.456887
0.54239558
0.74966024
0.06557885
0.1140996
0.9780014
0.23713805
0.46808904
0.19293188
0.40191335
0.36121238
0.73645779
0.89843616
0.6374281
0.34126734
0.01316818
0.05157365
0.14537253
0.43867149
0.00707472
0.25554403
0.63756374
0.20805715
0.48227101
0.28604356
0.07188276
0.32951864
0.624125
0.44713825
0.59026796
0.26544669
0.26561001
0.560951
0.23946894
0.30329191
0.04491602
0.57744907
0.78632552
0.58518464
0.19649348
0.54419878
0.92319539
0.37109529
0.88401678
0.07759821
0.23985932
0.94341992
0.95504416
0.79231729
0.08732886
0.90621563
0.83743525
0.81722932
0.8485619
0.97027583
0.25297456
0.95171959
0.34528409
0.21885259
0.13021561
0.56785229
0.04372429
0.57812341
0.30464278
0.96578892
0.1417372
0.14182628
0.91147959
0.16142131
0.74548769
0.2506685
0.32066056
0.7596627
0.33475851
0.13978031
0.28188439
0.65598865
0.72023427
0.70859131
0.42151087
0.4661877
0.32709321
0.22915498
0.89365089
0.3771268
0.17747884
0.58864116
0.12854914
0.80171253
0.48312015
0.1800099
0.61456822
0.53090907
0.61877008
0.17888333
0.35451743
0.6283061
0.245883
0.41164955
0.51539936
0.62833808
0.00328316
0.81965375
0.80296015
0.53998896
0.93199367
0.40904512
0.43222558
0.6338105
0.95688768
0.18387071
0.20526062
0.05832774
0.69946369
0.83015019
0.29815064
0.57754015
0.36025953
0.16601974
0.63405425
0.63642172
0.30140955
0.78435197
0.11137938
0.49323159
0.97703514
0.66170045
0.17858246
0.49355446
0.95835074
0.18964033
0.84505582
0.19419242
0.95521397
0.72406615
0.58746025
0.74382392
0.25420093
0.22204878
0.29280094
0.8203417
0.37727432
0.01931791
0.45518806
0.11073569
0.02166536
0.59313311
0.21527522
0.89083939
0.71145472
0.05042817
0.11205934
0.81498253
0.56228517
0.329505
0.52964999
0.28214211
0.83682785
0.17969523
0.55506966
0.44254613
0.70341027
0.202206
0.09344312
0.51537233
0.63970564
0.30836954
0.92047752
0.10280441
0.79125911
0.96765637
0.14839787
0.54806243
0.2689789
0.52057675
0.90365168
0.40263768
0.20467037
0.54093663
0.45711398
0.80288693
0.23476939
0.9317525
0.92822428
0.88230482
0.44989558
0.7803049
0.43373195
0.12932876
0.5492396
0.83534817
0.0984164
0.12748602
0.4991108
0.85596889
0.34919774
0.12338103
0.97842961
0.17733434
0.50989745
0.95804433
0.17101546
0.73429707
0.32131827
0.47165216
0.42089328
0.2261454
0.10341869
0.27383708
0.31874351
0.04960297
0.33479271
0.98181036
0.35757867
0.6173114
0.6380886
0.16875907
0.47759711
0.61829089
0.22581226
0.33588233
0.01979887
0.29137126
0.61793232
0.36490665
0.90299437
0.3366583
0.74057549
0.47642859
0.09704751
0.69257038
0.0056538
0.52441653
0.25081473
0.97712693
0.74661337
0.83588884
0.20902918
0.10513674
0.03136131
0.51362867
0.70102853
0.10252362
0.97390048
0.88413602
0.58923805
0.65423162
0.11675896
0.37089624
0.01296561
0.4509451
0.9369654
0.60683738
0.31641437
0.84005025
0.85492813
0.45418381
0.30926397
0.39832363
0.6861345
0.31327172
0.11323718
0.05136314
0.75987918
0.62049816
0.62009633
0.57456829
0.97419358
0.92253355
0.66211533
0.22087146
0.32921276
0.61964685
0.57412359
0.41371976
0.6475243
0.06213011
0.53283983
0.60531905
0.77120021
0.91097533
0.49837276
0.25252981
0.23702098
0.4493304
0.00295412
0.3708861
0.02622698
0.46788378
0.75109912
0.81032713
0.01963659
0.49471215
0.42846881
0.36512367
0.78669125
0.7376998
0.02817696
0.08278794
0.39659643
0.4842086
0.54584198
0.19078256
0.53368972
0.16083815
0.39101748
0.91823654
0.29974182
0.76483987
0.43589449
0.04756459
0.6161924
0.27448783
0.72119212
0.43860989
0.49798717
