3807
64683
23584
66392
33605
2991
54366
17783
89160
57350
43597
55116
47268
52692
47772
37424
70416
6080
67475
36999
44854
35752
69858
24156
62255
4418
222
90875
76247
52673
86379
11359
67358
14124
79021
44685
7084
50149
80702
78536
22534
4119
68161
27194
1269
84969
84043
91967
83266
56165
72640
26704
66130
73620
61815
3444
76080
65026
70037
18065
82538
45630
74387
67599
62820
87096
3341
76401
34945
74151
72813
72989
81812
44339
13765
28064
4874
84832
29949
60254
46044
64033
17903
24054
23609
97808
97733
82190
12907
48485
94329
8610
58430
99316
43701
21908
33807
51753
74248
78134
44660
6136
44979
48399
1320
89216
14905
93964
59618
67649
359
80699
96795
39909
42217
42221
74729
98455
9353
44256
30580
30203
12531
53936
25551
50486
60815
78892
64251
84360
69167
12395
89182
29087
10249
62961
61510
18154
83415
56055
22733
66825
3554
32981
69160
11629
44228
25228
21638
36067
43601
43265
67595
79737
5670
22965
76419
8252
46387
41024
84892
45057
67779
89046
41192
1915
96861
36659
17288
85797
43705
56518
6432
26284
53515
69257
46926
77677
97093
9479
33877
96224
84465
97226
66833
40852
65279
76203
76950
58306
10308
9534
74296
93125
10235
84983
62739
75830
6377
40618
