76688
83498
12418
59655
8027
28887
44347
4296
58785
97365
94722
59647
41188
79026
92484
91034
350
68815
71912
18999
50553
98147
68720
28474
32243
62927
14463
58104
57213
59991
77425
53525
72426
99577
12855
50195
12644
77102
14179
49416
22793
99767
43094
97862
88263
39357
44873
32193
80116
86218
48826
79932
96350
69143
70441
40852
96529
38977
64391
13165
63172
62550
17958
8241
82947
27458
84042
65612
11086
1468
12625
83453
47868
7240
22974
52412
81511
54655
62613
22725
82116
95597
41174
34097
88562
50471
69617
86738
40372
65695
56981
38472
28095
9628
14270
95580
96719
58957
3365
58216
